-119.336999976 34.1500010364 0.701875252326
-119.289458115 34.1283572771 0.731946171113
-119.241939758 34.1066940424 0.738352742811
-119.194444913 34.0850113761 0.679478785887
-119.146973585 34.063309322 0.432140395197
-119.099525778 34.041587924 0.0102866019671
-119.052101499 34.019847226 -0.333845750031
-119.004700752 33.9980872718 -0.548942518818
-118.957323543 33.9763081053 -0.675142819252
-118.909969877 33.9545097704 -0.74033837521
-118.86263942 33.9326923162 -0.756250171476
-118.815332853 33.9108557762 -0.730104149647
-118.768049843 33.8890001996 -0.674293182556
-118.720790395 33.8671256304 -0.600741218491
-118.673554511 33.8452321126 -0.51859772041
-118.626342198 33.8233196901 -0.441222017149
-118.579153458 33.801388407 -0.389493637602
-118.531988297 33.7794383072 -0.385940735778
-118.484846717 33.7574694348 -0.444878533272
-118.437728722 33.7354818338 -0.54928929386
-118.390634316 33.7134755483 -0.551032092882
-118.343563503 33.6914506223 -0.378713994624
-118.296516285 33.6694071 -0.180042074024
-118.24949233 33.6473450287 0.0248021865771
-118.202492314 33.6252644457 0.183458716481
-118.155515903 33.6031653985 0.27744695531
-118.1085631 33.5810479314 0.305632408211
-118.061633908 33.5589120884 0.268932339542
-118.01472833 33.5367579137 0.172552719672
-117.967846367 33.5145854513 0.0365801024228
-117.920988023 33.4923947456 -0.101168957114
-117.8741533 33.4701858406 -0.207985498855
-117.827342199 33.4479587805 -0.277848947622
-117.780554724 33.4257136095 -0.323855012766
-117.733790875 33.4034503717 -0.362984620573
-117.687050655 33.3811691115 -0.408179087712
-117.640334066 33.358869873 -0.464759834566
-117.593641108 33.3365527004 -0.53067423721
-117.546971785 33.314217638 -0.600990882385
-117.500326096 33.2918647299 -0.668137692886
-119.310966774 34.1895354099 0.747820364654
-119.263408189 34.1678823141 0.7958571531
-119.215873173 34.1462097316 0.833218879433
-119.168361732 34.1245177061 0.84210221358
-119.120873871 34.1028062817 0.496958315125
-119.073409595 34.0810755023 -0.159832689179
-119.02596891 34.0593254116 -0.496293223552
-118.978551822 34.0375560537 -0.669823652461
-118.931158334 34.0157674726 -0.758654199318
-118.883788453 33.9939597122 -0.797438585682
-118.836441844 33.9721328215 -0.786720056073
-118.789119188 33.9502868343 -0.726592006581
-118.741820153 33.9284217997 -0.639566704979
-118.694544742 33.9065377619 -0.536148279385
-118.64729296 33.8846347647 -0.416214905022
-118.600064768 33.8627105985 -0.292641337856
-118.552860257 33.8407698149 -0.197308158294
-118.505679386 33.8188102042 -0.164343251267
-118.458522159 33.7968318106 -0.216380128916
-118.411388581 33.774834678 -0.384842389805
-118.364278655 33.7528188505 -0.372627510391
-118.317192384 33.7307843724 -0.0943627721434
-118.270129771 33.7087312878 0.0772353150475
-118.223090483 33.686659644 0.301366747465
-118.176075197 33.6645694785 0.444940554839
-118.129083578 33.6424608389 0.51609188519
-118.08211563 33.6203337694 0.517543819099
-118.035171355 33.5981883141 0.444841594621
-117.988250756 33.5760245173 0.292561231929
-117.941353835 33.5538424231 0.0841704153206
-117.894480595 33.5316420757 -0.10749691819
-117.847631038 33.5094235195 -0.228179393675
-117.800805165 33.4871867986 -0.288992472758
-117.75400298 33.4649319572 -0.321199284854
-117.707224483 33.4426590396 -0.351598314184
-117.660469677 33.4203680901 -0.398091857673
-117.613738564 33.3980591529 -0.465304031628
-117.567031144 33.3757322724 -0.545785034159
-117.520347419 33.3533874927 -0.63076829008
-117.473687391 33.3310248582 -0.707725580387
-119.284909948 34.229062758 0.770444235301
-119.237334634 34.2074003001 0.82123104839
-119.189782954 34.1857183442 0.856769571971
-119.142254913 34.1640169341 0.811151146056
-119.094750515 34.1422961138 0.356614141882
-119.047269766 34.1205559273 -0.323145277225
-118.999812672 34.0987964186 -0.641337090099
-118.952379238 34.0770176317 -0.75368053085
-118.904969468 34.0552196105 -0.79738761835
-118.857583368 34.0334023991 -0.820255531132
-118.810220604 34.0115660465 -0.786554443468
-118.762881857 33.9897105866 -0.683292757941
-118.715566793 33.9678360688 -0.576637301242
-118.668275416 33.9459425369 -0.454897275182
-118.621007732 33.9240300352 -0.292114810212
-118.573763743 33.9020986076 -0.100645813713
-118.526543455 33.8801482985 0.0626714162198
-118.47934687 33.8581791518 0.151539098445
-118.432173992 33.8361912116 0.181128455987
-118.385024826 33.8141845223 0.247848065218
-118.337899375 33.7921591279 0.622735456888
-118.290797641 33.7701150725 0.489538890069
-118.243719629 33.7480524005 0.521704906577
-118.196665003 33.7259711592 0.645650501012
-118.149634443 33.7038713862 0.736313639722
-118.102627612 33.6817531292 0.769488331951
-118.055644515 33.6596164323 0.741766224854
-118.008685154 33.6374613397 0.636707541961
-117.96174953 33.6152878958 0.416901552404
-117.914837647 33.5930961448 0.0948290351559
-117.867949508 33.570886131 -0.163430537782
-117.821085113 33.5486578986 -0.27264107467
-117.774244465 33.526411492 -0.309989960257
-117.727427567 33.5041469553 -0.320634968628
-117.680634419 33.4818643331 -0.340213183789
-117.633865024 33.4595636695 -0.392254694494
-117.587119383 33.4372450088 -0.477822424435
-117.540397498 33.4149083955 -0.591083352752
-117.49369937 33.3925538738 -0.693793570363
-117.447025 33.3701814881 -0.765504077445
-119.258829555 34.2685875614 0.771421207852
-119.211237506 34.246915716 0.811341645385
-119.163669155 34.2252243613 0.827715985211
-119.116124506 34.2035135412 0.745500316366
-119.068603565 34.1817832997 0.31238826306
-119.021106337 34.1600336808 -0.35857792538
-118.973632828 34.1382647287 -0.717958986471
-118.926183041 34.1164764873 -0.736904251106
-118.878756983 34.0946690007 -0.742199733217
-118.831354658 34.072842313 -0.7667840776
-118.783975733 34.0509964733 -0.705311554302
-118.736620888 34.0291315156 -0.56316379431
-118.68928979 34.0072474891 -0.488007195161
-118.641982443 33.985344438 -0.377823004235
-118.594698851 33.9634224064 -0.167911675924
-118.547439018 33.9414814386 0.128430778104
-118.500202948 33.9195215785 0.381816356745
-118.452990646 33.8975428705 0.517290187671
-118.405802113 33.8755453588 0.62117697046
-118.358637356 33.8535290875 0.847828294515
-118.311496375 33.8314941009 1.05032612804
-118.264379176 33.8094404432 0.931954529758
-118.217285761 33.7873681587 0.928503659085
-118.170215796 33.7652772948 0.969485396914
-118.123169958 33.7431678892 1.00590683505
-118.076147913 33.7210399896 0.998789447271
-118.029149664 33.6988936402 0.945908862563
-117.982175213 33.6767288854 0.829124086863
-117.935224563 33.6545457694 0.542221504236
-117.888297716 33.6323443366 0.0577024514511
-117.841394674 33.6101246313 -0.254832543606
-117.79451544 33.5878866978 -0.317503032756
-117.747660015 33.5656305805 -0.339869800098
-117.700828402 33.5433563238 -0.328073540077
-117.654020602 33.5210639719 -0.343540932747
-117.607236616 33.4987535693 -0.407335384387
-117.560476447 33.4764251603 -0.516663929858
-117.513740095 33.4540787894 -0.677708035052
-117.467027562 33.4317145009 -0.784467839135
-117.42033885 33.4093323392 -0.834305592385
-119.23272541 34.3081052896 0.761736419914
-119.185116623 34.2864240311 0.83536866078
-119.137531596 34.264723252 0.855298130982
-119.089970336 34.2430029963 0.719993694936
-119.042432848 34.221263308 0.321585860076
-118.994919136 34.1995042312 -0.216428990422
-118.947429207 34.1777258102 -0.516085235038
-118.899963065 34.1559280888 -0.58203285261
-118.852520715 34.1341111114 -0.553490787075
-118.805102162 34.112274922 -0.456010590377
-118.757707072 34.0904195696 -0.344285466064
-118.710336127 34.0685450886 -0.353426593591
-118.662988991 34.0466515282 -0.398831405721
-118.61566567 34.0247389324 -0.344469657393
-118.568366168 34.0028073457 -0.0922693857838
-118.521090488 33.9808568121 0.389339380782
-118.473838635 33.9588873759 0.736985624841
-118.426610612 33.9368990813 0.839455619955
-118.379406423 33.9148919727 0.901759964238
-118.332226072 33.8928660942 1.02063557266
-118.285069561 33.8708214902 1.06289460629
-118.237936894 33.8487582049 1.07847938404
-118.190828074 33.8266762826 1.15151162951
-118.143742767 33.8045757709 1.17496141517
-118.09668165 33.7824567076 1.17343678653
-118.04964439 33.7603191403 1.1417187303
-118.002630987 33.7381631134 1.05990113713
-117.955641446 33.7159886712 0.902862160461
-117.908675768 33.693795858 0.578484177078
-117.861733956 33.6715847184 0.140114137424
-117.814816012 33.6493552966 -0.181215644783
-117.767921937 33.627107637 -0.358336727286
-117.721051735 33.604841784 -0.400268095151
-117.674205406 33.5825577822 -0.395924028998
-117.627382952 33.5602556757 -0.430539103402
-117.580584376 33.5379355092 -0.513525303402
-117.533809678 33.515597327 -0.645921961418
-117.487058859 33.4932411736 -0.789602517273
-117.440331922 33.4708670934 -0.874640541464
-117.393628867 33.4484751309 -0.898960898419
-119.20659757 34.3476204235 0.726030135208
-119.158972036 34.3259297264 0.866349890263
-119.111370328 34.3042194974 0.894580222519
-119.063792449 34.2824897806 0.727633428463
-119.016238407 34.2607406202 0.422462592722
-118.968708206 34.2389720601 0.0379143999684
-118.921201851 34.2171841447 -0.240174976724
-118.873719348 34.1953769181 -0.368239995683
-118.8262607 34.1735504244 -0.298340201425
-118.778825913 34.1517047079 0.000176569030348
-118.731414652 34.1298398176 0.112468682445
-118.6840276 34.107955788 -0.12699426908
-118.636664422 34.0860526683 -0.312448442834
-118.589325122 34.0641305027 -0.381097152968
-118.542009704 34.0421893354 -0.167238213552
-118.494718173 34.0202292109 0.679462171821
-118.447450531 33.9982501733 1.02609416436
-118.400206783 33.9762522669 1.0212753815
-118.352986932 33.9542355362 0.996807239582
-118.305790982 33.9322000253 1.0621357144
-118.258618936 33.9101457787 1.11340037196
-118.211470797 33.8880728407 1.20381026801
-118.164346568 33.8659812556 1.26874902899
-118.117245915 33.843871071 1.26195580539
-118.070169516 33.8217423248 1.24356594543
-118.023117035 33.7995950648 1.19876504836
-117.976088476 33.7774293352 1.09545130977
-117.929083841 33.7552451806 0.895136708468
-117.882103131 33.7330426453 0.595835831557
-117.835146351 33.7108217738 0.290538533269
-117.7882135 33.6885826105 -0.0702895904261
-117.741304582 33.6663251999 -0.397394413066
-117.694419599 33.6440495864 -0.472826330725
-117.647558552 33.6217558144 -0.489178158319
-117.600721442 33.5994439286 -0.543270141097
-117.553908272 33.5771139732 -0.660740577613
-117.507119043 33.554765993 -0.789915520728
-117.460353756 33.5324000322 -0.895344915437
-117.413612411 33.5100161355 -0.95228495169
-117.366895012 33.4876143474 -0.942304026174
-119.180445852 34.3871284322 0.6153318925
-119.132803567 34.365428271 0.752303173833
-119.085185172 34.3437085665 0.802594044344
-119.037590672 34.321969363 0.744430013749
-118.990020072 34.3002107047 0.568120097041
-118.942473377 34.2784326358 0.257747119566
-118.894950593 34.2566352005 -0.0142559530333
-118.847451724 34.234818443 -0.122721311063
-118.799976775 34.2129824076 -0.0706189544613
-118.752525751 34.1911271386 0.116426524927
-118.705098317 34.1692526848 0.2221260416
-118.657695155 34.1473590812 0.226213285357
-118.610315931 34.1254463767 -0.048704959246
-118.56296065 34.1035146158 -0.361224371865
-118.515629314 34.0815638427 -0.422899161692
-118.468321928 34.0595941018 0.289331116584
-118.421038495 34.0376054374 0.949763535413
-118.37377902 34.015597894 1.01652309604
-118.326543505 33.9935715158 0.977037674577
-118.279331954 33.9715263473 1.03668353753
-118.232144371 33.9494624328 1.12912966858
-118.184980758 33.9273798168 1.22593047072
-118.137841119 33.9052785437 1.25254763983
-118.090725118 33.8831586609 1.24249841532
-118.043633435 33.8610202067 1.22442847971
-117.996565733 33.8388632287 1.1912854157
-117.949522015 33.8166877714 1.08268716125
-117.902502285 33.7944938792 0.860557076902
-117.855506543 33.7722815967 0.553663931875
-117.808534793 33.7500509682 0.211059806703
-117.761587036 33.7278020384 -0.166358620829
-117.714663274 33.7055348516 -0.425834368998
-117.667763509 33.6832494525 -0.514316245752
-117.620887743 33.6609458855 -0.545205807781
-117.574035977 33.6386241952 -0.610300790203
-117.527208214 33.6162844262 -0.729407657611
-117.480404453 33.5939266229 -0.84062166136
-117.433624696 33.5715508299 -0.923624432904
-117.386868946 33.5491570918 -0.957694519712
-117.340137201 33.5267454532 -0.951305670447
-119.154270307 34.4266337968 0.411235730311
-119.106611265 34.4049241458 0.518419613161
-119.058976177 34.3831949403 0.634813596739
-119.011365048 34.3614462247 0.764007837909
-118.963777884 34.3396780431 0.776974021922
-118.91621469 34.3178904399 0.473741926694
-118.86867547 34.2960834592 0.196313380634
-118.82116023 34.2742571455 0.120261389185
-118.773668974 34.2524115429 0.0331039801743
-118.726201706 34.2305466959 -0.0428238104131
-118.678758093 34.2086626534 0.138950651233
-118.631338816 34.1867594503 0.487189249797
-118.583943542 34.1648371358 0.292962688942
-118.536572273 34.1428957542 -0.204402977445
-118.489225013 34.12093535 -0.299044279302
-118.441901768 34.0989559675 -0.111492965663
-118.394602539 34.0769576511 0.297271579491
-118.347327332 34.0549404452 0.775494448275
-118.300076148 34.0329043944 0.772878012417
-118.252848993 34.010849543 0.914931300491
-118.205645868 33.9887759355 1.03345736196
-118.158466777 33.9666836163 1.08964650943
-118.111311723 33.9445726299 1.13869363619
-118.064180371 33.9224430238 1.1399292996
-118.017073399 33.9002948365 1.12876934799
-117.969990472 33.8781281155 1.13223795774
-117.922931593 33.8559429053 1.02868577129
-117.875896763 33.8337392505 0.786412563137
-117.828885986 33.8115171957 0.447237288045
-117.781899263 33.7892767852 -0.0244363623548
-117.734936596 33.7670180638 -0.364332274575
-117.687997987 33.744741076 -0.472488294539
-117.641083438 33.7224458663 -0.525899370238
-117.59419295 33.7001324793 -0.547281602122
-117.547326526 33.6778009596 -0.612666103221
-117.500484165 33.6554513519 -0.726772925764
-117.453665871 33.6330837006 -0.828438236397
-117.406871643 33.6106980506 -0.891049298714
-117.360101483 33.5882944462 -0.925783583774
-117.313355392 33.5658729322 -0.937426793598
-119.128070757 34.4661319862 0.133893547197
-119.080394953 34.4444128197 0.166144984843
-119.032743168 34.4226740877 0.341480216671
-118.985115407 34.4009158342 0.730076645926
-118.937511675 34.3791381037 1.06022089114
-118.889931977 34.3573409405 0.900409504897
-118.842376318 34.335524389 0.607845030477
-118.794844703 34.3136884934 0.316814775129
-118.747337136 34.2918332981 0.0568190965488
-118.699853622 34.2699588476 -0.0943755767221
-118.652393827 34.2480651908 0.119077499942
-118.604958772 34.2261523583 0.560247524315
-118.557547104 34.2042204127 0.578053640862
-118.510159845 34.182269385 0.307208412751
-118.46279666 34.1602993242 0.186492611127
-118.415457552 34.1383102746 0.0792281462934
-118.368142526 34.1163022808 0.19245123455
-118.320851584 34.0942753872 0.335147672129
-118.27358473 34.0722296383 0.45028778209
-118.226341967 34.0501650787 0.635729217476
-118.179123299 34.0280817528 0.77846914742
-118.131928728 34.0059797052 0.905590383844
-118.084758258 33.9838589803 1.00159750771
-118.037611553 33.9617196257 0.999345119693
-117.990489291 33.93956168 0.96286836784
-117.943391138 33.9173851907 0.956902835723
-117.896317096 33.8951902025 0.843641757301
-117.849267167 33.8729767599 0.651607745501
-117.802241353 33.8507449075 0.335338965275
-117.755239656 33.82849469 -0.0957600554369
-117.708262079 33.8062261519 -0.357916605542
-117.661308622 33.7839393379 -0.435961073349
-117.614379288 33.7616342925 -0.476081843047
-117.567474079 33.7393110605 -0.501901767695
-117.520592995 33.7169696865 -0.572238407709
-117.473736039 33.6946102151 -0.686587299649
-117.42690321 33.672232691 -0.783939222082
-117.380094511 33.6498371588 -0.849722402474
-117.333309943 33.6274236633 -0.893372310633
-117.286549505 33.6049922491 -0.919121682875
-119.10184725 34.5056274814 -0.160288403882
-119.054154678 34.4838987739 -0.267383626023
-119.006486189 34.4621504896 -0.0419738590338
-118.958841789 34.4403826728 0.602016652566
-118.911221483 34.4185953679 1.15455107317
-118.863625275 34.3967886193 1.18616876775
-118.816053171 34.3749624713 0.921638116966
-118.768505175 34.3531169684 0.403676289038
-118.720981292 34.331252155 0.095250152296
-118.673481527 34.3093680755 -0.0727726786745
-118.626005883 34.2874647745 0.103522000482
-118.578554365 34.2655422963 0.564926650825
-118.531126638 34.2436006897 0.751123510145
-118.483723384 34.2216399906 0.822039812675
-118.436344268 34.1996602478 0.755447390192
-118.388989293 34.1776615058 0.535398314972
-118.341658464 34.1556438093 0.279873080254
-118.294351783 34.1336072026 -0.0493324594589
-118.247069254 34.1115517305 0.118168062855
-118.19981088 34.0894774373 0.358179163026
-118.152576664 34.0673843678 0.566840015492
-118.105366609 34.0452725665 0.816441898223
-118.058180718 34.0231420779 0.966911285297
-118.011018656 34.0009929496 0.853957790215
-117.963881102 33.9788252203 0.756294911072
-117.916767719 33.9566389376 0.722020866
-117.86967851 33.9344341463 0.612916906949
-117.822613478 33.9122108908 0.531625119781
-117.775572624 33.8899692158 0.301455910746
-117.72855595 33.8677091661 -0.0493915675283
-117.681563459 33.8454307863 -0.266198258926
-117.634595152 33.8231341211 -0.322240836025
-117.587651031 33.8008192151 -0.3847968662
-117.540731097 33.778486113 -0.438527043686
-117.493835351 33.7561348596 -0.522049240484
-117.446963796 33.7337654996 -0.647875486453
-117.400116431 33.7113780776 -0.747703568534
-117.353293259 33.6889726385 -0.822189690396
-117.306494279 33.6665492269 -0.87417158629
-117.259719494 33.6441078875 -0.909470069521
-119.075599609 34.5451157512 -0.366159397524
-119.027890264 34.523377477 -0.445886625706
-118.980205068 34.5016196148 -0.208141657877
-118.932544025 34.479842209 0.266324405281
-118.884907141 34.458045304 0.641417434901
-118.83729442 34.4362289442 0.831570431783
-118.789705867 34.4143931742 0.712833587488
-118.742141487 34.3925380384 0.476689983775
-118.694601285 34.3706635812 0.344646392809
-118.647085264 34.3487698472 0.253897810368
-118.59959343 34.326856881 0.396849815367
-118.552125786 34.3049247269 0.643210847198
-118.504681997 34.2829734338 0.87657449441
-118.457262745 34.2610030377 0.952958091758
-118.409867696 34.2390135875 0.868551714547
-118.362496852 34.2170051277 0.623981696257
-118.315150218 34.1949777029 0.13893753823
-118.267827795 34.1729313578 -0.233013013623
-118.220529589 34.150866137 -0.139778020396
-118.173255602 34.128782085 0.103732370286
-118.126005837 34.1066792465 0.385053923459
-118.078780297 34.0845576662 0.736430349699
-118.031578984 34.0624173886 0.96570240011
-117.984401564 34.0402584612 0.824509855492
-117.937248715 34.0180809231 0.70526677063
-117.890120101 33.9958848218 0.569389846187
-117.843015725 33.973670202 0.477227916376
-117.795935588 33.9514371084 0.436797503531
-117.748879694 33.9291855858 0.289473069468
-117.701848043 33.9069156787 0.0564307165463
-117.654840638 33.884627432 -0.118394979631
-117.60785748 33.8623208904 -0.247607064729
-117.56089857 33.8399960987 -0.369028394972
-117.513963912 33.8176531015 -0.459427940989
-117.467053504 33.7952919437 -0.558087676642
-117.42016735 33.77291267 -0.662585245545
-117.37330545 33.7505153252 -0.761083512063
-117.326467804 33.7280999541 -0.847465394661
-117.279654414 33.7056666015 -0.903143974167
-117.232865281 33.6832153121 -0.910303290951
-119.04932788 34.5846012766 -0.459475757405
-119.001601757 34.5628534101 -0.480230598981
-118.953899846 34.5410859444 -0.347585210832
-118.906222154 34.5192989239 -0.15836316996
-118.858568686 34.4974923933 0.0690684525517
-118.810939445 34.4756663969 0.266486978247
-118.763334438 34.4538209793 0.371941696893
-118.715753669 34.431956185 0.573372997327
-118.668197141 34.4100720586 0.661310771557
-118.62066486 34.3881686446 0.689676316782
-118.57315683 34.3662459877 0.713436534959
-118.525673054 34.3443041323 0.58083031776
-118.478213198 34.3223431273 0.767770715974
-118.430777944 34.3003630088 0.72892904749
-118.383366956 34.2783638257 0.538886981693
-118.335980238 34.2563456228 0.163158631652
-118.288617794 34.2343084445 -0.184395046488
-118.241279626 34.2122523356 -0.313305825834
-118.193965738 34.1901773407 -0.259903551285
-118.146676134 34.1680835046 -0.0964846475726
-118.099410815 34.1459708718 0.178147176445
-118.052169785 34.1238394872 0.568292891761
-118.004953047 34.1016893954 0.787511599522
-117.957760264 34.0795206437 0.794802337467
-117.910592117 34.0573332716 0.678363588445
-117.863448269 34.0351273265 0.446269934423
-117.816328722 34.0129028531 0.348334827889
-117.769233478 33.9906598963 0.35364867489
-117.722162539 33.9683985007 0.286101724334
-117.675115908 33.9461187112 0.16345289215
-117.628093586 33.9238205726 -0.0169031883437
-117.581095574 33.9015041296 -0.275051670623
-117.534121875 33.879169427 -0.439930982049
-117.487172488 33.8568165097 -0.544271745943
-117.440247417 33.8344454225 -0.629218056748
-117.393346662 33.8120562101 -0.698765449286
-117.346470223 33.7896489175 -0.790717596072
-117.299618102 33.7672235895 -0.9007809804
-117.2527903 33.7447802709 -0.941472960446
-117.205986817 33.7223190065 -0.895857848271
-119.023031889 34.6240795263 -0.495075199437
-118.975288982 34.6023220417 -0.5026293497
-118.927570354 34.5805449467 -0.447439475002
-118.879876009 34.5587482859 -0.377312909852
-118.832205953 34.5369321038 -0.225162694684
-118.784560189 34.5150964451 -0.0551870818135
-118.736938724 34.4932413542 0.173407551428
-118.689341562 34.4713668759 0.492729840818
-118.641768706 34.4494730546 0.675255876419
-118.594220161 34.427559935 0.780329527785
-118.546695932 34.4056275618 0.745440570216
-118.499196023 34.3836759796 0.564608673783
-118.451720097 34.361705237 0.525215950909
-118.404268837 34.3397153706 0.373631247607
-118.356841909 34.3177064292 0.101592915986
-118.309439315 34.2956784575 -0.162830383279
-118.262061059 34.2736315003 -0.31753601638
-118.214707144 34.2515656021 -0.346009345114
-118.167377573 34.2294808078 -0.296510890071
-118.120072349 34.2073771621 -0.19475958472
-118.072791475 34.1852547097 0.0186939854299
-118.025534954 34.1631134954 0.295931744798
-117.978302789 34.140953564 0.46430106196
-117.931094643 34.1187749628 0.526181061723
-117.883911196 34.0965777313 0.420933498214
-117.836752112 34.074361917 0.253735514161
-117.789617394 34.0521275648 0.193582308454
-117.742507042 34.0298747195 0.219855317455
-117.695421059 34.0076034258 0.178799127379
-117.648359447 33.9853137287 0.0682724529329
-117.601322207 33.9630056729 -0.135438765507
-117.554309341 33.9406793033 -0.358967546144
-117.507320851 33.9183346648 -0.503954252533
-117.460356738 33.8959718023 -0.589282565066
-117.413417002 33.8735907606 -0.64923232698
-117.366501646 33.8511915845 -0.708651634952
-117.319610669 33.8287743191 -0.789796328008
-117.272744074 33.8063390091 -0.878561988929
-117.22590186 33.7838856995 -0.889824493753
-117.179084028 33.7614144352 -0.836901254631
-118.996711678 34.6635549813 -0.499939179979
-118.948951982 34.6417878529 -0.49654803879
-118.90121663 34.620001103 -0.472100635549
-118.853505626 34.5981947762 -0.436279781091
-118.805818976 34.5763689172 -0.34015841922
-118.758156684 34.5545235705 -0.211404756427
-118.710518755 34.5326587808 0.00520481089708
-118.662905193 34.5107745928 0.299323821689
-118.615316004 34.4888710511 0.489088628281
-118.56775119 34.4669482004 0.628811292908
-118.520210757 34.4450060854 0.652254480626
-118.472694708 34.4230447508 0.60749491204
-118.425202707 34.4010642453 0.452841426575
-118.377735438 34.3790646055 0.0164521342994
-118.330292564 34.3570458804 -0.250339616473
-118.282874089 34.3350081146 -0.292680550892
-118.235480017 34.3129513529 -0.325487688372
-118.188110349 34.2908756401 -0.305463335367
-118.140765091 34.268781021 -0.273789990523
-118.093444243 34.2466675403 -0.238831873643
-118.046147811 34.224535243 -0.126351812458
-117.998875795 34.2023841737 5.09430479503e-05
-117.951628199 34.1802143774 0.102664903352
-117.904404686 34.1580259013 0.154014462189
-117.857205936 34.1358187853 0.113661938562
-117.810031613 34.1135930767 0.0364865054332
-117.762881719 34.0913488204 0.020949275527
-117.715756256 34.0690860614 0.0723755345022
-117.668655226 34.0468048444 0.0351293980259
-117.62157863 34.0245052145 -0.12575588478
-117.57452647 34.0021872165 -0.305590351095
-117.527498748 33.9798508952 -0.437447648148
-117.480495464 33.9574962957 -0.541033534421
-117.433516621 33.9351234628 -0.581669823345
-117.386562219 33.9127324415 -0.624496777237
-117.339632259 33.8903232767 -0.678400457677
-117.292726743 33.8678960134 -0.737963720485
-117.245845671 33.8454506965 -0.791552397088
-117.198989043 33.822987371 -0.78569722628
-117.152156861 33.8005060818 -0.734788653904
-118.970367076 34.70302311 -0.4864645341
-118.922590586 34.681246312 -0.475538426021
-118.874838505 34.6594498814 -0.455732363097
-118.827110839 34.6376338629 -0.424455123519
-118.779407591 34.6157983011 -0.345314945477
-118.731728767 34.5939432407 -0.228949936825
-118.684074372 34.5720687265 -0.0714385197703
-118.636444408 34.5501748031 0.0685964347018
-118.588838882 34.5282615153 0.162653743522
-118.541257797 34.5063289078 0.260618920862
-118.493701157 34.4843770254 0.309845060044
-118.446168966 34.4624059128 0.365172381863
-118.398660888 34.4404156188 0.217565039187
-118.351177606 34.4184061801 -0.115110077743
-118.303718785 34.3963776456 -0.268533911911
-118.256284427 34.3743300601 -0.274629977755
-118.208874536 34.3522634685 -0.267148013049
-118.161489115 34.3301779156 -0.252504737827
-118.114128167 34.3080734462 -0.246558865711
-118.066791695 34.2859501052 -0.236790070909
-118.019479701 34.2638079374 -0.185075628409
-117.972192189 34.2416469878 -0.135788242439
-117.924929161 34.2194673012 -0.0712923315805
-117.87769028 34.1972689249 -0.0317830466326
-117.830476226 34.1750518989 -0.0448439243295
-117.783286664 34.1528162707 -0.0808353900408
-117.736121594 34.1305620851 -0.0544928321031
-117.688981019 34.1082893871 0.00545495897172
-117.641864941 34.0859982216 -0.0219282002374
-117.594773361 34.0636886337 -0.165516341198
-117.54770628 34.0413606681 -0.306413611022
-117.500663701 34.01901437 -0.428723643999
-117.453645625 33.9966497843 -0.510302625813
-117.406652052 33.974266956 -0.54623469179
-117.359682983 33.95186593 -0.581398797592
-117.312738421 33.9294467514 -0.613700790834
-117.265818365 33.9070094651 -0.65217390938
-117.218922817 33.8845541163 -0.663130390929
-117.172051776 33.8620807498 -0.638835277842
-117.125205244 33.8395894107 -0.597534783681
-118.943998122 34.7424883935 -0.460454909559
-118.896204833 34.7207019002 -0.436298257752
-118.848436018 34.6988957632 -0.402129015174
-118.800691683 34.6770700273 -0.364046344888
-118.752971832 34.6552247371 -0.284699640556
-118.70527647 34.6333599374 -0.160391196532
-118.657605601 34.611475673 -0.107940195929
-118.60995923 34.5895719887 -0.175478266773
-118.562337362 34.5676489292 -0.192662704069
-118.51474 34.5457065393 -0.184567626077
-118.467167148 34.523744864 -0.114928896195
-118.41961881 34.5017639479 0.0514981934641
-118.372094649 34.4797638397 0.0238342578707
-118.324595351 34.4577445766 -0.103100008231
-118.277120577 34.4357062073 -0.172838547003
-118.229670332 34.4136487767 -0.183083267159
-118.182244618 34.3915723298 -0.179770202606
-118.134843438 34.3694769113 -0.197129831787
-118.087466797 34.3473625662 -0.204548828556
-118.040114696 34.3252293395 -0.193417955294
-117.992787138 34.303077276 -0.171524610944
-117.945484125 34.2809064206 -0.150497378888
-117.898205661 34.2587168184 -0.117794751009
-117.850951409 34.2365085166 -0.0926190437693
-117.803722048 34.2142815554 -0.106236633806
-117.756517243 34.1920359822 -0.116779799297
-117.709336994 34.169771842 -0.0691085688376
-117.662181304 34.1474891798 0.021020026751
-117.615050175 34.1251880406 0.0162306363166
-117.567943608 34.1028684694 -0.0881038707054
-117.520861604 34.0805305113 -0.212610438928
-117.473804165 34.0581742111 -0.351500644723
-117.426771293 34.0357996141 -0.414522726099
-117.379762988 34.0134067652 -0.445418602834
-117.332779251 33.9909957094 -0.456735401535
-117.285820084 33.9685664919 -0.477046417239
-117.238885487 33.9461191577 -0.512446953445
-117.19197546 33.9236537518 -0.481405114326
-117.145090005 33.9011703193 -0.455133574299
-117.098229122 33.8786689054 -0.432761241042
-118.917604646 34.7819463001 -0.426609554332
-118.869794553 34.7601500856 -0.376263552906
-118.822009001 34.7383342164 -0.313844906008
-118.774247993 34.7164987372 -0.24908553926
-118.726511536 34.6946436928 -0.173837961357
-118.678799632 34.6727691281 -0.125136815194
-118.631112288 34.6508750877 -0.15945275406
-118.583449507 34.6289616167 -0.260140453942
-118.535811293 34.6070287598 -0.31322043802
-118.488197651 34.5850765619 -0.352450208836
-118.440608585 34.5631050679 -0.278910443013
-118.393044097 34.5411143226 -0.141853119464
-118.345503852 34.5191043748 -0.10860212939
-118.297988534 34.4970752616 -0.121771310928
-118.250497806 34.4750270319 -0.130571067183
-118.203031672 34.4529597307 -0.116526523041
-118.155590133 34.4308734028 -0.11567598131
-118.108173194 34.4087680932 -0.140414272843
-118.060780857 34.386643847 -0.153571122428
-118.013413126 34.364500709 -0.149647071424
-117.966070002 34.3423387242 -0.141643384114
-117.918751488 34.3201579377 -0.13397364622
-117.871457587 34.2979583945 -0.124625548217
-117.824187962 34.2757401418 -0.124348269351
-117.776943294 34.2535032199 -0.128902305441
-117.729723244 34.2312476765 -0.114356605631
-117.682527816 34.2089735563 -0.05157146351
-117.635357011 34.1866809046 0.0328766563731
-117.58821083 34.1643697664 0.0374373911888
-117.541089276 34.1420401867 -0.0259353015035
-117.493992349 34.1196922107 -0.123452592418
-117.446920051 34.0973258833 -0.214218599165
-117.399872383 34.0749412498 -0.198065162382
-117.352849346 34.0525383551 -0.109077254633
-117.305850941 34.0301172444 -0.0644070485016
-117.25887717 34.0076779629 -0.17073065351
-117.211928032 33.9852205555 -0.240013502319
-117.165003528 33.9627450675 -0.231882550946
-117.118103659 33.940251544 -0.225145084912
-117.071228425 33.9177400302 -0.256487164009
-118.891186687 34.8214013107 -0.39826623631
-118.843359785 34.7995953494 -0.316513885432
-118.795557488 34.7777697222 -0.224582844064
-118.747779802 34.7559244741 -0.122360516918
-118.700026732 34.7340596498 -0.0665537943948
-118.652298282 34.7121752942 -0.107284565581
-118.604594456 34.6902714523 -0.157789675641
-118.556915259 34.668348169 -0.206307451263
-118.509260695 34.646405489 -0.263441191971
-118.461630768 34.6244434575 -0.32283163544
-118.414025481 34.6024621192 -0.298668262714
-118.366444839 34.5804615192 -0.225400234303
-118.318888505 34.5584417061 -0.184832890046
-118.271357163 34.5364027173 -0.149093435965
-118.223850476 34.5143446017 -0.119258072687
-118.176368447 34.4922674043 -0.0757321969319
-118.12891108 34.47017117 -0.0685699073944
-118.081478377 34.4480559439 -0.0989984238565
-118.034070341 34.425921771 -0.112347085445
-117.986686975 34.4037686964 -0.111855742588
-117.939328281 34.381596765 -0.105372424109
-117.891994263 34.3594060219 -0.102934986143
-117.844684922 34.3371965123 -0.107601736881
-117.79739992 34.3149682833 -0.1239608219
-117.75013994 34.2927213756 -0.122556915818
-117.702904644 34.2704558365 -0.089557058485
-117.655694033 34.2481717111 -0.027230557686
-117.60850811 34.2258690446 0.0418641445587
-117.561346875 34.2035478821 0.0583548802594
-117.51421033 34.1812082687 0.0246502546045
-117.467098478 34.1588502496 -0.0344309503316
-117.420011318 34.1364738698 -0.069174835495
-117.372948852 34.1140791745 0.0447082618676
-117.325911081 34.091666209 0.355081004387
-117.278898007 34.0692350183 0.397656079525
-117.231909628 34.0467856475 0.127566385082
-117.184945948 34.024318142 0.0156552179671
-117.138006965 34.0018325469 0.0213057030618
-117.09109268 33.9793289073 -0.0017347293923
-117.044203094 33.9568072685 -0.107994431168
-118.864744076 34.8608488937 -0.395860818965
-118.816900359 34.8390331595 -0.311277967022
-118.769081315 34.8171977485 -0.20789374942
-118.721286948 34.7953427055 -0.0877768667671
-118.673517262 34.7734680755 -0.0340161676374
-118.625772261 34.7515739034 -0.058020415436
-118.578051951 34.7296602341 -0.0790186490763
-118.530356336 34.7077271126 -0.101151035226
-118.482685419 34.6857745839 -0.142788001806
-118.435039204 34.6638026929 -0.199238367582
-118.387417695 34.6418114847 -0.208119625974
-118.339820897 34.6198010042 -0.201815059453
-118.292248471 34.5977713002 -0.183448342341
-118.244701103 34.5757224102 -0.153853584331
-118.197178455 34.553654383 -0.118001110831
-118.14968053 34.5315672638 -0.0743108923306
-118.102207332 34.5094610975 -0.0715581516727
-118.054758864 34.4873359293 -0.0891326605506
-118.007335127 34.4651918042 -0.0939672210792
-117.959936125 34.4430287674 -0.0812462903542
-117.912561861 34.4208468638 -0.0674729485187
-117.865212336 34.3986461387 -0.06635595202
-117.817887554 34.3764266372 -0.0733182552504
-117.770587175 34.3541884066 -0.0884542826233
-117.723311883 34.3319314875 -0.0782650760662
-117.67606134 34.3096559274 -0.0420601175816
-117.628835546 34.2873617714 0.0187516143919
-117.581634503 34.2650490648 0.0805842509479
-117.534458214 34.2427178527 0.101277370916
-117.48730668 34.2203681803 0.0778939879234
-117.440179901 34.1980000928 0.041340000992
-117.39307788 34.1756136353 0.0404660600217
-117.346000616 34.1532088531 0.174636146886
-117.298948112 34.1307857915 0.411021611948
-117.251920368 34.1083444955 0.376559717152
-117.204917384 34.0858850105 0.191180690138
-117.157939161 34.0634073816 0.11763788582
-117.1109857 34.0409116542 0.140542631945
-117.064057001 34.0183978735 0.0993765399092
-117.017153064 33.9958660847 -0.0271250639234
-118.838276848 34.9002935298 -0.427604287542
-118.790416312 34.8784679971 -0.362203384358
-118.742580514 34.8566227765 -0.260373379242
-118.694769459 34.8347579129 -0.119380008588
-118.646983151 34.8128734514 -0.0396259328038
-118.599221595 34.790969437 -0.0176698540321
-118.551484795 34.7690459146 -0.000307740367327
-118.503772756 34.7471029293 0.00863213498378
-118.45608548 34.7251405261 -0.00895228273466
-118.408422972 34.7031587501 -0.0514517523351
-118.360785237 34.6811576463 -0.0886842693103
-118.313172277 34.6591372598 -0.139799595188
-118.265583754 34.6370976392 -0.146655577871
-118.218020356 34.6150388223 -0.137293167931
-118.170481742 34.5929608581 -0.110351337099
-118.122967918 34.5708637915 -0.0829984432106
-118.075478885 34.5487476677 -0.0923630188503
-118.028014646 34.5266125319 -0.103541403173
-117.980575205 34.5044584291 -0.101156879856
-117.933160564 34.4822854046 -0.0672152116462
-117.885770725 34.4600935035 -0.0453792725819
-117.838405691 34.437882771 -0.0411393833308
-117.791065463 34.4156532522 -0.0382865399908
-117.743749705 34.3934049944 -0.0445863078488
-117.696459098 34.3711380386 -0.0254612343966
-117.649193303 34.3488524322 0.0122801364275
-117.601952323 34.3265482203 0.0692342843194
-117.55473616 34.3042254483 0.131675469968
-117.507544813 34.2818841613 0.143739276282
-117.460378286 34.2595244045 0.111246745481
-117.413236579 34.2371462234 0.0764867755128
-117.366119694 34.214749663 0.0668031578196
-117.319027631 34.1923347687 0.125743078541
-117.271960391 34.1699015857 0.168306118532
-117.224917975 34.1474501593 0.136958205115
-117.177900383 34.1249805349 0.087947318572
-117.130907617 34.1024927576 0.0843468262909
-117.083939676 34.0799868728 0.153237825343
-117.036996561 34.0574629258 0.117504242367
-116.990078272 34.0349209619 -0.022400934777
-118.811784836 34.9397306873 -0.483732097917
-118.763907477 34.91789533 -0.449333553935
-118.716054922 34.8960402738 -0.367005099716
-118.668227177 34.8741655638 -0.236506405989
-118.620424244 34.8522712449 -0.143653275998
-118.57264613 34.8303573623 -0.0709172778702
-118.524892837 34.808423961 -0.0171952373645
-118.47716437 34.7864710861 0.0284348315271
-118.429460734 34.7644987826 0.0298011257244
-118.381781931 34.7425070958 0.00167983836446
-118.334127966 34.7204960706 -0.0444383242985
-118.286498842 34.6984657523 -0.0869905403608
-118.238894222 34.6764161894 -0.0847344442409
-118.19131479 34.6543474201 -0.0555137776211
-118.14376021 34.632259493 -0.0339290590408
-118.096230483 34.6101524535 -0.0617747436778
-118.048725614 34.5880263465 -0.105632857704
-118.001245604 34.5658812175 -0.137510301128
-117.953790457 34.5437171115 -0.145035007003
-117.906360175 34.5215340737 -0.119203920599
-117.858954761 34.4993321495 -0.0976491573059
-117.811574216 34.477111384 -0.0686247497408
-117.764218543 34.4548718224 -0.0459730214058
-117.716887404 34.4326135121 -0.023700436175
-117.66958148 34.4103364941 0.0112256324189
-117.622300435 34.3880408159 0.0561407026198
-117.575044269 34.3657265227 0.105544456131
-117.527812983 34.3433936598 0.141340081145
-117.48060658 34.3210422726 0.127799984383
-117.43342506 34.2986724062 0.0813795806599
-117.386268425 34.2762841061 0.0343350679063
-117.339136676 34.2538774175 0.0116226557348
-117.292029813 34.2314523858 0.0107450135304
-117.244947838 34.2090090563 -0.0109188243364
-117.197890751 34.1865474743 -0.0222272348646
-117.150858553 34.1640676852 -0.0166652768176
-117.103851244 34.1415697343 0.0122946288404
-117.056868824 34.119053667 0.0495803348204
-117.009911294 34.0965195286 0.00221634630813
-116.962978654 34.0739673645 -0.084995038797
-118.785268074 34.979164847 -0.544203449177
-118.737373886 34.9573196393 -0.553999384165
-118.689504569 34.9354547218 -0.494779422855
-118.641660126 34.9135701395 -0.382239403183
-118.593840564 34.8916659375 -0.276219188582
-118.546045885 34.8697421609 -0.169258060811
-118.498276094 34.8477988549 -0.0840591885243
-118.450531195 34.8258360646 -0.00940101096137
-118.402811193 34.8038538352 0.0118119268816
-118.35511609 34.7818522118 -0.0113357993204
-118.30744589 34.7598312396 -0.0390204135569
-118.259800598 34.7377909638 -0.0524266221984
-118.212179874 34.7157314331 -0.0220190498697
-118.164584406 34.6936526856 0.0601565919386
-118.117013854 34.6715547702 0.0599323219085
-118.069468221 34.649437732 -0.0440045774269
-118.021947511 34.6273016164 -0.123700801199
-117.974451727 34.6051464685 -0.184194703557
-117.92698087 34.5829723337 -0.208378598163
-117.879534944 34.5607792573 -0.203492600929
-117.83211395 34.5385672844 -0.175162799421
-117.784717891 34.5163364604 -0.117793659364
-117.737346769 34.4940868306 -0.070350151402
-117.690000246 34.4718184423 -0.0195608870277
-117.642679004 34.4495313368 0.0297387658364
-117.595382704 34.4272255614 0.0819286124212
-117.548111349 34.4049011615 0.115032967546
-117.500864939 34.3825581825 0.113023424647
-117.453643476 34.3601966696 0.0772798772095
-117.406446961 34.3378166683 0.00647124658084
-117.359275396 34.315418224 -0.0451164864079
-117.31212878 34.2930013819 -0.0676415363607
-117.265007116 34.2705661876 -0.0908080959184
-117.217910404 34.2481126863 -0.120829937254
-117.170838644 34.2256409235 -0.123597249047
-117.123791837 34.2031509445 -0.0913061167358
-117.076769984 34.1806427948 -0.0802870382848
-117.029773084 34.1581165198 -0.117808348501
-116.982801138 34.135572165 -0.154149735524
-116.935854145 34.1130097756 -0.166609205512
-118.758726398 35.0185914768 -0.579791378129
-118.710815377 34.9967363928 -0.587528290475
-118.662929294 34.9748615879 -0.53291191481
-118.615068152 34.9529671074 -0.442510044122
-118.567231955 34.9310529963 -0.335738391479
-118.51942071 34.9091192999 -0.229746150193
-118.471634418 34.8871660633 -0.135690720345
-118.423873085 34.8651933318 -0.0608073098279
-118.376136713 34.8432011505 -0.0310757871381
-118.328425308 34.8211895648 -0.0337090724198
-118.280738872 34.7991586198 -0.0382053964214
-118.233077409 34.7771083608 -0.0290605655597
-118.18544058 34.7550388363 0.0136567802319
-118.137829073 34.732950085 0.0740485713451
-118.090242548 34.7108421554 0.0447054357799
-118.042681008 34.688715093 -0.0510656345371
-117.995144456 34.666568943 -0.133317745971
-117.947632895 34.6444037507 -0.197433396003
-117.900146327 34.6222195615 -0.224722058205
-117.852684755 34.6000164207 -0.226972260311
-117.805248181 34.5777943737 -0.193125308768
-117.757836608 34.5555534657 -0.138026781051
-117.710450036 34.5332937422 -0.0825343311376
-117.663088128 34.5110152503 -0.026669993052
-117.615751567 34.4887180317 0.0233227752963
-117.568440013 34.4664021337 0.0667597158662
-117.521153468 34.4440676016 0.0818037895052
-117.473891934 34.421714481 0.0657480704786
-117.426655411 34.3993428172 0.0207154897451
-117.379443902 34.3769526556 -0.0455109489741
-117.332257406 34.3545440417 -0.0911948170634
-117.285095925 34.3321170208 -0.121192190661
-117.23795946 34.3096716385 -0.14873553148
-117.190848011 34.2872079402 -0.17507287938
-117.14376158 34.2647259713 -0.172543118924
-117.096700165 34.2422257772 -0.154250335487
-117.049663768 34.2197074036 -0.163798728492
-117.002652389 34.1971708957 -0.207193987228
-116.955666028 34.1746162992 -0.223073133877
-116.908704685 34.1520436595 -0.222306083609
