-119.336999976 34.1500010364 0.39192090553
-119.289458115 34.1283572771 0.423440235997
-119.241939758 34.1066940424 0.432092002761
-119.194444913 34.0850113761 0.375850450833
-119.146973585 34.063309322 0.140713623574
-119.099525778 34.041587924 -0.251982237579
-119.052101499 34.019847226 -0.560929313538
-119.004700752 33.9980872718 -0.751223281904
-118.957323543 33.9763081053 -0.868976113192
-118.909969877 33.9545097704 -0.935406483175
-118.86263942 33.9326923162 -0.952988250526
-118.815332853 33.9108557762 -0.924492858017
-118.768049843 33.8890001996 -0.866426017785
-118.720790395 33.8671256304 -0.79826442504
-118.673554511 33.8452321126 -0.732946111629
-118.626342198 33.8233196901 -0.681838637367
-118.579153458 33.801388407 -0.659860606471
-118.531988297 33.7794383072 -0.681476853281
-118.484846717 33.7574694348 -0.749247568296
-118.437728722 33.7354818338 -0.819602566699
-118.390634316 33.7134755483 -0.693671645103
-118.343563503 33.6914506223 -0.373121968033
-118.296516285 33.6694071 -0.138934802141
-118.24949233 33.6473450287 -0.00755791714562
-118.202492314 33.6252644457 0.0690462459004
-118.155515903 33.6031653985 0.108045724189
-118.1085631 33.5810479314 0.107599472899
-118.061633908 33.5589120884 0.0608680637423
-118.01472833 33.5367579137 -0.0334275666763
-117.967846367 33.5145854513 -0.159094558218
-117.920988023 33.4923947456 -0.279920403227
-117.8741533 33.4701858406 -0.364951753394
-117.827342199 33.4479587805 -0.412816424784
-117.780554724 33.4257136095 -0.441907176916
-117.733790875 33.4034503717 -0.471300631746
-117.687050655 33.3811691115 -0.512588328943
-117.640334066 33.358869873 -0.567534500674
-117.593641108 33.3365527004 -0.630397210968
-117.546971785 33.314217638 -0.696084008507
-117.500326096 33.2918647299 -0.757150506487
-119.310966774 34.1895354099 0.458699924622
-119.263408189 34.1678823141 0.512930442089
-119.215873173 34.1462097316 0.559266175249
-119.168361732 34.1245177061 0.572417433688
-119.120873871 34.1028062817 0.24551616762
-119.073409595 34.0810755023 -0.371652900988
-119.02596891 34.0593254116 -0.656414938236
-118.978551822 34.0375560537 -0.808180306703
-118.931158334 34.0157674726 -0.902271594522
-118.883788453 33.9939597122 -0.956670344831
-118.836441844 33.9721328215 -0.954686832493
-118.789119188 33.9502868343 -0.888906815714
-118.741820153 33.9284217997 -0.795022158009
-118.694544742 33.9065377619 -0.699551802438
-118.64729296 33.8846347647 -0.607349414391
-118.600064768 33.8627105985 -0.526233687182
-118.552860257 33.8407698149 -0.479122781665
-118.505679386 33.8188102042 -0.492014052229
-118.458522159 33.7968318106 -0.579401286118
-118.411388581 33.774834678 -0.754390696111
-118.364278655 33.7528188505 -0.495354796536
-118.317192384 33.7307843724 -0.0423387983612
-118.270129771 33.7087312878 0.131445028345
-118.223090483 33.686659644 0.204913632035
-118.176075197 33.6645694785 0.25576668267
-118.129083578 33.6424608389 0.283122269341
-118.08211563 33.6203337694 0.271779591759
-118.035171355 33.5981883141 0.202974140515
-117.988250756 33.5760245173 0.0637605837721
-117.941353835 33.5538424231 -0.126391573883
-117.894480595 33.5316420757 -0.293510318486
-117.847631038 33.5094235195 -0.38255233739
-117.800805165 33.4871867986 -0.413170340444
-117.75400298 33.4649319572 -0.425825626783
-117.707224483 33.4426590396 -0.448360984678
-117.660469677 33.4203680901 -0.495623804095
-117.613738564 33.3980591529 -0.565991885268
-117.567031144 33.3757322724 -0.644686264128
-117.520347419 33.3533874927 -0.725387653954
-117.473687391 33.3310248582 -0.795377487038
-119.284909948 34.229062758 0.506620042163
-119.237334634 34.2074003001 0.571915374609
-119.189782954 34.1857183442 0.635421167568
-119.142254913 34.1640169341 0.628890671156
-119.094750515 34.1422961138 0.217630887523
-119.047269766 34.1205559273 -0.423473797915
-118.999812672 34.0987964186 -0.693217872907
-118.952379238 34.0770176317 -0.806872997111
-118.904969468 34.0552196105 -0.880520702141
-118.857583368 34.0334023991 -0.942732440692
-118.810220604 34.0115660465 -0.92695289555
-118.762881857 33.9897105866 -0.803313510531
-118.715566793 33.9678360688 -0.678821056518
-118.668275416 33.9459425369 -0.569322378075
-118.621007732 33.9240300352 -0.450606764363
-118.573763743 33.9020986076 -0.322129663441
-118.526543455 33.8801482985 -0.226105180475
-118.47934687 33.8581791518 -0.200986661054
-118.432173992 33.8361912116 -0.228247969307
-118.385024826 33.8141845223 -0.176403458123
-118.337899375 33.7921591279 0.315373941963
-118.290797641 33.7701150725 0.328170184692
-118.243719629 33.7480524005 0.365088049143
-118.196665003 33.7259711592 0.399612887532
-118.149634443 33.7038713862 0.434312721083
-118.102627612 33.6817531292 0.460681233848
-118.055644515 33.6596164323 0.446739062445
-118.008685154 33.6374613397 0.363750377725
-117.96174953 33.6152878958 0.171089248899
-117.914837647 33.5930961448 -0.126004719115
-117.867949508 33.570886131 -0.35394120738
-117.821085113 33.5486578986 -0.417963518245
-117.774244465 33.526411492 -0.41544721469
-117.727427567 33.5041469553 -0.407003745228
-117.680634419 33.4818643331 -0.422437193374
-117.633865024 33.4595636695 -0.483137185791
-117.587119383 33.4372450088 -0.579973199252
-117.540397498 33.4149083955 -0.70013571971
-117.49369937 33.3925538738 -0.79961732627
-117.447025 33.3701814881 -0.851156233327
-119.258829555 34.2685875614 0.535550121024
-119.211237506 34.246915716 0.598157601414
-119.163669155 34.2252243613 0.670360211798
-119.116124506 34.2035135412 0.686721093018
-119.068603565 34.1817832997 0.329795363745
-119.021106337 34.1600336808 -0.299641121613
-118.973632828 34.1382647287 -0.637125381137
-118.926183041 34.1164764873 -0.69002209279
-118.878756983 34.0946690007 -0.747585540967
-118.831354658 34.072842313 -0.849104992771
-118.783975733 34.0509964733 -0.8164712522
-118.736620888 34.0291315156 -0.619238793182
-118.68928979 34.0072474891 -0.511557959299
-118.641982443 33.985344438 -0.425865492479
-118.594698851 33.9634224064 -0.285519692213
-118.547439018 33.9414814386 -0.0772510271471
-118.500202948 33.9195215785 0.0940315194387
-118.452990646 33.8975428705 0.159263122875
-118.405802113 33.8755453588 0.197116410398
-118.358637356 33.8535290875 0.353095179115
-118.311496375 33.8314941009 0.525708535869
-118.264379176 33.8094404432 0.514502707443
-118.217285761 33.7873681587 0.536371982218
-118.170215796 33.7652772948 0.563737057091
-118.123169958 33.7431678892 0.591023738303
-118.076147913 33.7210399896 0.626840630973
-118.029149664 33.6988936402 0.610462908841
-117.982175213 33.6767288854 0.532986275913
-117.935224563 33.6545457694 0.294515165502
-117.888297716 33.6323443366 -0.15631468503
-117.841394674 33.6101246313 -0.440053870284
-117.79451544 33.5878866978 -0.44885559888
-117.747660015 33.5656305805 -0.424224957445
-117.700828402 33.5433563238 -0.397466045802
-117.654020602 33.5210639719 -0.410167195333
-117.607236616 33.4987535693 -0.491369684815
-117.560476447 33.4764251603 -0.617752125513
-117.513740095 33.4540787894 -0.798457052638
-117.467027562 33.4317145009 -0.897793676916
-117.42033885 33.4093323392 -0.905092576057
-119.23272541 34.3081052896 0.555238093456
-119.185116623 34.2864240311 0.652708607825
-119.137531596 34.264723252 0.749334855696
-119.089970336 34.2430029963 0.748047555924
-119.042432848 34.221263308 0.438571459323
-118.994919136 34.1995042312 -0.0636042772081
-118.947429207 34.1777258102 -0.344133255455
-118.899963065 34.1559280888 -0.405167924271
-118.852520715 34.1341111114 -0.427338072369
-118.805102162 34.112274922 -0.454365836394
-118.757707072 34.0904195696 -0.385395729246
-118.710336127 34.0685450886 -0.314635823387
-118.662988991 34.0466515282 -0.312902261654
-118.61566567 34.0247389324 -0.315586034982
-118.568366168 34.0028073457 -0.166840400958
-118.521090488 33.9808568121 0.196525358863
-118.473838635 33.9588873759 0.460170718431
-118.426610612 33.9368990813 0.504218725755
-118.379406423 33.9148919727 0.514463221927
-118.332226072 33.8928660942 0.58902453925
-118.285069561 33.8708214902 0.62406190883
-118.237936894 33.8487582049 0.643124805685
-118.190828074 33.8266762826 0.700088428542
-118.143742767 33.8045757709 0.715981880893
-118.09668165 33.7824567076 0.727648726093
-118.04964439 33.7603191403 0.734646090366
-118.002630987 33.7381631134 0.69054880836
-117.955641446 33.7159886712 0.584677046783
-117.908675768 33.693795858 0.348156843163
-117.861733956 33.6715847184 0.0164578560559
-117.814816012 33.6493552966 -0.301958045681
-117.767921937 33.627107637 -0.523206243376
-117.721051735 33.604841784 -0.500518045001
-117.674205406 33.5825577822 -0.46524007117
-117.627382952 33.5602556757 -0.492326822604
-117.580584376 33.5379355092 -0.582442997625
-117.533809678 33.515597327 -0.722800005656
-117.487058859 33.4932411736 -0.875212161181
-117.440331922 33.4708670934 -0.94187199808
-117.393628867 33.4484751309 -0.930131231075
-119.20659757 34.3476204235 0.55578851812
-119.158972036 34.3259297264 0.707017308968
-119.111370328 34.3042194974 0.825177122066
-119.063792449 34.2824897806 0.826546547072
-119.016238407 34.2607406202 0.603833247243
-118.968708206 34.2389720601 0.223497970464
-118.921201851 34.2171841447 -0.00438800018193
-118.873719348 34.1953769181 -0.0314102987117
-118.8262607 34.1735504244 -0.00698198804108
-118.778825913 34.1517047079 0.0726493555808
-118.731414652 34.1298398176 0.109341419113
-118.6840276 34.107955788 0.0149678912483
-118.636664422 34.0860526683 -0.115200939941
-118.589325122 34.0641305027 -0.295238241545
-118.542009704 34.0421893354 -0.200101225151
-118.494718173 34.0202292109 0.48212823378
-118.447450531 33.9982501733 0.780089279909
-118.400206783 33.9762522669 0.739245357303
-118.352986932 33.9542355362 0.690321101901
-118.305790982 33.9322000253 0.732308532836
-118.258618936 33.9101457787 0.764383979094
-118.211470797 33.8880728407 0.820869989563
-118.164346568 33.8659812556 0.853652922957
-118.117245915 33.843871071 0.835284255101
-118.070169516 33.8217423248 0.820283761335
-118.023117035 33.7995950648 0.787719784031
-117.976088476 33.7774293352 0.713958783352
-117.929083841 33.7552451806 0.563342300639
-117.882103131 33.7330426453 0.405149586285
-117.835146351 33.7108217738 0.3557733244
-117.7882135 33.6885826105 -0.0505538463942
-117.741304582 33.6663251999 -0.555212024496
-117.694419599 33.6440495864 -0.569601280974
-117.647558552 33.6217558144 -0.562031749881
-117.600721442 33.5994439286 -0.597617205235
-117.553908272 33.5771139732 -0.702121961783
-117.507119043 33.554765993 -0.81787657216
-117.460353756 33.5324000322 -0.908769987942
-117.413612411 33.5100161355 -0.945496091992
-117.366895012 33.4876143474 -0.91635001252
-119.180445852 34.3871284322 0.502063564379
-119.132803567 34.365428271 0.681489040854
-119.085185172 34.3437085665 0.834480902733
-119.037590672 34.321969363 0.894355659188
-118.990020072 34.3002107047 0.760007008545
-118.942473377 34.2784326358 0.450766927701
-118.894950593 34.2566352005 0.272380923062
-118.847451724 34.234818443 0.318584778186
-118.799976775 34.2129824076 0.322907863492
-118.752525751 34.1911271386 0.249009308721
-118.705098317 34.1692526848 0.237073051888
-118.657695155 34.1473590812 0.321426859241
-118.610315931 34.1254463767 0.0982915652397
-118.56296065 34.1035146158 -0.28050376379
-118.515629314 34.0815638427 -0.410411964164
-118.468321928 34.0595941018 0.17201111529
-118.421038495 34.0376054374 0.761173515941
-118.37377902 34.015597894 0.805668466076
-118.326543505 33.9935715158 0.78267107441
-118.279331954 33.9715263473 0.820280214141
-118.232144371 33.9494624328 0.86524665006
-118.184980758 33.9273798168 0.923001106834
-118.137841119 33.9052785437 0.910025760238
-118.090725118 33.8831586609 0.882857881445
-118.043633435 33.8610202067 0.856692116477
-117.996565733 33.8388632287 0.823103420055
-117.949522015 33.8166877714 0.748408936233
-117.902502285 33.7944938792 0.60751215074
-117.855506543 33.7722815967 0.454934128327
-117.808534793 33.7500509682 0.281856063657
-117.761587036 33.7278020384 -0.157672203818
-117.714663274 33.7055348516 -0.52793094235
-117.667763509 33.6832494525 -0.615170785172
-117.620887743 33.6609458855 -0.617137431058
-117.574035977 33.6386241952 -0.647748020374
-117.527208214 33.6162844262 -0.731078213716
-117.480404453 33.5939266229 -0.802287713093
-117.433624696 33.5715508299 -0.847076281904
-117.386868946 33.5491570918 -0.860141032253
-117.340137201 33.5267454532 -0.867853942085
-119.154270307 34.4266337968 0.364232788185
-119.106611265 34.4049241458 0.557028954229
-119.058976177 34.3831949403 0.756502807163
-119.011365048 34.3614462247 0.934738167576
-118.963777884 34.3396780431 0.938859904962
-118.91621469 34.3178904399 0.613494743104
-118.86867547 34.2960834592 0.467618228571
-118.82116023 34.2742571455 0.633874159485
-118.773668974 34.2524115429 0.504997768424
-118.726201706 34.2305466959 0.0821394560451
-118.678758093 34.2086626534 0.111155861512
-118.631338816 34.1867594503 0.504834745089
-118.583943542 34.1648371358 0.360565835381
-118.536572273 34.1428957542 -0.118756318246
-118.489225013 34.12093535 -0.269809262931
-118.441901768 34.0989559675 -0.170912891203
-118.394602539 34.0769576511 0.200742195743
-118.347327332 34.0549404452 0.676746928688
-118.300076148 34.0329043944 0.758097389421
-118.252848993 34.010849543 0.832237984415
-118.205645868 33.9887759355 0.872527755832
-118.158466777 33.9666836163 0.856274210176
-118.111311723 33.9445726299 0.893363586273
-118.064180371 33.9224430238 0.878317709254
-118.017073399 33.9002948365 0.855931905457
-117.969990472 33.8781281155 0.847353772144
-117.922931593 33.8559429053 0.782305946305
-117.875896763 33.8337392505 0.657375393489
-117.828885986 33.8115171957 0.396264882857
-117.781899263 33.7892767852 -0.0952038976456
-117.734936596 33.7670180638 -0.487333263091
-117.687997987 33.744741076 -0.617496521513
-117.641083438 33.7224458663 -0.647018508383
-117.59419295 33.7001324793 -0.615893773743
-117.547326526 33.6778009596 -0.636065104571
-117.500484165 33.6554513519 -0.695414721893
-117.453665871 33.6330837006 -0.738039016791
-117.406871643 33.6106980506 -0.733531507383
-117.360101483 33.5882944462 -0.753123146286
-117.313355392 33.5658729322 -0.825673652369
-119.128070757 34.4661319862 0.127077219682
-119.080394953 34.4444128197 0.224388080326
-119.032743168 34.4226740877 0.448090358639
-118.985115407 34.4009158342 0.854396298772
-118.937511675 34.3791381037 1.10011229892
-118.889931977 34.3573409405 0.95192134549
-118.842376318 34.335524389 0.81218127558
-118.794844703 34.3136884934 0.686208591254
-118.747337136 34.2918332981 0.361286317117
-118.699853622 34.2699588476 0.0214667297367
-118.652393827 34.2480651908 0.141309477973
-118.604958772 34.2261523583 0.569537712579
-118.557547104 34.2042204127 0.58836276574
-118.510159845 34.182269385 0.323383301859
-118.46279666 34.1602993242 0.182050369298
-118.415457552 34.1383102746 0.0927314467219
-118.368142526 34.1163022808 0.2866801568
-118.320851584 34.0942753872 0.478842053249
-118.27358473 34.0722296383 0.618196235311
-118.226341967 34.0501650787 0.748895040987
-118.179123299 34.0280817528 0.802836233011
-118.131928728 34.0059797052 0.830270659647
-118.084758258 33.9838589803 0.877622975316
-118.037611553 33.9617196257 0.888539205975
-117.990489291 33.93956168 0.85299061847
-117.943391138 33.9173851907 0.798140746109
-117.896317096 33.8951902025 0.719221679817
-117.849267167 33.8729767599 0.568844364366
-117.802241353 33.8507449075 0.232684888116
-117.755239656 33.82849469 -0.264590002632
-117.708262079 33.8062261519 -0.557923104282
-117.661308622 33.7839393379 -0.603950704558
-117.614379288 33.7616342925 -0.58137371859
-117.567474079 33.7393110605 -0.575557713862
-117.520592995 33.7169696865 -0.610366643866
-117.473736039 33.6946102151 -0.676761514036
-117.42690321 33.672232691 -0.721431238098
-117.380094511 33.6498371588 -0.727142688141
-117.333309943 33.6274236633 -0.768892856543
-117.286549505 33.6049922491 -0.829701844495
-119.10184725 34.5056274814 -0.152791964053
-119.054154678 34.4838987739 -0.238326741815
-119.006486189 34.4621504896 0.0300066236715
-118.958841789 34.4403826728 0.71850478889
-118.911221483 34.4185953679 1.17228631842
-118.863625275 34.3967886193 1.22569662111
-118.816053171 34.3749624713 1.04000708104
-118.768505175 34.3531169684 0.537339326212
-118.720981292 34.331252155 0.199124968516
-118.673481527 34.3093680755 0.0691735543948
-118.626005883 34.2874647745 0.195656254806
-118.578554365 34.2655422963 0.537834405471
-118.531126638 34.2436006897 0.680138611383
-118.483723384 34.2216399906 0.737372473593
-118.436344268 34.1996602478 0.683387088523
-118.388989293 34.1776615058 0.621445034248
-118.341658464 34.1556438093 0.610514431496
-118.294351783 34.1336072026 0.202439043926
-118.247069254 34.1115517305 0.413396007728
-118.19981088 34.0894774373 0.687312356504
-118.152576664 34.0673843678 0.814336156446
-118.105366609 34.0452725665 0.849822935057
-118.058180718 34.0231420779 0.925419358429
-118.011018656 34.0009929496 0.91688073173
-117.963881102 33.9788252203 0.834871219472
-117.916767719 33.9566389376 0.70961200531
-117.86967851 33.9344341463 0.617131999683
-117.822613478 33.9122108908 0.445114836331
-117.775572624 33.8899692158 0.153251516622
-117.72855595 33.8677091661 -0.251659139638
-117.681563459 33.8454307863 -0.484272115526
-117.634595152 33.8231341211 -0.496104621618
-117.587651031 33.8008192151 -0.509460697932
-117.540731097 33.778486113 -0.537958351359
-117.493835351 33.7561348596 -0.59781497216
-117.446963796 33.7337654996 -0.699490933034
-117.400116431 33.7113780776 -0.762456484282
-117.353293259 33.6889726385 -0.803349940785
-117.306494279 33.6665492269 -0.844105676061
-117.259719494 33.6441078875 -0.865347640338
-119.075599609 34.5451157512 -0.338902880167
-119.027890264 34.523377477 -0.383283207068
-118.980205068 34.5016196148 -0.079005183439
-118.932544025 34.479842209 0.457042493998
-118.884907141 34.458045304 0.816247389053
-118.83729442 34.4362289442 0.976585560374
-118.789705867 34.4143931742 0.846043904482
-118.742141487 34.3925380384 0.545704361514
-118.694601285 34.3706635812 0.393365794931
-118.647085264 34.3487698472 0.330423719233
-118.59959343 34.326856881 0.419774491202
-118.552125786 34.3049247269 0.587487840401
-118.504681997 34.2829734338 0.773888847132
-118.457262745 34.2610030377 0.882271301374
-118.409867696 34.2390135875 0.78912787392
-118.362496852 34.2170051277 0.679409938196
-118.315150218 34.1949777029 0.512046969751
-118.267827795 34.1729313578 0.0565984947911
-118.220529589 34.150866137 0.0958006983426
-118.173255602 34.128782085 0.436901962875
-118.126005837 34.1066792465 0.64390718884
-118.078780297 34.0845576662 0.811451997004
-118.031578984 34.0624173886 0.958267937799
-117.984401564 34.0402584612 0.91024108939
-117.937248715 34.0180809231 0.79767899674
-117.890120101 33.9958848218 0.634524059714
-117.843015725 33.973670202 0.50274941894
-117.795935588 33.9514371084 0.392449277655
-117.748879694 33.9291855858 0.223882357477
-117.701848043 33.9069156787 -0.0105255995487
-117.654840638 33.884627432 -0.18484341825
-117.60785748 33.8623208904 -0.356482369752
-117.56089857 33.8399960987 -0.494524021094
-117.513963912 33.8176531015 -0.579104494337
-117.467053504 33.7952919437 -0.667623875982
-117.42016735 33.77291267 -0.743736331357
-117.37330545 33.7505153252 -0.812096752027
-117.326467804 33.7280999541 -0.887224101032
-117.279654414 33.7056666015 -0.92539913207
-117.232865281 33.6832153121 -0.898987451457
-119.04932788 34.5846012766 -0.40574654198
-119.001601757 34.5628534101 -0.358030548067
-118.953899846 34.5410859444 -0.149812488847
-118.906222154 34.5192989239 0.117991887349
-118.858568686 34.4974923933 0.359941733806
-118.810939445 34.4756663969 0.518616715944
-118.763334438 34.4538209793 0.574724270015
-118.715753669 34.431956185 0.672254845054
-118.668197141 34.4100720586 0.717183978713
-118.62066486 34.3881686446 0.689232946961
-118.57315683 34.3662459877 0.680509299642
-118.525673054 34.3443041323 0.592594835784
-118.478213198 34.3223431273 0.728004560688
-118.430777944 34.3003630088 0.81128599308
-118.383366956 34.2783638257 0.622302098937
-118.335980238 34.2563456228 0.194014353936
-118.288617794 34.2343084445 -0.0695834882069
-118.241279626 34.2122523356 -0.154653471058
-118.193965738 34.1901773407 -0.0874287257958
-118.146676134 34.1680835046 0.140865395386
-118.099410815 34.1459708718 0.369585884307
-118.052169785 34.1238394872 0.651188768507
-118.004953047 34.1016893954 0.812438484145
-117.957760264 34.0795206437 0.810303021536
-117.910592117 34.0573332716 0.700594957597
-117.863448269 34.0351273265 0.46869405541
-117.816328722 34.0129028531 0.368819747675
-117.769233478 33.9906598963 0.397431786225
-117.722162539 33.9683985007 0.374785759152
-117.675115908 33.9461187112 0.341387556823
-117.628093586 33.9238205726 0.139914586037
-117.581095574 33.9015041296 -0.260619828504
-117.534121875 33.879169427 -0.501170810365
-117.487172488 33.8568165097 -0.657054886669
-117.440247417 33.8344454225 -0.742686453464
-117.393346662 33.8120562101 -0.757705799509
-117.346470223 33.7896489175 -0.832496084521
-117.299618102 33.7672235895 -0.958140353531
-117.2527903 33.7447802709 -0.984295881537
-117.205986817 33.7223190065 -0.892560798363
-119.023031889 34.6240795263 -0.435478384637
-118.975288982 34.6023220417 -0.393225733603
-118.927570354 34.5805449467 -0.280557078418
-118.879876009 34.5587482859 -0.134868637713
-118.832205953 34.5369321038 0.02712723849
-118.784560189 34.5150964451 0.164154107152
-118.736938724 34.4932413542 0.362649530322
-118.689341562 34.4713668759 0.684720776754
-118.641768706 34.4494730546 0.863688439811
-118.594220161 34.427559935 0.906835172275
-118.546695932 34.4056275618 0.862016921436
-118.499196023 34.3836759796 0.701910095611
-118.451720097 34.361705237 0.659042835218
-118.404268837 34.3397153706 0.543051204218
-118.356841909 34.3177064292 0.232693594473
-118.309439315 34.2956784575 -0.121526779769
-118.262061059 34.2736315003 -0.257366982342
-118.214707144 34.2515656021 -0.24505763656
-118.167377573 34.2294808078 -0.176353381195
-118.120072349 34.2073771621 -0.0803295224411
-118.072791475 34.1852547097 0.091473501607
-118.025534954 34.1631134954 0.345068759152
-117.978302789 34.140953564 0.482129043614
-117.931094643 34.1187749628 0.517781090905
-117.883911196 34.0965777313 0.438222488825
-117.836752112 34.074361917 0.288439113911
-117.789617394 34.0521275648 0.276046731063
-117.742507042 34.0298747195 0.38389664097
-117.695421059 34.0076034258 0.417457532511
-117.648359447 33.9853137287 0.340982014772
-117.601322207 33.9630056729 0.063828332489
-117.554309341 33.9406793033 -0.268022536069
-117.507320851 33.9183346648 -0.48107142994
-117.460356738 33.8959718023 -0.611860632932
-117.413417002 33.8735907606 -0.672452623792
-117.366501646 33.8511915845 -0.719270210815
-117.319610669 33.8287743191 -0.8095808659
-117.272744074 33.8063390091 -0.911073182017
-117.22590186 33.7838856995 -0.902627604778
-117.179084028 33.7614144352 -0.816364776548
-118.996711678 34.6635549813 -0.454893398202
-118.948951982 34.6417878529 -0.449353530882
-118.90121663 34.620001103 -0.391321237885
-118.853505626 34.5981947762 -0.292188759682
-118.805818976 34.5763689172 -0.178719559735
-118.758156684 34.5545235705 -0.0854349544247
-118.710518755 34.5326587808 0.184947551333
-118.662905193 34.5107745928 0.648688584246
-118.615316004 34.4888710511 0.856275850155
-118.56775119 34.4669482004 0.945119092567
-118.520210757 34.4450060854 0.930404692757
-118.472694708 34.4230447508 0.808932865359
-118.425202707 34.4010642453 0.626353929005
-118.377735438 34.3790646055 0.182669414121
-118.330292564 34.3570458804 -0.120883889134
-118.282874089 34.3350081146 -0.209359535615
-118.235480017 34.3129513529 -0.238467523003
-118.188110349 34.2908756401 -0.197041099361
-118.140765091 34.268781021 -0.194149327111
-118.093444243 34.2466675403 -0.266518480617
-118.046147811 34.224535243 -0.179622234991
-117.998875795 34.2023841737 0.0233171949967
-117.951628199 34.1802143774 0.137717307209
-117.904404686 34.1580259013 0.174868323928
-117.857205936 34.1358187853 0.161796760519
-117.810031613 34.1135930767 0.103307420173
-117.762881719 34.0913488204 0.162810361546
-117.715756256 34.0690860614 0.349027629887
-117.668655226 34.0468048444 0.370584711685
-117.62157863 34.0245052145 0.113114271644
-117.57452647 34.0021872165 -0.139184520927
-117.527498748 33.9798508952 -0.290686182819
-117.480495464 33.9574962957 -0.425293918354
-117.433516621 33.9351234628 -0.470858854622
-117.386562219 33.9127324415 -0.53370824408
-117.339632259 33.8903232767 -0.64347755658
-117.292726743 33.8678960134 -0.733263552134
-117.245845671 33.8454506965 -0.779166394949
-117.198989043 33.822987371 -0.752135859317
-117.152156861 33.8005060818 -0.687115305578
-118.970367076 34.70302311 -0.445828219872
-118.922590586 34.681246312 -0.434694614964
-118.874838505 34.6594498814 -0.398748391348
-118.827110839 34.6376338629 -0.352493424874
-118.779407591 34.6157983011 -0.221149801404
-118.731728767 34.5939432407 0.00965124789406
-118.684074372 34.5720687265 0.295442156745
-118.636444408 34.5501748031 0.463771402594
-118.588838882 34.5282615153 0.489692100617
-118.541257797 34.5063289078 0.548298186664
-118.493701157 34.4843770254 0.541250353129
-118.446168966 34.4624059128 0.535298580183
-118.398660888 34.4404156188 0.351504682604
-118.351177606 34.4184061801 -0.0101687193666
-118.303718785 34.3963776456 -0.190058313155
-118.256284427 34.3743300601 -0.193571860133
-118.208874536 34.3522634685 -0.180492084106
-118.161489115 34.3301779156 -0.184757972842
-118.114128167 34.3080734462 -0.241040104204
-118.066791695 34.2859501052 -0.308521604129
-118.019479701 34.2638079374 -0.246979024943
-117.972192189 34.2416469878 -0.137049499022
-117.924929161 34.2194673012 -0.0537366335024
-117.87769028 34.1972689249 0.00144499667634
-117.830476226 34.1750518989 -0.0255292595041
-117.783286664 34.1528162707 -0.0535252794377
-117.736121594 34.1305620851 0.0536540601038
-117.688981019 34.1082893871 0.261346911915
-117.641864941 34.0859982216 0.287769241643
-117.594773361 34.0636886337 0.0935946072296
-117.54770628 34.0413606681 -0.0744688347418
-117.500663701 34.01901437 -0.222389342521
-117.453645625 33.9966497843 -0.328541195808
-117.406652052 33.974266956 -0.369485701442
-117.359682983 33.95186593 -0.450777479763
-117.312738421 33.9294467514 -0.56074043954
-117.265818365 33.9070094651 -0.643345369702
-117.218922817 33.8845541163 -0.641248194758
-117.172051776 33.8620807498 -0.591896248205
-117.125205244 33.8395894107 -0.524353766757
-118.943998122 34.7424883935 -0.405454385095
-118.896204833 34.7207019002 -0.358567824764
-118.848436018 34.6988957632 -0.334346550899
-118.800691683 34.6770700273 -0.351467298375
-118.752971832 34.6552247371 -0.15505763362
-118.70527647 34.6333599374 0.317056735467
-118.657605601 34.611475673 0.453615880051
-118.60995923 34.5895719887 0.121791695952
-118.562337362 34.5676489292 -0.0322526599401
-118.51474 34.5457065393 -0.0473922913189
-118.467167148 34.523744864 -0.0153710224494
-118.41961881 34.5017639479 0.140213796619
-118.372094649 34.4797638397 0.0863225278792
-118.324595351 34.4577445766 -0.0922652634787
-118.277120577 34.4357062073 -0.169055464028
-118.229670332 34.4136487767 -0.120011809921
-118.182244618 34.3915723298 -0.113352696176
-118.134843438 34.3694769113 -0.19975788136
-118.087466797 34.3473625662 -0.254658384639
-118.040114696 34.3252293395 -0.240682879785
-117.992787138 34.303077276 -0.20601074714
-117.945484125 34.2809064206 -0.18145220086
-117.898205661 34.2587168184 -0.141642876231
-117.850951409 34.2365085166 -0.122557844661
-117.803722048 34.2142815554 -0.171614959135
-117.756517243 34.1920359822 -0.183231411593
-117.709336994 34.169771842 -0.0609413165884
-117.662181304 34.1474891798 0.187170805786
-117.615050175 34.1251880406 0.270955544355
-117.567943608 34.1028684694 0.223225121246
-117.520861604 34.0805305113 0.101870882286
-117.473804165 34.0581742111 -0.110373235277
-117.426771293 34.0357996141 -0.199564996514
-117.379762988 34.0134067652 -0.238662888153
-117.332779251 33.9909957094 -0.301759378804
-117.285820084 33.9685664919 -0.422753320156
-117.238885487 33.9461191577 -0.515186006533
-117.19197546 33.9236537518 -0.461000718146
-117.145090005 33.9011703193 -0.394106737855
-117.098229122 33.8786689054 -0.323368365658
-118.917604646 34.7819463001 -0.358041287746
-118.869794553 34.7601500856 -0.289579130868
-118.822009001 34.7383342164 -0.2455148421
-118.774247993 34.7164987372 -0.201823889068
-118.726511536 34.6946436928 0.0119660782508
-118.678799632 34.6727691281 0.300876904948
-118.631112288 34.6508750877 0.256758624538
-118.583449507 34.6289616167 -0.0293519857528
-118.535811293 34.6070287598 -0.18759574378
-118.488197651 34.5850765619 -0.301849006793
-118.440608585 34.5631050679 -0.26721298321
-118.393044097 34.5411143226 -0.118633361101
-118.345503852 34.5191043748 -0.096047683998
-118.297988534 34.4970752616 -0.149328190571
-118.250497806 34.4750270319 -0.151111420511
-118.203031672 34.4529597307 -0.0930788285652
-118.155590133 34.4308734028 -0.0981035490755
-118.108173194 34.4087680932 -0.168339473354
-118.060780857 34.386643847 -0.198581878068
-118.013413126 34.364500709 -0.182093017963
-117.966070002 34.3423387242 -0.170615065676
-117.918751488 34.3201579377 -0.169518251546
-117.871457587 34.2979583945 -0.163009511628
-117.824187962 34.2757401418 -0.181446646073
-117.776943294 34.2535032199 -0.199519487361
-117.729723244 34.2312476765 -0.189593722514
-117.682527816 34.2089735563 -0.0729341453925
-117.635357011 34.1866809046 0.101679646578
-117.58821083 34.1643697664 0.187397675674
-117.541089276 34.1420401867 0.226461707454
-117.493992349 34.1196922107 0.154161692959
-117.446920051 34.0973258833 0.0311074087852
-117.399872383 34.0749412498 0.0575233834704
-117.352849346 34.0525383551 0.175797525776
-117.305850941 34.0301172444 0.179716240226
-117.25887717 34.0076779629 -0.0626374624123
-117.211928032 33.9852205555 -0.194806569488
-117.165003528 33.9627450675 -0.152829059629
-117.118103659 33.940251544 -0.0905875418717
-117.071228425 33.9177400302 -0.0881224015698
-118.891186687 34.8214013107 -0.323710926508
-118.843359785 34.7995953494 -0.231261996746
-118.795557488 34.7777697222 -0.142863011774
-118.747779802 34.7559244741 -0.0241405269805
-118.700026732 34.7340596498 0.098324560708
-118.652298282 34.7121752942 0.10011969497
-118.604594456 34.6902714523 0.0491664436789
-118.556915259 34.668348169 0.00908849863787
-118.509260695 34.646405489 -0.116643420233
-118.461630768 34.6244434575 -0.320830648193
-118.414025481 34.6024621192 -0.342642287586
-118.366444839 34.5804615192 -0.224875993417
-118.318888505 34.5584417061 -0.18331138129
-118.271357163 34.5364027173 -0.178971984089
-118.223850476 34.5143446017 -0.1488635396
-118.176368447 34.4922674043 -0.0895981853952
-118.12891108 34.47017117 -0.0807714553575
-118.081478377 34.4480559439 -0.115625318665
-118.034070341 34.425921771 -0.132128477418
-117.986686975 34.4037686964 -0.131626312627
-117.939328281 34.381596765 -0.122665518009
-117.891994263 34.3594060219 -0.117093690665
-117.844684922 34.3371965123 -0.118525094282
-117.79739992 34.3149682833 -0.128104717144
-117.75013994 34.2927213756 -0.131351322847
-117.702904644 34.2704558365 -0.107238991311
-117.655694033 34.2481717111 -0.04391939792
-117.60850811 34.2258690446 0.00655091333491
-117.561346875 34.2035478821 0.0751619303376
-117.51421033 34.1812082687 0.16982818724
-117.467098478 34.1588502496 0.164789731669
-117.420011318 34.1364738698 0.147231146264
-117.372948852 34.1140791745 0.318771257596
-117.325911081 34.091666209 0.744923586092
-117.278898007 34.0692350183 0.753767919709
-117.231909628 34.0467856475 0.282156470173
-117.184945948 34.024318142 0.115810174521
-117.138006965 34.0018325469 0.203181421618
-117.09109268 33.9793289073 0.238086572647
-117.044203094 33.9568072685 0.126774373813
-118.864744076 34.8608488937 -0.317190544756
-118.816900359 34.8390331595 -0.220822057204
-118.769081315 34.8171977485 -0.117270239435
-118.721286948 34.7953427055 0.000935790646504
-118.673517262 34.7734680755 0.0593569582472
-118.625772261 34.7515739034 0.0289889877773
-118.578051951 34.7296602341 0.0323451532812
-118.530356336 34.7077271126 0.0548640379386
-118.482685419 34.6857745839 -0.0329160175479
-118.435039204 34.6638026929 -0.187726750768
-118.387417695 34.6418114847 -0.223716815355
-118.339820897 34.6198010042 -0.200602347862
-118.292248471 34.5977713002 -0.188756470566
-118.244701103 34.5757224102 -0.177448273182
-118.197178455 34.553654383 -0.139453823025
-118.14968053 34.5315672638 -0.0838845347341
-118.102207332 34.5094610975 -0.068994544105
-118.054758864 34.4873359293 -0.0802955872723
-118.007335127 34.4651918042 -0.0821558056367
-117.959936125 34.4430287674 -0.0678211336386
-117.912561861 34.4208468638 -0.0455447769285
-117.865212336 34.3986461387 -0.0350467325577
-117.817887554 34.3764266372 -0.0291297365673
-117.770587175 34.3541884066 -0.0335074470363
-117.723311883 34.3319314875 -0.0249819676413
-117.67606134 34.3096559274 -0.00195357883487
-117.628835546 34.2873617714 0.0285748493965
-117.581634503 34.2650490648 0.038022459171
-117.534458214 34.2427178527 0.0891276888869
-117.48730668 34.2203681803 0.146014916598
-117.440179901 34.1980000928 0.151772494051
-117.39307788 34.1756136353 0.180327321184
-117.346000616 34.1532088531 0.384349883067
-117.298948112 34.1307857915 0.730677031572
-117.251920368 34.1083444955 0.657308002676
-117.204917384 34.0858850105 0.350339376362
-117.157939161 34.0634073816 0.281892787902
-117.1109857 34.0409116542 0.413409572334
-117.064057001 34.0183978735 0.424204242295
-117.017153064 33.9958660847 0.2514455488
-118.838276848 34.9002935298 -0.346599856256
-118.790416312 34.8784679971 -0.264997643953
-118.742580514 34.8566227765 -0.168783879083
-118.694769459 34.8347579129 -0.0617814162697
-118.646983151 34.8128734514 0.00354697834699
-118.599221595 34.790969437 0.0225744122355
-118.551484795 34.7690459146 0.0606672373505
-118.503772756 34.7471029293 0.10687107569
-118.45608548 34.7251405261 0.0733740803089
-118.408422972 34.7031587501 -0.000674688003758
-118.360785237 34.6811576463 -0.0623852559539
-118.313172277 34.6591372598 -0.136244851131
-118.265583754 34.6370976392 -0.156868658691
-118.218020356 34.6150388223 -0.153228819232
-118.170481742 34.5929608581 -0.118540862858
-118.122967918 34.5708637915 -0.0703687327272
-118.075478885 34.5487476677 -0.0653803725332
-118.028014646 34.5266125319 -0.0718543820474
-117.980575205 34.5044584291 -0.064887571177
-117.933160564 34.4822854046 -0.0223523254501
-117.885770725 34.4600935035 0.0111270239102
-117.838405691 34.437882771 0.0309216423351
-117.791065463 34.4156532522 0.0486649517923
-117.743749705 34.3934049944 0.0491231717312
-117.696459098 34.3711380386 0.0715767785085
-117.649193303 34.3488524322 0.10309532479
-117.601952323 34.3265482203 0.127329912057
-117.55473616 34.3042254483 0.133242789236
-117.507544813 34.2818841613 0.14290158542
-117.460378286 34.2595244045 0.12934948724
-117.413236579 34.2371462234 0.107041969517
-117.366119694 34.214749663 0.10046676301
-117.319027631 34.1923347687 0.205041483691
-117.271960391 34.1699015857 0.317990833366
-117.224917975 34.1474501593 0.279743342517
-117.177900383 34.1249805349 0.209197812913
-117.130907617 34.1024927576 0.259742516318
-117.083939676 34.0799868728 0.482941156042
-117.036996561 34.0574629258 0.487334320371
-116.990078272 34.0349209619 0.241162729421
-118.811784836 34.9397306873 -0.406123256492
-118.763907477 34.91789533 -0.361522352819
-118.716054922 34.8960402738 -0.284102180583
-118.668227177 34.8741655638 -0.166836586655
-118.620424244 34.8522712449 -0.0776298558927
-118.57264613 34.8303573623 -0.0140155561983
-118.524892837 34.808423961 0.0502034427494
-118.47716437 34.7864710861 0.10968752183
-118.429460734 34.7644987826 0.101088893501
-118.381781931 34.7425070958 0.0523364906508
-118.334127966 34.7204960706 -0.024236265421
-118.286498842 34.6984657523 -0.0945881303791
-118.238894222 34.6764161894 -0.107731987681
-118.19131479 34.6543474201 -0.0800230931638
-118.14376021 34.632259493 -0.049000707706
-118.096230483 34.6101524535 -0.0570389603788
-118.048725614 34.5880263465 -0.0916999184485
-118.001245604 34.5658812175 -0.121025081035
-117.953790457 34.5437171115 -0.12868437153
-117.906360175 34.5215340737 -0.0962063414917
-117.858954761 34.4993321495 -0.0676731047073
-117.811574216 34.477111384 -0.0218873641002
-117.764218543 34.4548718224 0.0132284117916
-117.716887404 34.4326135121 0.051026442436
-117.66958148 34.4103364941 0.0941477919043
-117.622300435 34.3880408159 0.142045154431
-117.575044269 34.3657265227 0.167672248739
-117.527812983 34.3433936598 0.171999212204
-117.48060658 34.3210422726 0.148821173519
-117.43342506 34.2986724062 0.0951535862123
-117.386268425 34.2762841061 0.0406010280261
-117.339136676 34.2538774175 0.0023128813433
-117.292029813 34.2314523858 0.0243918756441
-117.244947838 34.2090090563 0.0319494041004
-117.197890751 34.1865474743 0.0192784814723
-117.150858553 34.1640676852 0.020654321172
-117.103851244 34.1415697343 0.103476134107
-117.056868824 34.119053667 0.256030112544
-117.009911294 34.0965195286 0.22174809764
-116.962978654 34.0739673645 0.0843376965905
-118.785268074 34.979164847 -0.474083472627
-118.737373886 34.9573196393 -0.481876661253
-118.689504569 34.9354547218 -0.412382985005
-118.641660126 34.9135701395 -0.268975607762
-118.593840564 34.8916659375 -0.158363200414
-118.546045885 34.8697421609 -0.0707183785444
-118.498276094 34.8477988549 0.00682291722974
-118.450531195 34.8258360646 0.0708686618561
-118.402811193 34.8038538352 0.0722227090236
-118.35511609 34.7818522118 0.0153571565891
-118.30744589 34.7598312396 -0.0435597347633
-118.259800598 34.7377909638 -0.0807054265686
-118.212179874 34.7157314331 -0.0640427611802
-118.164584406 34.6936526856 0.0163967173051
-118.117013854 34.6715547702 0.0235844643328
-118.069468221 34.649437732 -0.0670151124268
-118.021947511 34.6273016164 -0.142396585734
-117.974451727 34.6051464685 -0.208426123669
-117.92698087 34.5829723337 -0.237525537943
-117.879534944 34.5607792573 -0.23628422892
-117.83211395 34.5385672844 -0.204356296139
-117.784717891 34.5163364604 -0.13587868093
-117.737346769 34.4940868306 -0.0724436508855
-117.690000246 34.4718184423 0.00254712266173
-117.642679004 34.4495313368 0.0675732072174
-117.595382704 34.4272255614 0.128952622955
-117.548111349 34.4049011615 0.160170301878
-117.500864939 34.3825581825 0.162502586067
-117.453643476 34.3601966696 0.122770541568
-117.406446961 34.3378166683 0.0401315756683
-117.359275396 34.315418224 -0.0290883992409
-117.31212878 34.2930013819 -0.074692643891
-117.265007116 34.2705661876 -0.10233786136
-117.217910404 34.2481126863 -0.136580720717
-117.170838644 34.2256409235 -0.160712095948
-117.123791837 34.2031509445 -0.166809879401
-117.076769984 34.1806427948 -0.139876825565
-117.029773084 34.1581165198 -0.136255391259
-116.982801138 34.135572165 -0.144414923796
-116.935854145 34.1130097756 -0.114414444944
-118.758726398 35.0185914768 -0.513970181716
-118.710815377 34.9967363928 -0.515390652455
-118.662929294 34.9748615879 -0.440507246499
-118.615068152 34.9529671074 -0.319405225394
-118.567231955 34.9310529963 -0.210927163936
-118.51942071 34.9091192999 -0.12022933974
-118.471634418 34.8871660633 -0.0430323029641
-118.423873085 34.8651933318 0.0118679938793
-118.376136713 34.8432011505 0.0146507951036
-118.328425308 34.8211895648 -0.0219866056725
-118.280738872 34.7991586198 -0.0546645196367
-118.233077409 34.7771083608 -0.0672456693204
-118.18544058 34.7550388363 -0.036517129201
-118.137829073 34.732950085 0.0198854344475
-118.090242548 34.7108421554 -0.00561924270477
-118.042681008 34.688715093 -0.0959155903066
-117.995144456 34.666568943 -0.178639345995
-117.947632895 34.6444037507 -0.250495934807
-117.900146327 34.6222195615 -0.283931302253
-117.852684755 34.6000164207 -0.292325791237
-117.805248181 34.5777943737 -0.254774164389
-117.757836608 34.5555534657 -0.191439727069
-117.710450036 34.5332937422 -0.117207334445
-117.663088128 34.5110152503 -0.039239089284
-117.615751567 34.4887180317 0.0297542749166
-117.568440013 34.4664021337 0.0865314047581
-117.521153468 34.4440676016 0.11237414212
-117.473891934 34.421714481 0.108337949988
-117.426655411 34.3993428172 0.0603261747349
-117.379443902 34.3769526556 -0.0172707575109
-117.332257406 34.3545440417 -0.0852791576928
-117.285095925 34.3321170208 -0.140397905556
-117.23795946 34.3096716385 -0.188192866797
-117.190848011 34.2872079402 -0.236987427138
-117.14376158 34.2647259713 -0.269952031355
-117.096700165 34.2422257772 -0.295257529728
-117.049663768 34.2197074036 -0.30584866232
-117.002652389 34.1971708957 -0.33498783516
-116.955666028 34.1746162992 -0.306786009144
-116.908704685 34.1520436595 -0.250121109473
