-119.336999976 34.1500010364 0.463578637663
-119.289458115 34.1283572771 0.418914186485
-119.241939758 34.1066940424 0.33408507278
-119.194444913 34.0850113761 0.201102338346
-119.146973585 34.063309322 0.0145653009609
-119.099525778 34.041587924 -0.196192622956
-119.052101499 34.019847226 -0.364848290998
-119.004700752 33.9980872718 -0.480097045459
-118.957323543 33.9763081053 -0.553735345474
-118.909969877 33.9545097704 -0.592592293488
-118.86263942 33.9326923162 -0.598448443796
-118.815332853 33.9108557762 -0.573324007113
-118.768049843 33.8890001996 -0.523934639824
-118.720790395 33.8671256304 -0.458936947465
-118.673554511 33.8452321126 -0.387167867135
-118.626342198 33.8233196901 -0.320185345105
-118.579153458 33.801388407 -0.273358044321
-118.531988297 33.7794383072 -0.262562175279
-118.484846717 33.7574694348 -0.297945804018
-118.437728722 33.7354818338 -0.369477893087
-118.390634316 33.7134755483 -0.400172136787
-118.343563503 33.6914506223 -0.328057332973
-118.296516285 33.6694071 -0.190367914729
-118.24949233 33.6473450287 -0.0089167406462
-118.202492314 33.6252644457 0.144063028502
-118.155515903 33.6031653985 0.243278276997
-118.1085631 33.5810479314 0.284495988936
-118.061633908 33.5589120884 0.267540104189
-118.01472833 33.5367579137 0.198189438533
-117.967846367 33.5145854513 0.0931213613786
-117.920988023 33.4923947456 -0.0204145622623
-117.8741533 33.4701858406 -0.118482245993
-117.827342199 33.4479587805 -0.192602209937
-117.780554724 33.4257136095 -0.246421855493
-117.733790875 33.4034503717 -0.287909713893
-117.687050655 33.3811691115 -0.324375955809
-117.640334066 33.358869873 -0.35999794991
-117.593641108 33.3365527004 -0.396721491843
-117.546971785 33.314217638 -0.440004809114
-117.500326096 33.2918647299 -0.489275253198
-119.310966774 34.1895354099 0.544947073915
-119.263408189 34.1678823141 0.510970487823
-119.215873173 34.1462097316 0.423053742832
-119.168361732 34.1245177061 0.272386266725
-119.120873871 34.1028062817 0.0316786319521
-119.073409595 34.0810755023 -0.249381306827
-119.02596891 34.0593254116 -0.419131790096
-118.978551822 34.0375560537 -0.524579743198
-118.931158334 34.0157674726 -0.588541337942
-118.883788453 33.9939597122 -0.618935893495
-118.836441844 33.9721328215 -0.612081614926
-118.789119188 33.9502868343 -0.566391658143
-118.741820153 33.9284217997 -0.493816121264
-118.694544742 33.9065377619 -0.403799010533
-118.64729296 33.8846347647 -0.302302843876
-118.600064768 33.8627105985 -0.201871048518
-118.552860257 33.8407698149 -0.124438309099
-118.505679386 33.8188102042 -0.0938245680246
-118.458522159 33.7968318106 -0.128396454402
-118.411388581 33.774834678 -0.244822610122
-118.364278655 33.7528188505 -0.296704402587
-118.317192384 33.7307843724 -0.169546137081
-118.270129771 33.7087312878 -0.0135538719868
-118.223090483 33.686659644 0.214420278103
-118.176075197 33.6645694785 0.364690136745
-118.129083578 33.6424608389 0.449727931362
-118.08211563 33.6203337694 0.46910599898
-118.035171355 33.5981883141 0.419160541583
-117.988250756 33.5760245173 0.302474605758
-117.941353835 33.5538424231 0.14085081259
-117.894480595 33.5316420757 -0.0169411808042
-117.847631038 33.5094235195 -0.134563612863
-117.800805165 33.4871867986 -0.211640684766
-117.75400298 33.4649319572 -0.261619591239
-117.707224483 33.4426590396 -0.299148040332
-117.660469677 33.4203680901 -0.335139474119
-117.613738564 33.3980591529 -0.373619312255
-117.567031144 33.3757322724 -0.411753741944
-117.520347419 33.3533874927 -0.462480740105
-117.473687391 33.3310248582 -0.522929823533
-119.284909948 34.229062758 0.630692046442
-119.237334634 34.2074003001 0.617003168918
-119.189782954 34.1857183442 0.522832320911
-119.142254913 34.1640169341 0.322404530647
-119.094750515 34.1422961138 0.0240481762278
-119.047269766 34.1205559273 -0.285503000806
-118.999812672 34.0987964186 -0.457841404624
-118.952379238 34.0770176317 -0.548619617897
-118.904969468 34.0552196105 -0.60203313629
-118.857583368 34.0334023991 -0.629526479425
-118.810220604 34.0115660465 -0.612376507056
-118.762881857 33.9897105866 -0.540650404392
-118.715566793 33.9678360688 -0.447874340855
-118.668275416 33.9459425369 -0.335715179736
-118.621007732 33.9240300352 -0.199523421026
-118.573763743 33.9020986076 -0.0521005366285
-118.526543455 33.8801482985 0.0725527887657
-118.47934687 33.8581791518 0.14288620938
-118.432173992 33.8361912116 0.152775279
-118.385024826 33.8141845223 0.126588303314
-118.337899375 33.7921591279 0.205418532383
-118.290797641 33.7701150725 0.262253989627
-118.243719629 33.7480524005 0.378381965646
-118.196665003 33.7259711592 0.52307244808
-118.149634443 33.7038713862 0.624221929281
-118.102627612 33.6817531292 0.680363003905
-118.055644515 33.6596164323 0.669746325118
-118.008685154 33.6374613397 0.580440779639
-117.96174953 33.6152878958 0.403169433905
-117.914837647 33.5930961448 0.158329743872
-117.867949508 33.570886131 -0.0511413746393
-117.821085113 33.5486578986 -0.17509279389
-117.774244465 33.526411492 -0.245638736569
-117.727427567 33.5041469553 -0.285081657385
-117.680634419 33.4818643331 -0.31640403902
-117.633865024 33.4595636695 -0.354184396268
-117.587119383 33.4372450088 -0.402447301152
-117.540397498 33.4149083955 -0.461585749435
-117.49369937 33.3925538738 -0.524301191633
-117.447025 33.3701814881 -0.575313995044
-119.258829555 34.2685875614 0.70915849686
-119.211237506 34.246915716 0.730750204673
-119.163669155 34.2252243613 0.62609092763
-119.116124506 34.2035135412 0.365220821484
-119.068603565 34.1817832997 0.0483905711617
-119.021106337 34.1600336808 -0.270005590895
-118.973632828 34.1382647287 -0.459589021566
-118.926183041 34.1164764873 -0.523870000888
-118.878756983 34.0946690007 -0.568274692915
-118.831354658 34.072842313 -0.602731597379
-118.783975733 34.0509964733 -0.57625774441
-118.736620888 34.0291315156 -0.478117448776
-118.68928979 34.0072474891 -0.38644373089
-118.641982443 33.985344438 -0.264710245134
-118.594698851 33.9634224064 -0.0907727151369
-118.547439018 33.9414814386 0.122984496847
-118.500202948 33.9195215785 0.310899579558
-118.452990646 33.8975428705 0.427766423883
-118.405802113 33.8755453588 0.502078220891
-118.358637356 33.8535290875 0.608695199141
-118.311496375 33.8314941009 0.734896435825
-118.264379176 33.8094404432 0.759062581925
-118.217285761 33.7873681587 0.812206138612
-118.170215796 33.7652772948 0.844093272913
-118.123169958 33.7431678892 0.883422464238
-118.076147913 33.7210399896 0.909885865924
-118.029149664 33.6988936402 0.859780633892
-117.982175213 33.6767288854 0.730501912379
-117.935224563 33.6545457694 0.484291381097
-117.888297716 33.6323443366 0.12787705154
-117.841394674 33.6101246313 -0.121635669648
-117.79451544 33.5878866978 -0.229194910428
-117.747660015 33.5656305805 -0.29169166282
-117.700828402 33.5433563238 -0.316566419809
-117.654020602 33.5210639719 -0.344931983911
-117.607236616 33.4987535693 -0.387792032586
-117.560476447 33.4764251603 -0.451585908469
-117.513740095 33.4540787894 -0.544894842291
-117.467027562 33.4317145009 -0.608364939714
-117.42033885 33.4093323392 -0.636716498189
-119.23272541 34.3081052896 0.758281836711
-119.185116623 34.2864240311 0.787698026121
-119.137531596 34.264723252 0.671855369668
-119.089970336 34.2430029963 0.403672589809
-119.042432848 34.221263308 0.0972913428163
-118.994919136 34.1995042312 -0.177825638667
-118.947429207 34.1777258102 -0.34405591588
-118.899963065 34.1559280888 -0.416293663075
-118.852520715 34.1341111114 -0.447741059799
-118.805102162 34.112274922 -0.451493580399
-118.757707072 34.0904195696 -0.410829655282
-118.710336127 34.0685450886 -0.367639904331
-118.662988991 34.0466515282 -0.319199783382
-118.61566567 34.0247389324 -0.210564657567
-118.568366168 34.0028073457 -0.0037318238501
-118.521090488 33.9808568121 0.311099496636
-118.473838635 33.9588873759 0.567842854604
-118.426610612 33.9368990813 0.701251885665
-118.379406423 33.9148919727 0.796204310272
-118.332226072 33.8928660942 0.906571778977
-118.285069561 33.8708214902 0.994138403677
-118.237936894 33.8487582049 1.06023253967
-118.190828074 33.8266762826 1.11887865361
-118.143742767 33.8045757709 1.11622233281
-118.09668165 33.7824567076 1.1130694872
-118.04964439 33.7603191403 1.0844008591
-118.002630987 33.7381631134 0.976412185259
-117.955641446 33.7159886712 0.771612335443
-117.908675768 33.693795858 0.464185760316
-117.861733956 33.6715847184 0.114465111081
-117.814816012 33.6493552966 -0.137705759049
-117.767921937 33.627107637 -0.281493503651
-117.721051735 33.604841784 -0.346590622435
-117.674205406 33.5825577822 -0.376121474412
-117.627382952 33.5602556757 -0.414742205902
-117.580584376 33.5379355092 -0.468246537183
-117.533809678 33.515597327 -0.546468067984
-117.487058859 33.4932411736 -0.632302793091
-117.440331922 33.4708670934 -0.681469886579
-117.393628867 33.4484751309 -0.69200110264
-119.20659757 34.3476204235 0.766551019242
-119.158972036 34.3259297264 0.814627494405
-119.111370328 34.3042194974 0.715337999783
-119.063792449 34.2824897806 0.443766620865
-119.016238407 34.2607406202 0.181858600032
-118.968708206 34.2389720601 -0.02209103058
-118.921201851 34.2171841447 -0.177593424136
-118.873719348 34.1953769181 -0.254596712614
-118.8262607 34.1735504244 -0.271113554628
-118.778825913 34.1517047079 -0.222582375333
-118.731414652 34.1298398176 -0.184750709579
-118.6840276 34.107955788 -0.225932515637
-118.636664422 34.0860526683 -0.246087268072
-118.589325122 34.0641305027 -0.190630315369
-118.542009704 34.0421893354 0.00400750513616
-118.494718173 34.0202292109 0.486374129421
-118.447450531 33.9982501733 0.765557460724
-118.400206783 33.9762522669 0.874451108615
-118.352986932 33.9542355362 0.949100807079
-118.305790982 33.9322000253 1.04040447152
-118.258618936 33.9101457787 1.14765950575
-118.211470797 33.8880728407 1.25949302661
-118.164346568 33.8659812556 1.30433195731
-118.117245915 33.843871071 1.27711228897
-118.070169516 33.8217423248 1.24141381933
-118.023117035 33.7995950648 1.16706809741
-117.976088476 33.7774293352 1.00913732671
-117.929083841 33.7552451806 0.716433468828
-117.882103131 33.7330426453 0.398281159052
-117.835146351 33.7108217738 0.108385031983
-117.7882135 33.6885826105 -0.146075296754
-117.741304582 33.6663251999 -0.327186687646
-117.694419599 33.6440495864 -0.40152925522
-117.647558552 33.6217558144 -0.443724645726
-117.600721442 33.5994439286 -0.493294747647
-117.553908272 33.5771139732 -0.563561345471
-117.507119043 33.554765993 -0.640909719056
-117.460353756 33.5324000322 -0.70668341402
-117.413612411 33.5100161355 -0.740510380542
-117.366895012 33.4876143474 -0.730203168278
-119.180445852 34.3871284322 0.726802901475
-119.132803567 34.365428271 0.789294143756
-119.085185172 34.3437085665 0.727682269081
-119.037590672 34.321969363 0.540236641191
-118.990020072 34.3002107047 0.360358000947
-118.942473377 34.2784326358 0.169526454287
-118.894950593 34.2566352005 0.00127427058244
-118.847451724 34.234818443 -0.0754077545063
-118.799976775 34.2129824076 -0.0962077276754
-118.752525751 34.1911271386 -0.0592131042906
-118.705098317 34.1692526848 -0.00778965950062
-118.657695155 34.1473590812 0.0162142738184
-118.610315931 34.1254463767 -0.0845808126495
-118.56296065 34.1035146158 -0.168602007726
-118.515629314 34.0815638427 -0.103423151955
-118.468321928 34.0595941018 0.302618761485
-118.421038495 34.0376054374 0.693503347806
-118.37377902 34.015597894 0.813040883458
-118.326543505 33.9935715158 0.871021822758
-118.279331954 33.9715263473 0.982096544028
-118.232144371 33.9494624328 1.12426734511
-118.184980758 33.9273798168 1.27838991624
-118.137841119 33.9052785437 1.25832030843
-118.090725118 33.8831586609 1.20981754387
-118.043633435 33.8610202067 1.15292288385
-117.996565733 33.8388632287 1.08542935499
-117.949522015 33.8166877714 0.915355421479
-117.902502285 33.7944938792 0.626919588841
-117.855506543 33.7722815967 0.321801067048
-117.808534793 33.7500509682 0.0403772815058
-117.761587036 33.7278020384 -0.200275985709
-117.714663274 33.7055348516 -0.354682578616
-117.667763509 33.6832494525 -0.431365457752
-117.620887743 33.6609458855 -0.478785289553
-117.574035977 33.6386241952 -0.532989980621
-117.527208214 33.6162844262 -0.605556942154
-117.480404453 33.5939266229 -0.675007431402
-117.433624696 33.5715508299 -0.731398785211
-117.386868946 33.5491570918 -0.753737484065
-117.340137201 33.5267454532 -0.744094422734
-119.154270307 34.4266337968 0.626121051051
-119.106611265 34.4049241458 0.714365843155
-119.058976177 34.3831949403 0.721664891701
-119.011365048 34.3614462247 0.655721350367
-118.963777884 34.3396780431 0.604085615356
-118.91621469 34.3178904399 0.399152254186
-118.86867547 34.2960834592 0.190713984015
-118.82116023 34.2742571455 0.112828364807
-118.773668974 34.2524115429 0.0452461009222
-118.726201706 34.2305466959 0.0322351208026
-118.678758093 34.2086626534 0.111132653524
-118.631338816 34.1867594503 0.221633863987
-118.583943542 34.1648371358 0.105344954066
-118.536572273 34.1428957542 -0.104388564139
-118.489225013 34.12093535 -0.0856903328918
-118.441901768 34.0989559675 0.0528962403944
-118.394602539 34.0769576511 0.281377429688
-118.347327332 34.0549404452 0.535383687262
-118.300076148 34.0329043944 0.606968449302
-118.252848993 34.010849543 0.760163851345
-118.205645868 33.9887759355 0.918147871524
-118.158466777 33.9666836163 1.02659656046
-118.111311723 33.9445726299 1.02838342067
-118.064180371 33.9224430238 0.974819190623
-118.017073399 33.9002948365 0.928097860142
-117.969990472 33.8781281155 0.914854086117
-117.922931593 33.8559429053 0.778203967663
-117.875896763 33.8337392505 0.510085289567
-117.828885986 33.8115171957 0.228053114764
-117.781899263 33.7892767852 -0.0647704445183
-117.734936596 33.7670180638 -0.27555926003
-117.687997987 33.744741076 -0.372252933566
-117.641083438 33.7224458663 -0.433413217214
-117.59419295 33.7001324793 -0.473924600778
-117.547326526 33.6778009596 -0.529074745164
-117.500484165 33.6554513519 -0.598692519375
-117.453665871 33.6330837006 -0.665890297894
-117.406871643 33.6106980506 -0.717342384025
-117.360101483 33.5882944462 -0.741943557285
-117.313355392 33.5658729322 -0.739282665487
-119.128070757 34.4661319862 0.450236587532
-119.080394953 34.4444128197 0.491030177262
-119.032743168 34.4226740877 0.555107599508
-118.985115407 34.4009158342 0.728933948073
-118.937511675 34.3791381037 0.937215348479
-118.889931977 34.3573409405 0.775411154427
-118.842376318 34.335524389 0.512967421657
-118.794844703 34.3136884934 0.301516439196
-118.747337136 34.2918332981 0.155496329007
-118.699853622 34.2699588476 0.105701661143
-118.652393827 34.2480651908 0.176320177472
-118.604958772 34.2261523583 0.323508755043
-118.557547104 34.2042204127 0.324508365536
-118.510159845 34.182269385 0.191491684829
-118.46279666 34.1602993242 0.131703232918
-118.415457552 34.1383102746 0.0640485443847
-118.368142526 34.1163022808 0.116472666415
-118.320851584 34.0942753872 0.211738436178
-118.27358473 34.0722296383 0.285540603243
-118.226341967 34.0501650787 0.430649989751
-118.179123299 34.0280817528 0.590227449451
-118.131928728 34.0059797052 0.726196845576
-118.084758258 33.9838589803 0.776957005233
-118.037611553 33.9617196257 0.741457538806
-117.990489291 33.93956168 0.695045239399
-117.943391138 33.9173851907 0.672527388246
-117.896317096 33.8951902025 0.561325464728
-117.849267167 33.8729767599 0.375207275509
-117.802241353 33.8507449075 0.15022646059
-117.755239656 33.82849469 -0.0996147825411
-117.708262079 33.8062261519 -0.26365756313
-117.661308622 33.7839393379 -0.339524914246
-117.614379288 33.7616342925 -0.388901847753
-117.567474079 33.7393110605 -0.43454278564
-117.520592995 33.7169696865 -0.492998440633
-117.473736039 33.6946102151 -0.565761144486
-117.42690321 33.672232691 -0.633536416128
-117.380094511 33.6498371588 -0.688426545317
-117.333309943 33.6274236633 -0.718220265191
-117.286549505 33.6049922491 -0.724974426782
-119.10184725 34.5056274814 0.225817991286
-119.054154678 34.4838987739 0.160759598498
-119.006486189 34.4621504896 0.285819498061
-118.958841789 34.4403826728 0.69188221198
-118.911221483 34.4185953679 1.0769336938
-118.863625275 34.3967886193 0.993032890077
-118.816053171 34.3749624713 0.75156502011
-118.768505175 34.3531169684 0.420845342303
-118.720981292 34.331252155 0.246303911665
-118.673481527 34.3093680755 0.174978702598
-118.626005883 34.2874647745 0.236840799772
-118.578554365 34.2655422963 0.443461876453
-118.531126638 34.2436006897 0.531576535218
-118.483723384 34.2216399906 0.526749166676
-118.436344268 34.1996602478 0.409702972954
-118.388989293 34.1776615058 0.194425885841
-118.341658464 34.1556438093 0.0602866325957
-118.294351783 34.1336072026 -0.0355929845794
-118.247069254 34.1115517305 0.0267674980732
-118.19981088 34.0894774373 0.170455757943
-118.152576664 34.0673843678 0.346753435071
-118.105366609 34.0452725665 0.526415750038
-118.058180718 34.0231420779 0.625919362345
-118.011018656 34.0009929496 0.555195138593
-117.963881102 33.9788252203 0.474347323665
-117.916767719 33.9566389376 0.427186767886
-117.86967851 33.9344341463 0.348607823082
-117.822613478 33.9122108908 0.262336474269
-117.775572624 33.8899692158 0.108117697119
-117.72855595 33.8677091661 -0.090473004612
-117.681563459 33.8454307863 -0.221598915238
-117.634595152 33.8231341211 -0.275783045539
-117.587651031 33.8008192151 -0.329009239649
-117.540731097 33.778486113 -0.387740991707
-117.493835351 33.7561348596 -0.451882756961
-117.446963796 33.7337654996 -0.530946555987
-117.400116431 33.7113780776 -0.600630061224
-117.353293259 33.6889726385 -0.661619547118
-117.306494279 33.6665492269 -0.696807199359
-117.259719494 33.6441078875 -0.709769563227
-119.075599609 34.5451157512 0.0348964343651
-119.027890264 34.523377477 -0.0312292317125
-118.980205068 34.5016196148 0.110757192178
-118.932544025 34.479842209 0.430914401341
-118.884907141 34.458045304 0.682859931107
-118.83729442 34.4362289442 0.775988532202
-118.789705867 34.4143931742 0.68164664633
-118.742141487 34.3925380384 0.526180503817
-118.694601285 34.3706635812 0.444908065393
-118.647085264 34.3487698472 0.385043620181
-118.59959343 34.326856881 0.434519048741
-118.552125786 34.3049247269 0.550405909374
-118.504681997 34.2829734338 0.671085177969
-118.457262745 34.2610030377 0.67561451695
-118.409867696 34.2390135875 0.477700702348
-118.362496852 34.2170051277 0.199472848571
-118.315150218 34.1949777029 -0.0260653516726
-118.267827795 34.1729313578 -0.158137696028
-118.220529589 34.150866137 -0.118969451035
-118.173255602 34.128782085 0.00450801495098
-118.126005837 34.1066792465 0.183951498665
-118.078780297 34.0845576662 0.409523108711
-118.031578984 34.0624173886 0.579721127047
-117.984401564 34.0402584612 0.480602752457
-117.937248715 34.0180809231 0.391753615915
-117.890120101 33.9958848218 0.29096070404
-117.843015725 33.973670202 0.210624258515
-117.795935588 33.9514371084 0.15856431635
-117.748879694 33.9291855858 0.0566744844622
-117.701848043 33.9069156787 -0.0779794178801
-117.654840638 33.884627432 -0.181622342258
-117.60785748 33.8623208904 -0.256570610508
-117.56089857 33.8399960987 -0.330509409958
-117.513963912 33.8176531015 -0.395619249739
-117.467053504 33.7952919437 -0.462747027744
-117.42016735 33.77291267 -0.530466093924
-117.37330545 33.7505153252 -0.598484519858
-117.326467804 33.7280999541 -0.660804615048
-117.279654414 33.7056666015 -0.696002276637
-117.232865281 33.6832153121 -0.696197622792
-119.04932788 34.5846012766 -0.090019343463
-119.001601757 34.5628534101 -0.144639524408
-118.953899846 34.5410859444 -0.0681608283011
-118.906222154 34.5192989239 0.0845276605093
-118.858568686 34.4974923933 0.264472531202
-118.810939445 34.4756663969 0.439982649596
-118.763334438 34.4538209793 0.51495712625
-118.715753669 34.431956185 0.617491836102
-118.668197141 34.4100720586 0.643919189312
-118.62066486 34.3881686446 0.609475685542
-118.57315683 34.3662459877 0.595800685846
-118.525673054 34.3443041323 0.521670028589
-118.478213198 34.3223431273 0.608449634828
-118.430777944 34.3003630088 0.535780721398
-118.383366956 34.2783638257 0.309930949049
-118.335980238 34.2563456228 0.0407730832259
-118.288617794 34.2343084445 -0.14712138855
-118.241279626 34.2122523356 -0.209210737769
-118.193965738 34.1901773407 -0.191137812936
-118.146676134 34.1680835046 -0.115791573037
-118.099410815 34.1459708718 0.0420532634929
-118.052169785 34.1238394872 0.27600386641
-118.004953047 34.1016893954 0.416449451728
-117.957760264 34.0795206437 0.427048676671
-117.910592117 34.0573332716 0.347270096436
-117.863448269 34.0351273265 0.177585841474
-117.816328722 34.0129028531 0.0894079661518
-117.769233478 33.9906598963 0.0642004796997
-117.722162539 33.9683985007 0.00418318993716
-117.675115908 33.9461187112 -0.0776145663525
-117.628093586 33.9238205726 -0.17572070634
-117.581095574 33.9015041296 -0.294531254233
-117.534121875 33.879169427 -0.379741766744
-117.487172488 33.8568165097 -0.444273917655
-117.440247417 33.8344454225 -0.498650381578
-117.393346662 33.8120562101 -0.546771766392
-117.346470223 33.7896489175 -0.605784027133
-117.299618102 33.7672235895 -0.673579777527
-117.2527903 33.7447802709 -0.698862713314
-117.205986817 33.7223190065 -0.672329180144
-119.023031889 34.6240795263 -0.162887650741
-118.975288982 34.6023220417 -0.206142461888
-118.927570354 34.5805449467 -0.171541549897
-118.879876009 34.5587482859 -0.0965904278373
-118.832205953 34.5369321038 0.0465071006842
-118.784560189 34.5150964451 0.206221483709
-118.736938724 34.4932413542 0.351119341781
-118.689341562 34.4713668759 0.517175787341
-118.641768706 34.4494730546 0.583498840052
-118.594220161 34.427559935 0.602297225472
-118.546695932 34.4056275618 0.560498229385
-118.499196023 34.3836759796 0.454000702044
-118.451720097 34.361705237 0.41426599544
-118.404268837 34.3397153706 0.298121650776
-118.356841909 34.3177064292 0.10353809902
-118.309439315 34.2956784575 -0.0763814720222
-118.262061059 34.2736315003 -0.182303014712
-118.214707144 34.2515656021 -0.218443393514
-118.167377573 34.2294808078 -0.209153070808
-118.120072349 34.2073771621 -0.164104577175
-118.072791475 34.1852547097 -0.0466694457907
-118.025534954 34.1631134954 0.105558520388
-117.978302789 34.140953564 0.199406371417
-117.931094643 34.1187749628 0.238722322916
-117.883911196 34.0965777313 0.172017249397
-117.836752112 34.074361917 0.0508950273483
-117.789617394 34.0521275648 -0.0111438857095
-117.742507042 34.0298747195 -0.0298204059158
-117.695421059 34.0076034258 -0.0773504642765
-117.648359447 33.9853137287 -0.151413782557
-117.601322207 33.9630056729 -0.256009506267
-117.554309341 33.9406793033 -0.36060881723
-117.507320851 33.9183346648 -0.434635332228
-117.460356738 33.8959718023 -0.482493057406
-117.413417002 33.8735907606 -0.517165199904
-117.366501646 33.8511915845 -0.548994832795
-117.319610669 33.8287743191 -0.594371215402
-117.272744074 33.8063390091 -0.646858240288
-117.22590186 33.7838856995 -0.655000958324
-117.179084028 33.7614144352 -0.623162273775
-118.996711678 34.6635549813 -0.194420249221
-118.948951982 34.6417878529 -0.218564355789
-118.90121663 34.620001103 -0.201853605212
-118.853505626 34.5981947762 -0.153305463533
-118.805818976 34.5763689172 -0.0580975339281
-118.758156684 34.5545235705 0.0495901583202
-118.710518755 34.5326587808 0.174243731119
-118.662905193 34.5107745928 0.308292543945
-118.615316004 34.4888710511 0.386144927422
-118.56775119 34.4669482004 0.448429178678
-118.520210757 34.4450060854 0.437730285937
-118.472694708 34.4230447508 0.38370027282
-118.425202707 34.4010642453 0.29191450067
-118.377735438 34.3790646055 0.0884038353669
-118.330292564 34.3570458804 -0.0638549408981
-118.282874089 34.3350081146 -0.123044531701
-118.235480017 34.3129513529 -0.169914313741
-118.188110349 34.2908756401 -0.193013131711
-118.140765091 34.268781021 -0.191134820192
-118.093444243 34.2466675403 -0.171072091834
-118.046147811 34.224535243 -0.11290733595
-117.998875795 34.2023841737 -0.057225172153
-117.951628199 34.1802143774 -0.0110185767231
-117.904404686 34.1580259013 0.0108799973248
-117.857205936 34.1358187853 -0.0163861999101
-117.810031613 34.1135930767 -0.0652587157189
-117.762881719 34.0913488204 -0.0976450508279
-117.715756256 34.0690860614 -0.110126985077
-117.668655226 34.0468048444 -0.157559499763
-117.62157863 34.0245052145 -0.251884562812
-117.57452647 34.0021872165 -0.348015304707
-117.527498748 33.9798508952 -0.418555666134
-117.480495464 33.9574962957 -0.472051822536
-117.433516621 33.9351234628 -0.492762502043
-117.386562219 33.9127324415 -0.509294886185
-117.339632259 33.8903232767 -0.522654377414
-117.292726743 33.8678960134 -0.549490530754
-117.245845671 33.8454506965 -0.583361238944
-117.198989043 33.822987371 -0.581127911889
-117.152156861 33.8005060818 -0.547358402899
-118.970367076 34.70302311 -0.200373524544
-118.922590586 34.681246312 -0.209998236072
-118.874838505 34.6594498814 -0.193322915173
-118.827110839 34.6376338629 -0.15362907208
-118.779407591 34.6157983011 -0.0850303602904
-118.731728767 34.5939432407 -0.0116144070332
-118.684074372 34.5720687265 0.0698505504946
-118.636444408 34.5501748031 0.130195994934
-118.588838882 34.5282615153 0.171550354896
-118.541257797 34.5063289078 0.210955248676
-118.493701157 34.4843770254 0.210858920016
-118.446168966 34.4624059128 0.203387056148
-118.398660888 34.4404156188 0.121517311524
-118.351177606 34.4184061801 -0.0282497436887
-118.303718785 34.3963776456 -0.113757624985
-118.256284427 34.3743300601 -0.136900033617
-118.208874536 34.3522634685 -0.155410615519
-118.161489115 34.3301779156 -0.166130905809
-118.114128167 34.3080734462 -0.167823086937
-118.066791695 34.2859501052 -0.160551630824
-118.019479701 34.2638079374 -0.138316393026
-117.972192189 34.2416469878 -0.124975196283
-117.924929161 34.2194673012 -0.103295762928
-117.87769028 34.1972689249 -0.0976742257124
-117.830476226 34.1750518989 -0.103204149244
-117.783286664 34.1528162707 -0.121627551887
-117.736121594 34.1305620851 -0.129069102921
-117.688981019 34.1082893871 -0.135850914949
-117.641864941 34.0859982216 -0.178273473983
-117.594773361 34.0636886337 -0.266358082798
-117.54770628 34.0413606681 -0.345918986925
-117.500663701 34.01901437 -0.410977953965
-117.453645625 33.9966497843 -0.4495502086
-117.406652052 33.974266956 -0.462375503545
-117.359682983 33.95186593 -0.466695496187
-117.312738421 33.9294467514 -0.465958271932
-117.265818365 33.9070094651 -0.476801317951
-117.218922817 33.8845541163 -0.483476633077
-117.172051776 33.8620807498 -0.469987308896
-117.125205244 33.8395894107 -0.447965810375
-118.943998122 34.7424883935 -0.191275464686
-118.896204833 34.7207019002 -0.185824994908
-118.848436018 34.6988957632 -0.159709144091
-118.800691683 34.6770700273 -0.117036063364
-118.752971832 34.6552247371 -0.0625971098815
-118.70527647 34.6333599374 -0.0076175591935
-118.657605601 34.611475673 0.0170236992625
-118.60995923 34.5895719887 -0.0110943931144
-118.562337362 34.5676489292 -0.0258643603363
-118.51474 34.5457065393 -0.0387781885847
-118.467167148 34.523744864 -0.0327169866697
-118.41961881 34.5017639479 0.0112624096706
-118.372094649 34.4797638397 -0.0181860373434
-118.324595351 34.4577445766 -0.080618115282
-118.277120577 34.4357062073 -0.12015559345
-118.229670332 34.4136487767 -0.131656607591
-118.182244618 34.3915723298 -0.136902978908
-118.134843438 34.3694769113 -0.140997180139
-118.087466797 34.3473625662 -0.141343358572
-118.040114696 34.3252293395 -0.135751318238
-117.992787138 34.303077276 -0.128324869915
-117.945484125 34.2809064206 -0.12466595519
-117.898205661 34.2587168184 -0.118803695662
-117.850951409 34.2365085166 -0.119193251701
-117.803722048 34.2142815554 -0.124583273347
-117.756517243 34.1920359822 -0.128112007368
-117.709336994 34.169771842 -0.120904365818
-117.662181304 34.1474891798 -0.111989119338
-117.615050175 34.1251880406 -0.142455629447
-117.567943608 34.1028684694 -0.213395107559
-117.520861604 34.0805305113 -0.283794311885
-117.473804165 34.0581742111 -0.349661024909
-117.426771293 34.0357996141 -0.376609465325
-117.379762988 34.0134067652 -0.381651654978
-117.332779251 33.9909957094 -0.373258234214
-117.285820084 33.9685664919 -0.366074308374
-117.238885487 33.9461191577 -0.369201138342
-117.19197546 33.9236537518 -0.347636910506
-117.145090005 33.9011703193 -0.335383776243
-117.098229122 33.8786689054 -0.33436665417
-118.917604646 34.7819463001 -0.175030761324
-118.869794553 34.7601500856 -0.15185048446
-118.822009001 34.7383342164 -0.111514812032
-118.774247993 34.7164987372 -0.0624047456647
-118.726511536 34.6946436928 -0.0166005542265
-118.678799632 34.6727691281 0.00682031009316
-118.631112288 34.6508750877 -0.00945331222393
-118.583449507 34.6289616167 -0.0638742807051
-118.535811293 34.6070287598 -0.104223681761
-118.488197651 34.5850765619 -0.141595078245
-118.440608585 34.5631050679 -0.134026511132
-118.393044097 34.5411143226 -0.101937015756
-118.345503852 34.5191043748 -0.103760844593
-118.297988534 34.4970752616 -0.116743356514
-118.250497806 34.4750270319 -0.124820660122
-118.203031672 34.4529597307 -0.122554169712
-118.155590133 34.4308734028 -0.121145983348
-118.108173194 34.4087680932 -0.122561831088
-118.060780857 34.386643847 -0.123427990721
-118.013413126 34.364500709 -0.120895063984
-117.966070002 34.3423387242 -0.120035484596
-117.918751488 34.3201579377 -0.12007941831
-117.871457587 34.2979583945 -0.122923371384
-117.824187962 34.2757401418 -0.128494059677
-117.776943294 34.2535032199 -0.128640687678
-117.729723244 34.2312476765 -0.117472673228
-117.682527816 34.2089735563 -0.0977678676715
-117.635357011 34.1866809046 -0.0820185219334
-117.58821083 34.1643697664 -0.101110434647
-117.541089276 34.1420401867 -0.148921150187
-117.493992349 34.1196922107 -0.202454501993
-117.446920051 34.0973258833 -0.246615539076
-117.399872383 34.0749412498 -0.237657125059
-117.352849346 34.0525383551 -0.191862704547
-117.305850941 34.0301172444 -0.159356219338
-117.25887717 34.0076779629 -0.187497114592
-117.211928032 33.9852205555 -0.201044266171
-117.165003528 33.9627450675 -0.186415039918
-117.118103659 33.940251544 -0.18749644014
-117.071228425 33.9177400302 -0.222037505314
-118.891186687 34.8214013107 -0.161058938057
-118.843359785 34.7995953494 -0.119889733432
-118.795557488 34.7777697222 -0.0657920932591
-118.747779802 34.7559244741 -0.00478334112463
-118.700026732 34.7340596498 0.0357115165793
-118.652298282 34.7121752942 0.0314236090005
-118.604594456 34.6902714523 0.00431336908284
-118.556915259 34.668348169 -0.044041044991
-118.509260695 34.646405489 -0.0927443258379
-118.461630768 34.6244434575 -0.136102030056
-118.414025481 34.6024621192 -0.150214263683
-118.366444839 34.5804615192 -0.145981558532
-118.318888505 34.5584417061 -0.143852284113
-118.271357163 34.5364027173 -0.13184116768
-118.223850476 34.5143446017 -0.12388217055
-118.176368447 34.4922674043 -0.112035266692
-118.12891108 34.47017117 -0.10859919787
-118.081478377 34.4480559439 -0.112656610274
-118.034070341 34.425921771 -0.114786935499
-117.986686975 34.4037686964 -0.11600630624
-117.939328281 34.381596765 -0.115998767417
-117.891994263 34.3594060219 -0.117426027418
-117.844684922 34.3371965123 -0.123192737157
-117.79739992 34.3149682833 -0.13234612658
-117.75013994 34.2927213756 -0.12685262564
-117.702904644 34.2704558365 -0.100942599129
-117.655694033 34.2481717111 -0.073381418532
-117.60850811 34.2258690446 -0.0534344158254
-117.561346875 34.2035478821 -0.0581146171606
-117.51421033 34.1812082687 -0.0849474711092
-117.467098478 34.1588502496 -0.118052500508
-117.420011318 34.1364738698 -0.137882519884
-117.372948852 34.1140791745 -0.0867095280486
-117.325911081 34.091666209 0.0505416104491
-117.278898007 34.0692350183 0.0801863919583
-117.231909628 34.0467856475 -0.017295479317
-117.184945948 34.024318142 -0.0496917109659
-117.138006965 34.0018325469 -0.0347541995857
-117.09109268 33.9793289073 -0.0545484915884
-117.044203094 33.9568072685 -0.136417994822
-118.864744076 34.8608488937 -0.160639198999
-118.816900359 34.8390331595 -0.114340183401
-118.769081315 34.8171977485 -0.0523427105676
-118.721286948 34.7953427055 0.0208751667315
-118.673517262 34.7734680755 0.0663230823636
-118.625772261 34.7515739034 0.0698188630125
-118.578051951 34.7296602341 0.0534947327932
-118.530356336 34.7077271126 0.0157208997511
-118.482685419 34.6857745839 -0.0271183536074
-118.435039204 34.6638026929 -0.0748883935801
-118.387417695 34.6418114847 -0.103851670161
-118.339820897 34.6198010042 -0.12483893614
-118.292248471 34.5977713002 -0.129321231776
-118.244701103 34.5757224102 -0.122626110857
-118.197178455 34.553654383 -0.114571181463
-118.14968053 34.5315672638 -0.106106320921
-118.102207332 34.5094610975 -0.108216253421
-118.054758864 34.4873359293 -0.113431339416
-118.007335127 34.4651918042 -0.116689606876
-117.959936125 34.4430287674 -0.115565920453
-117.912561861 34.4208468638 -0.11357353345
-117.865212336 34.3986461387 -0.114981061923
-117.817887554 34.3764266372 -0.120377888564
-117.770587175 34.3541884066 -0.127706194954
-117.723311883 34.3319314875 -0.117841262694
-117.67606134 34.3096559274 -0.0904637457279
-117.628835546 34.2873617714 -0.0593984669241
-117.581634503 34.2650490648 -0.0306128195445
-117.534458214 34.2427178527 -0.0263505663994
-117.48730668 34.2203681803 -0.0426368527481
-117.440179901 34.1980000928 -0.0628427016675
-117.39307788 34.1756136353 -0.0604843779666
-117.346000616 34.1532088531 0.00162260929409
-117.298948112 34.1307857915 0.106534592477
-117.251920368 34.1083444955 0.0988275640244
-117.204917384 34.0858850105 0.0281910063446
-117.157939161 34.0634073816 0.00403767786122
-117.1109857 34.0409116542 0.0199097464757
-117.064057001 34.0183978735 -0.0141133909807
-117.017153064 33.9958660847 -0.100474212295
-118.838276848 34.9002935298 -0.179966036163
-118.790416312 34.8784679971 -0.139315815341
-118.742580514 34.8566227765 -0.0760402050326
-118.694769459 34.8347579129 0.0141994820614
-118.646983151 34.8128734514 0.0731711650665
-118.599221595 34.790969437 0.0961973427196
-118.551484795 34.7690459146 0.0989888144021
-118.503772756 34.7471029293 0.0787200631607
-118.45608548 34.7251405261 0.0462912817971
-118.408422972 34.7031587501 -0.000840078501946
-118.360785237 34.6811576463 -0.0410106925485
-118.313172277 34.6591372598 -0.0806905926885
-118.265583754 34.6370976392 -0.0945768401705
-118.218020356 34.6150388223 -0.0985146278913
-118.170481742 34.5929608581 -0.0958361191373
-118.122967918 34.5708637915 -0.0987766020335
-118.075478885 34.5487476677 -0.111740971349
-118.028014646 34.5266125319 -0.121509493523
-117.980575205 34.5044584291 -0.127193644037
-117.933160564 34.4822854046 -0.12106385913
-117.885770725 34.4600935035 -0.116747284581
-117.838405691 34.437882771 -0.115922507771
-117.791065463 34.4156532522 -0.116313235065
-117.743749705 34.3934049944 -0.121381235031
-117.696459098 34.3711380386 -0.108420446012
-117.649193303 34.3488524322 -0.0837828481224
-117.601952323 34.3265482203 -0.0493540998269
-117.55473616 34.3042254483 -0.0108463422796
-117.507544813 34.2818841613 -0.00606034050596
-117.460378286 34.2595244045 -0.0266925890326
-117.413236579 34.2371462234 -0.042533839887
-117.366119694 34.214749663 -0.0342082043435
-117.319027631 34.1923347687 -0.00299256941428
-117.271960391 34.1699015857 0.0172290747581
-117.224917975 34.1474501593 0.00388908546478
-117.177900383 34.1249805349 -0.0239403098949
-117.130907617 34.1024927576 -0.0270452210735
-117.083939676 34.0799868728 -0.000121039515293
-117.036996561 34.0574629258 -0.0299012485192
-116.990078272 34.0349209619 -0.111818211082
-118.811784836 34.9397306873 -0.217398725625
-118.763907477 34.91789533 -0.19727362651
-118.716054922 34.8960402738 -0.147129028351
-118.668227177 34.8741655638 -0.0629315620029
-118.620424244 34.8522712449 -0.000834506324726
-118.57264613 34.8303573623 0.0468702517781
-118.524892837 34.808423961 0.0685294614162
-118.47716437 34.7864710861 0.0756488323692
-118.429460734 34.7644987826 0.0556131619158
-118.381781931 34.7425070958 0.0190402804349
-118.334127966 34.7204960706 -0.0223787529274
-118.286498842 34.6984657523 -0.0554614084218
-118.238894222 34.6764161894 -0.0633219213118
-118.19131479 34.6543474201 -0.0532656569132
-118.14376021 34.632259493 -0.0511252939584
-118.096230483 34.6101524535 -0.077455088043
-118.048725614 34.5880263465 -0.10862390605
-118.001245604 34.5658812175 -0.133685310285
-117.953790457 34.5437171115 -0.148098846271
-117.906360175 34.5215340737 -0.147653689671
-117.858954761 34.4993321495 -0.143407678294
-117.811574216 34.477111384 -0.131309631086
-117.764218543 34.4548718224 -0.121522717424
-117.716887404 34.4326135121 -0.112130115787
-117.66958148 34.4103364941 -0.089337202821
-117.622300435 34.3880408159 -0.0582062835097
-117.575044269 34.3657265227 -0.022648901515
-117.527812983 34.3433936598 0.000936511393421
-117.48060658 34.3210422726 -0.00712348897431
-117.43342506 34.2986724062 -0.0363898371072
-117.386268425 34.2762841061 -0.0596168418437
-117.339136676 34.2538774175 -0.0649532802858
-117.292029813 34.2314523858 -0.0660289569763
-117.244947838 34.2090090563 -0.0760399865849
-117.197890751 34.1865474743 -0.086524245331
-117.150858553 34.1640676852 -0.0921405426952
-117.103851244 34.1415697343 -0.085497274011
-117.056868824 34.119053667 -0.0770535535995
-117.009911294 34.0965195286 -0.108942698709
-116.962978654 34.0739673645 -0.157740528099
-118.785268074 34.979164847 -0.261239765405
-118.737373886 34.9573196393 -0.273825716147
-118.689504569 34.9354547218 -0.23970722777
-118.641660126 34.9135701395 -0.168861984854
-118.593840564 34.8916659375 -0.102610494882
-118.546045885 34.8697421609 -0.0394071183301
-118.498276094 34.8477988549 0.00257697816135
-118.450531195 34.8258360646 0.0332760899596
-118.402811193 34.8038538352 0.0295470658053
-118.35511609 34.7818522118 0.00037081559147
-118.30744589 34.7598312396 -0.029222758768
-118.259800598 34.7377909638 -0.0492272507918
-118.212179874 34.7157314331 -0.0401217295137
-118.164584406 34.6936526856 0.0023779343163
-118.117013854 34.6715547702 -0.00140720387666
-118.069468221 34.649437732 -0.0596628031962
-118.021947511 34.6273016164 -0.108159961705
-117.974451727 34.6051464685 -0.149878271457
-117.92698087 34.5829723337 -0.173725354711
-117.879534944 34.5607792573 -0.183039094265
-117.83211395 34.5385672844 -0.175423664052
-117.784717891 34.5163364604 -0.148675550523
-117.737346769 34.4940868306 -0.12609968061
-117.690000246 34.4718184423 -0.100820653563
-117.642679004 34.4495313368 -0.0681434596038
-117.595382704 34.4272255614 -0.0253949915526
-117.548111349 34.4049011615 0.00137592635795
-117.500864939 34.3825581825 0.000746681835857
-117.453643476 34.3601966696 -0.021629860521
-117.406446961 34.3378166683 -0.0666895965271
-117.359275396 34.315418224 -0.0997953418236
-117.31212878 34.2930013819 -0.120643445052
-117.265007116 34.2705661876 -0.137867002093
-117.217910404 34.2481126863 -0.155420051914
-117.170838644 34.2256409235 -0.162029836524
-117.123791837 34.2031509445 -0.151294540324
-117.076769984 34.1806427948 -0.153640712581
-117.029773084 34.1581165198 -0.181170929872
-116.982801138 34.135572165 -0.204234884286
-116.935854145 34.1130097756 -0.209937203119
-118.758726398 35.0185914768 -0.289730405629
-118.710815377 34.9967363928 -0.302073620404
-118.662929294 34.9748615879 -0.271961247382
-118.615068152 34.9529671074 -0.218022985866
-118.567231955 34.9310529963 -0.154305197381
-118.51942071 34.9091192999 -0.0944576004365
-118.471634418 34.8871660633 -0.0457422926458
-118.423873085 34.8651933318 -0.0120431402584
-118.376136713 34.8432011505 -0.00701545403
-118.328425308 34.8211895648 -0.0214233781021
-118.280738872 34.7991586198 -0.0361781871934
-118.233077409 34.7771083608 -0.0423014737091
-118.18544058 34.7550388363 -0.0243078262209
-118.137829073 34.732950085 0.00696282398944
-118.090242548 34.7108421554 -0.00966441046795
-118.042681008 34.688715093 -0.061743032886
-117.995144456 34.666568943 -0.111020136804
-117.947632895 34.6444037507 -0.153349753737
-117.900146327 34.6222195615 -0.177848797254
-117.852684755 34.6000164207 -0.188576333567
-117.805248181 34.5777943737 -0.177281346066
-117.757836608 34.5555534657 -0.151579629785
-117.710450036 34.5332937422 -0.124370218872
-117.663088128 34.5110152503 -0.0941981509549
-117.615751567 34.4887180317 -0.0600136644411
-117.568440013 34.4664021337 -0.0240320613615
-117.521153468 34.4440676016 -0.0103762317367
-117.473891934 34.421714481 -0.0194288439043
-117.426655411 34.3993428172 -0.0489410624543
-117.379443902 34.3769526556 -0.0927896709811
-117.332257406 34.3545440417 -0.12745430403
-117.285095925 34.3321170208 -0.155981951389
-117.23795946 34.3096716385 -0.177519482015
-117.190848011 34.2872079402 -0.196504365489
-117.14376158 34.2647259713 -0.200033000047
-117.096700165 34.2422257772 -0.196213655121
-117.049663768 34.2197074036 -0.207273456961
-117.002652389 34.1971708957 -0.235561657978
-116.955666028 34.1746162992 -0.245538039575
-116.908704685 34.1520436595 -0.244119939021
