-119.336999976 34.1500010364
-119.289458115 34.1283572771
-119.241939758 34.1066940424
-119.194444913 34.0850113761
-119.146973585 34.063309322
-119.099525778 34.041587924
-119.052101499 34.019847226
-119.004700752 33.9980872718
-118.957323543 33.9763081053
-118.909969877 33.9545097704
-118.86263942 33.9326923162
-118.815332853 33.9108557762
-118.768049843 33.8890001996
-118.720790395 33.8671256304
-118.673554511 33.8452321126
-118.626342198 33.8233196901
-118.579153458 33.801388407
-118.531988297 33.7794383072
-118.484846717 33.7574694348
-118.437728722 33.7354818338
-118.390634316 33.7134755483
-118.343563503 33.6914506223
-118.296516285 33.6694071
-118.24949233 33.6473450287
-118.202492314 33.6252644457
-118.155515903 33.6031653985
-118.1085631 33.5810479314
-118.061633908 33.5589120884
-118.01472833 33.5367579137
-117.967846367 33.5145854513
-117.920988023 33.4923947456
-117.8741533 33.4701858406
-117.827342199 33.4479587805
-117.780554724 33.4257136095
-117.733790875 33.4034503717
-117.687050655 33.3811691115
-117.640334066 33.358869873
-117.593641108 33.3365527004
-117.546971785 33.314217638
-117.500326096 33.2918647299
-119.310966774 34.1895354099
-119.263408189 34.1678823141
-119.215873173 34.1462097316
-119.168361732 34.1245177061
-119.120873871 34.1028062817
-119.073409595 34.0810755023
-119.02596891 34.0593254116
-118.978551822 34.0375560537
-118.931158334 34.0157674726
-118.883788453 33.9939597122
-118.836441844 33.9721328215
-118.789119188 33.9502868343
-118.741820153 33.9284217997
-118.694544742 33.9065377619
-118.64729296 33.8846347647
-118.600064768 33.8627105985
-118.552860257 33.8407698149
-118.505679386 33.8188102042
-118.458522159 33.7968318106
-118.411388581 33.774834678
-118.364278655 33.7528188505
-118.317192384 33.7307843724
-118.270129771 33.7087312878
-118.223090483 33.686659644
-118.176075197 33.6645694785
-118.129083578 33.6424608389
-118.08211563 33.6203337694
-118.035171355 33.5981883141
-117.988250756 33.5760245173
-117.941353835 33.5538424231
-117.894480595 33.5316420757
-117.847631038 33.5094235195
-117.800805165 33.4871867986
-117.75400298 33.4649319572
-117.707224483 33.4426590396
-117.660469677 33.4203680901
-117.613738564 33.3980591529
-117.567031144 33.3757322724
-117.520347419 33.3533874927
-117.473687391 33.3310248582
-119.284909948 34.229062758
-119.237334634 34.2074003001
-119.189782954 34.1857183442
-119.142254913 34.1640169341
-119.094750515 34.1422961138
-119.047269766 34.1205559273
-118.999812672 34.0987964186
-118.952379238 34.0770176317
-118.904969468 34.0552196105
-118.857583368 34.0334023991
-118.810220604 34.0115660465
-118.762881857 33.9897105866
-118.715566793 33.9678360688
-118.668275416 33.9459425369
-118.621007732 33.9240300352
-118.573763743 33.9020986076
-118.526543455 33.8801482985
-118.47934687 33.8581791518
-118.432173992 33.8361912116
-118.385024826 33.8141845223
-118.337899375 33.7921591279
-118.290797641 33.7701150725
-118.243719629 33.7480524005
-118.196665003 33.7259711592
-118.149634443 33.7038713862
-118.102627612 33.6817531292
-118.055644515 33.6596164323
-118.008685154 33.6374613397
-117.96174953 33.6152878958
-117.914837647 33.5930961448
-117.867949508 33.570886131
-117.821085113 33.5486578986
-117.774244465 33.526411492
-117.727427567 33.5041469553
-117.680634419 33.4818643331
-117.633865024 33.4595636695
-117.587119383 33.4372450088
-117.540397498 33.4149083955
-117.49369937 33.3925538738
-117.447025 33.3701814881
-119.258829555 34.2685875614
-119.211237506 34.246915716
-119.163669155 34.2252243613
-119.116124506 34.2035135412
-119.068603565 34.1817832997
-119.021106337 34.1600336808
-118.973632828 34.1382647287
-118.926183041 34.1164764873
-118.878756983 34.0946690007
-118.831354658 34.072842313
-118.783975733 34.0509964733
-118.736620888 34.0291315156
-118.68928979 34.0072474891
-118.641982443 33.985344438
-118.594698851 33.9634224064
-118.547439018 33.9414814386
-118.500202948 33.9195215785
-118.452990646 33.8975428705
-118.405802113 33.8755453588
-118.358637356 33.8535290875
-118.311496375 33.8314941009
-118.264379176 33.8094404432
-118.217285761 33.7873681587
-118.170215796 33.7652772948
-118.123169958 33.7431678892
-118.076147913 33.7210399896
-118.029149664 33.6988936402
-117.982175213 33.6767288854
-117.935224563 33.6545457694
-117.888297716 33.6323443366
-117.841394674 33.6101246313
-117.79451544 33.5878866978
-117.747660015 33.5656305805
-117.700828402 33.5433563238
-117.654020602 33.5210639719
-117.607236616 33.4987535693
-117.560476447 33.4764251603
-117.513740095 33.4540787894
-117.467027562 33.4317145009
-117.42033885 33.4093323392
-119.23272541 34.3081052896
-119.185116623 34.2864240311
-119.137531596 34.264723252
-119.089970336 34.2430029963
-119.042432848 34.221263308
-118.994919136 34.1995042312
-118.947429207 34.1777258102
-118.899963065 34.1559280888
-118.852520715 34.1341111114
-118.805102162 34.112274922
-118.757707072 34.0904195696
-118.710336127 34.0685450886
-118.662988991 34.0466515282
-118.61566567 34.0247389324
-118.568366168 34.0028073457
-118.521090488 33.9808568121
-118.473838635 33.9588873759
-118.426610612 33.9368990813
-118.379406423 33.9148919727
-118.332226072 33.8928660942
-118.285069561 33.8708214902
-118.237936894 33.8487582049
-118.190828074 33.8266762826
-118.143742767 33.8045757709
-118.09668165 33.7824567076
-118.04964439 33.7603191403
-118.002630987 33.7381631134
-117.955641446 33.7159886712
-117.908675768 33.693795858
-117.861733956 33.6715847184
-117.814816012 33.6493552966
-117.767921937 33.627107637
-117.721051735 33.604841784
-117.674205406 33.5825577822
-117.627382952 33.5602556757
-117.580584376 33.5379355092
-117.533809678 33.515597327
-117.487058859 33.4932411736
-117.440331922 33.4708670934
-117.393628867 33.4484751309
-119.20659757 34.3476204235
-119.158972036 34.3259297264
-119.111370328 34.3042194974
-119.063792449 34.2824897806
-119.016238407 34.2607406202
-118.968708206 34.2389720601
-118.921201851 34.2171841447
-118.873719348 34.1953769181
-118.8262607 34.1735504244
-118.778825913 34.1517047079
-118.731414652 34.1298398176
-118.6840276 34.107955788
-118.636664422 34.0860526683
-118.589325122 34.0641305027
-118.542009704 34.0421893354
-118.494718173 34.0202292109
-118.447450531 33.9982501733
-118.400206783 33.9762522669
-118.352986932 33.9542355362
-118.305790982 33.9322000253
-118.258618936 33.9101457787
-118.211470797 33.8880728407
-118.164346568 33.8659812556
-118.117245915 33.843871071
-118.070169516 33.8217423248
-118.023117035 33.7995950648
-117.976088476 33.7774293352
-117.929083841 33.7552451806
-117.882103131 33.7330426453
-117.835146351 33.7108217738
-117.7882135 33.6885826105
-117.741304582 33.6663251999
-117.694419599 33.6440495864
-117.647558552 33.6217558144
-117.600721442 33.5994439286
-117.553908272 33.5771139732
-117.507119043 33.554765993
-117.460353756 33.5324000322
-117.413612411 33.5100161355
-117.366895012 33.4876143474
-119.180445852 34.3871284322
-119.132803567 34.365428271
-119.085185172 34.3437085665
-119.037590672 34.321969363
-118.990020072 34.3002107047
-118.942473377 34.2784326358
-118.894950593 34.2566352005
-118.847451724 34.234818443
-118.799976775 34.2129824076
-118.752525751 34.1911271386
-118.705098317 34.1692526848
-118.657695155 34.1473590812
-118.610315931 34.1254463767
-118.56296065 34.1035146158
-118.515629314 34.0815638427
-118.468321928 34.0595941018
-118.421038495 34.0376054374
-118.37377902 34.015597894
-118.326543505 33.9935715158
-118.279331954 33.9715263473
-118.232144371 33.9494624328
-118.184980758 33.9273798168
-118.137841119 33.9052785437
-118.090725118 33.8831586609
-118.043633435 33.8610202067
-117.996565733 33.8388632287
-117.949522015 33.8166877714
-117.902502285 33.7944938792
-117.855506543 33.7722815967
-117.808534793 33.7500509682
-117.761587036 33.7278020384
-117.714663274 33.7055348516
-117.667763509 33.6832494525
-117.620887743 33.6609458855
-117.574035977 33.6386241952
-117.527208214 33.6162844262
-117.480404453 33.5939266229
-117.433624696 33.5715508299
-117.386868946 33.5491570918
-117.340137201 33.5267454532
-119.154270307 34.4266337968
-119.106611265 34.4049241458
-119.058976177 34.3831949403
-119.011365048 34.3614462247
-118.963777884 34.3396780431
-118.91621469 34.3178904399
-118.86867547 34.2960834592
-118.82116023 34.2742571455
-118.773668974 34.2524115429
-118.726201706 34.2305466959
-118.678758093 34.2086626534
-118.631338816 34.1867594503
-118.583943542 34.1648371358
-118.536572273 34.1428957542
-118.489225013 34.12093535
-118.441901768 34.0989559675
-118.394602539 34.0769576511
-118.347327332 34.0549404452
-118.300076148 34.0329043944
-118.252848993 34.010849543
-118.205645868 33.9887759355
-118.158466777 33.9666836163
-118.111311723 33.9445726299
-118.064180371 33.9224430238
-118.017073399 33.9002948365
-117.969990472 33.8781281155
-117.922931593 33.8559429053
-117.875896763 33.8337392505
-117.828885986 33.8115171957
-117.781899263 33.7892767852
-117.734936596 33.7670180638
-117.687997987 33.744741076
-117.641083438 33.7224458663
-117.59419295 33.7001324793
-117.547326526 33.6778009596
-117.500484165 33.6554513519
-117.453665871 33.6330837006
-117.406871643 33.6106980506
-117.360101483 33.5882944462
-117.313355392 33.5658729322
-119.128070757 34.4661319862
-119.080394953 34.4444128197
-119.032743168 34.4226740877
-118.985115407 34.4009158342
-118.937511675 34.3791381037
-118.889931977 34.3573409405
-118.842376318 34.335524389
-118.794844703 34.3136884934
-118.747337136 34.2918332981
-118.699853622 34.2699588476
-118.652393827 34.2480651908
-118.604958772 34.2261523583
-118.557547104 34.2042204127
-118.510159845 34.182269385
-118.46279666 34.1602993242
-118.415457552 34.1383102746
-118.368142526 34.1163022808
-118.320851584 34.0942753872
-118.27358473 34.0722296383
-118.226341967 34.0501650787
-118.179123299 34.0280817528
-118.131928728 34.0059797052
-118.084758258 33.9838589803
-118.037611553 33.9617196257
-117.990489291 33.93956168
-117.943391138 33.9173851907
-117.896317096 33.8951902025
-117.849267167 33.8729767599
-117.802241353 33.8507449075
-117.755239656 33.82849469
-117.708262079 33.8062261519
-117.661308622 33.7839393379
-117.614379288 33.7616342925
-117.567474079 33.7393110605
-117.520592995 33.7169696865
-117.473736039 33.6946102151
-117.42690321 33.672232691
-117.380094511 33.6498371588
-117.333309943 33.6274236633
-117.286549505 33.6049922491
-119.10184725 34.5056274814
-119.054154678 34.4838987739
-119.006486189 34.4621504896
-118.958841789 34.4403826728
-118.911221483 34.4185953679
-118.863625275 34.3967886193
-118.816053171 34.3749624713
-118.768505175 34.3531169684
-118.720981292 34.331252155
-118.673481527 34.3093680755
-118.626005883 34.2874647745
-118.578554365 34.2655422963
-118.531126638 34.2436006897
-118.483723384 34.2216399906
-118.436344268 34.1996602478
-118.388989293 34.1776615058
-118.341658464 34.1556438093
-118.294351783 34.1336072026
-118.247069254 34.1115517305
-118.19981088 34.0894774373
-118.152576664 34.0673843678
-118.105366609 34.0452725665
-118.058180718 34.0231420779
-118.011018656 34.0009929496
-117.963881102 33.9788252203
-117.916767719 33.9566389376
-117.86967851 33.9344341463
-117.822613478 33.9122108908
-117.775572624 33.8899692158
-117.72855595 33.8677091661
-117.681563459 33.8454307863
-117.634595152 33.8231341211
-117.587651031 33.8008192151
-117.540731097 33.778486113
-117.493835351 33.7561348596
-117.446963796 33.7337654996
-117.400116431 33.7113780776
-117.353293259 33.6889726385
-117.306494279 33.6665492269
-117.259719494 33.6441078875
-119.075599609 34.5451157512
-119.027890264 34.523377477
-118.980205068 34.5016196148
-118.932544025 34.479842209
-118.884907141 34.458045304
-118.83729442 34.4362289442
-118.789705867 34.4143931742
-118.742141487 34.3925380384
-118.694601285 34.3706635812
-118.647085264 34.3487698472
-118.59959343 34.326856881
-118.552125786 34.3049247269
-118.504681997 34.2829734338
-118.457262745 34.2610030377
-118.409867696 34.2390135875
-118.362496852 34.2170051277
-118.315150218 34.1949777029
-118.267827795 34.1729313578
-118.220529589 34.150866137
-118.173255602 34.128782085
-118.126005837 34.1066792465
-118.078780297 34.0845576662
-118.031578984 34.0624173886
-117.984401564 34.0402584612
-117.937248715 34.0180809231
-117.890120101 33.9958848218
-117.843015725 33.973670202
-117.795935588 33.9514371084
-117.748879694 33.9291855858
-117.701848043 33.9069156787
-117.654840638 33.884627432
-117.60785748 33.8623208904
-117.56089857 33.8399960987
-117.513963912 33.8176531015
-117.467053504 33.7952919437
-117.42016735 33.77291267
-117.37330545 33.7505153252
-117.326467804 33.7280999541
-117.279654414 33.7056666015
-117.232865281 33.6832153121
-119.04932788 34.5846012766
-119.001601757 34.5628534101
-118.953899846 34.5410859444
-118.906222154 34.5192989239
-118.858568686 34.4974923933
-118.810939445 34.4756663969
-118.763334438 34.4538209793
-118.715753669 34.431956185
-118.668197141 34.4100720586
-118.62066486 34.3881686446
-118.57315683 34.3662459877
-118.525673054 34.3443041323
-118.478213198 34.3223431273
-118.430777944 34.3003630088
-118.383366956 34.2783638257
-118.335980238 34.2563456228
-118.288617794 34.2343084445
-118.241279626 34.2122523356
-118.193965738 34.1901773407
-118.146676134 34.1680835046
-118.099410815 34.1459708718
-118.052169785 34.1238394872
-118.004953047 34.1016893954
-117.957760264 34.0795206437
-117.910592117 34.0573332716
-117.863448269 34.0351273265
-117.816328722 34.0129028531
-117.769233478 33.9906598963
-117.722162539 33.9683985007
-117.675115908 33.9461187112
-117.628093586 33.9238205726
-117.581095574 33.9015041296
-117.534121875 33.879169427
-117.487172488 33.8568165097
-117.440247417 33.8344454225
-117.393346662 33.8120562101
-117.346470223 33.7896489175
-117.299618102 33.7672235895
-117.2527903 33.7447802709
-117.205986817 33.7223190065
-119.023031889 34.6240795263
-118.975288982 34.6023220417
-118.927570354 34.5805449467
-118.879876009 34.5587482859
-118.832205953 34.5369321038
-118.784560189 34.5150964451
-118.736938724 34.4932413542
-118.689341562 34.4713668759
-118.641768706 34.4494730546
-118.594220161 34.427559935
-118.546695932 34.4056275618
-118.499196023 34.3836759796
-118.451720097 34.361705237
-118.404268837 34.3397153706
-118.356841909 34.3177064292
-118.309439315 34.2956784575
-118.262061059 34.2736315003
-118.214707144 34.2515656021
-118.167377573 34.2294808078
-118.120072349 34.2073771621
-118.072791475 34.1852547097
-118.025534954 34.1631134954
-117.978302789 34.140953564
-117.931094643 34.1187749628
-117.883911196 34.0965777313
-117.836752112 34.074361917
-117.789617394 34.0521275648
-117.742507042 34.0298747195
-117.695421059 34.0076034258
-117.648359447 33.9853137287
-117.601322207 33.9630056729
-117.554309341 33.9406793033
-117.507320851 33.9183346648
-117.460356738 33.8959718023
-117.413417002 33.8735907606
-117.366501646 33.8511915845
-117.319610669 33.8287743191
-117.272744074 33.8063390091
-117.22590186 33.7838856995
-117.179084028 33.7614144352
-118.996711678 34.6635549813
-118.948951982 34.6417878529
-118.90121663 34.620001103
-118.853505626 34.5981947762
-118.805818976 34.5763689172
-118.758156684 34.5545235705
-118.710518755 34.5326587808
-118.662905193 34.5107745928
-118.615316004 34.4888710511
-118.56775119 34.4669482004
-118.520210757 34.4450060854
-118.472694708 34.4230447508
-118.425202707 34.4010642453
-118.377735438 34.3790646055
-118.330292564 34.3570458804
-118.282874089 34.3350081146
-118.235480017 34.3129513529
-118.188110349 34.2908756401
-118.140765091 34.268781021
-118.093444243 34.2466675403
-118.046147811 34.224535243
-117.998875795 34.2023841737
-117.951628199 34.1802143774
-117.904404686 34.1580259013
-117.857205936 34.1358187853
-117.810031613 34.1135930767
-117.762881719 34.0913488204
-117.715756256 34.0690860614
-117.668655226 34.0468048444
-117.62157863 34.0245052145
-117.57452647 34.0021872165
-117.527498748 33.9798508952
-117.480495464 33.9574962957
-117.433516621 33.9351234628
-117.386562219 33.9127324415
-117.339632259 33.8903232767
-117.292726743 33.8678960134
-117.245845671 33.8454506965
-117.198989043 33.822987371
-117.152156861 33.8005060818
-118.970367076 34.70302311
-118.922590586 34.681246312
-118.874838505 34.6594498814
-118.827110839 34.6376338629
-118.779407591 34.6157983011
-118.731728767 34.5939432407
-118.684074372 34.5720687265
-118.636444408 34.5501748031
-118.588838882 34.5282615153
-118.541257797 34.5063289078
-118.493701157 34.4843770254
-118.446168966 34.4624059128
-118.398660888 34.4404156188
-118.351177606 34.4184061801
-118.303718785 34.3963776456
-118.256284427 34.3743300601
-118.208874536 34.3522634685
-118.161489115 34.3301779156
-118.114128167 34.3080734462
-118.066791695 34.2859501052
-118.019479701 34.2638079374
-117.972192189 34.2416469878
-117.924929161 34.2194673012
-117.87769028 34.1972689249
-117.830476226 34.1750518989
-117.783286664 34.1528162707
-117.736121594 34.1305620851
-117.688981019 34.1082893871
-117.641864941 34.0859982216
-117.594773361 34.0636886337
-117.54770628 34.0413606681
-117.500663701 34.01901437
-117.453645625 33.9966497843
-117.406652052 33.974266956
-117.359682983 33.95186593
-117.312738421 33.9294467514
-117.265818365 33.9070094651
-117.218922817 33.8845541163
-117.172051776 33.8620807498
-117.125205244 33.8395894107
-118.943998122 34.7424883935
-118.896204833 34.7207019002
-118.848436018 34.6988957632
-118.800691683 34.6770700273
-118.752971832 34.6552247371
-118.70527647 34.6333599374
-118.657605601 34.611475673
-118.60995923 34.5895719887
-118.562337362 34.5676489292
-118.51474 34.5457065393
-118.467167148 34.523744864
-118.41961881 34.5017639479
-118.372094649 34.4797638397
-118.324595351 34.4577445766
-118.277120577 34.4357062073
-118.229670332 34.4136487767
-118.182244618 34.3915723298
-118.134843438 34.3694769113
-118.087466797 34.3473625662
-118.040114696 34.3252293395
-117.992787138 34.303077276
-117.945484125 34.2809064206
-117.898205661 34.2587168184
-117.850951409 34.2365085166
-117.803722048 34.2142815554
-117.756517243 34.1920359822
-117.709336994 34.169771842
-117.662181304 34.1474891798
-117.615050175 34.1251880406
-117.567943608 34.1028684694
-117.520861604 34.0805305113
-117.473804165 34.0581742111
-117.426771293 34.0357996141
-117.379762988 34.0134067652
-117.332779251 33.9909957094
-117.285820084 33.9685664919
-117.238885487 33.9461191577
-117.19197546 33.9236537518
-117.145090005 33.9011703193
-117.098229122 33.8786689054
-118.917604646 34.7819463001
-118.869794553 34.7601500856
-118.822009001 34.7383342164
-118.774247993 34.7164987372
-118.726511536 34.6946436928
-118.678799632 34.6727691281
-118.631112288 34.6508750877
-118.583449507 34.6289616167
-118.535811293 34.6070287598
-118.488197651 34.5850765619
-118.440608585 34.5631050679
-118.393044097 34.5411143226
-118.345503852 34.5191043748
-118.297988534 34.4970752616
-118.250497806 34.4750270319
-118.203031672 34.4529597307
-118.155590133 34.4308734028
-118.108173194 34.4087680932
-118.060780857 34.386643847
-118.013413126 34.364500709
-117.966070002 34.3423387242
-117.918751488 34.3201579377
-117.871457587 34.2979583945
-117.824187962 34.2757401418
-117.776943294 34.2535032199
-117.729723244 34.2312476765
-117.682527816 34.2089735563
-117.635357011 34.1866809046
-117.58821083 34.1643697664
-117.541089276 34.1420401867
-117.493992349 34.1196922107
-117.446920051 34.0973258833
-117.399872383 34.0749412498
-117.352849346 34.0525383551
-117.305850941 34.0301172444
-117.25887717 34.0076779629
-117.211928032 33.9852205555
-117.165003528 33.9627450675
-117.118103659 33.940251544
-117.071228425 33.9177400302
-118.891186687 34.8214013107
-118.843359785 34.7995953494
-118.795557488 34.7777697222
-118.747779802 34.7559244741
-118.700026732 34.7340596498
-118.652298282 34.7121752942
-118.604594456 34.6902714523
-118.556915259 34.668348169
-118.509260695 34.646405489
-118.461630768 34.6244434575
-118.414025481 34.6024621192
-118.366444839 34.5804615192
-118.318888505 34.5584417061
-118.271357163 34.5364027173
-118.223850476 34.5143446017
-118.176368447 34.4922674043
-118.12891108 34.47017117
-118.081478377 34.4480559439
-118.034070341 34.425921771
-117.986686975 34.4037686964
-117.939328281 34.381596765
-117.891994263 34.3594060219
-117.844684922 34.3371965123
-117.79739992 34.3149682833
-117.75013994 34.2927213756
-117.702904644 34.2704558365
-117.655694033 34.2481717111
-117.60850811 34.2258690446
-117.561346875 34.2035478821
-117.51421033 34.1812082687
-117.467098478 34.1588502496
-117.420011318 34.1364738698
-117.372948852 34.1140791745
-117.325911081 34.091666209
-117.278898007 34.0692350183
-117.231909628 34.0467856475
-117.184945948 34.024318142
-117.138006965 34.0018325469
-117.09109268 33.9793289073
-117.044203094 33.9568072685
-118.864744076 34.8608488937
-118.816900359 34.8390331595
-118.769081315 34.8171977485
-118.721286948 34.7953427055
-118.673517262 34.7734680755
-118.625772261 34.7515739034
-118.578051951 34.7296602341
-118.530356336 34.7077271126
-118.482685419 34.6857745839
-118.435039204 34.6638026929
-118.387417695 34.6418114847
-118.339820897 34.6198010042
-118.292248471 34.5977713002
-118.244701103 34.5757224102
-118.197178455 34.553654383
-118.14968053 34.5315672638
-118.102207332 34.5094610975
-118.054758864 34.4873359293
-118.007335127 34.4651918042
-117.959936125 34.4430287674
-117.912561861 34.4208468638
-117.865212336 34.3986461387
-117.817887554 34.3764266372
-117.770587175 34.3541884066
-117.723311883 34.3319314875
-117.67606134 34.3096559274
-117.628835546 34.2873617714
-117.581634503 34.2650490648
-117.534458214 34.2427178527
-117.48730668 34.2203681803
-117.440179901 34.1980000928
-117.39307788 34.1756136353
-117.346000616 34.1532088531
-117.298948112 34.1307857915
-117.251920368 34.1083444955
-117.204917384 34.0858850105
-117.157939161 34.0634073816
-117.1109857 34.0409116542
-117.064057001 34.0183978735
-117.017153064 33.9958660847
-118.838276848 34.9002935298
-118.790416312 34.8784679971
-118.742580514 34.8566227765
-118.694769459 34.8347579129
-118.646983151 34.8128734514
-118.599221595 34.790969437
-118.551484795 34.7690459146
-118.503772756 34.7471029293
-118.45608548 34.7251405261
-118.408422972 34.7031587501
-118.360785237 34.6811576463
-118.313172277 34.6591372598
-118.265583754 34.6370976392
-118.218020356 34.6150388223
-118.170481742 34.5929608581
-118.122967918 34.5708637915
-118.075478885 34.5487476677
-118.028014646 34.5266125319
-117.980575205 34.5044584291
-117.933160564 34.4822854046
-117.885770725 34.4600935035
-117.838405691 34.437882771
-117.791065463 34.4156532522
-117.743749705 34.3934049944
-117.696459098 34.3711380386
-117.649193303 34.3488524322
-117.601952323 34.3265482203
-117.55473616 34.3042254483
-117.507544813 34.2818841613
-117.460378286 34.2595244045
-117.413236579 34.2371462234
-117.366119694 34.214749663
-117.319027631 34.1923347687
-117.271960391 34.1699015857
-117.224917975 34.1474501593
-117.177900383 34.1249805349
-117.130907617 34.1024927576
-117.083939676 34.0799868728
-117.036996561 34.0574629258
-116.990078272 34.0349209619
-118.811784836 34.9397306873
-118.763907477 34.91789533
-118.716054922 34.8960402738
-118.668227177 34.8741655638
-118.620424244 34.8522712449
-118.57264613 34.8303573623
-118.524892837 34.808423961
-118.47716437 34.7864710861
-118.429460734 34.7644987826
-118.381781931 34.7425070958
-118.334127966 34.7204960706
-118.286498842 34.6984657523
-118.238894222 34.6764161894
-118.19131479 34.6543474201
-118.14376021 34.632259493
-118.096230483 34.6101524535
-118.048725614 34.5880263465
-118.001245604 34.5658812175
-117.953790457 34.5437171115
-117.906360175 34.5215340737
-117.858954761 34.4993321495
-117.811574216 34.477111384
-117.764218543 34.4548718224
-117.716887404 34.4326135121
-117.66958148 34.4103364941
-117.622300435 34.3880408159
-117.575044269 34.3657265227
-117.527812983 34.3433936598
-117.48060658 34.3210422726
-117.43342506 34.2986724062
-117.386268425 34.2762841061
-117.339136676 34.2538774175
-117.292029813 34.2314523858
-117.244947838 34.2090090563
-117.197890751 34.1865474743
-117.150858553 34.1640676852
-117.103851244 34.1415697343
-117.056868824 34.119053667
-117.009911294 34.0965195286
-116.962978654 34.0739673645
-118.785268074 34.979164847
-118.737373886 34.9573196393
-118.689504569 34.9354547218
-118.641660126 34.9135701395
-118.593840564 34.8916659375
-118.546045885 34.8697421609
-118.498276094 34.8477988549
-118.450531195 34.8258360646
-118.402811193 34.8038538352
-118.35511609 34.7818522118
-118.30744589 34.7598312396
-118.259800598 34.7377909638
-118.212179874 34.7157314331
-118.164584406 34.6936526856
-118.117013854 34.6715547702
-118.069468221 34.649437732
-118.021947511 34.6273016164
-117.974451727 34.6051464685
-117.92698087 34.5829723337
-117.879534944 34.5607792573
-117.83211395 34.5385672844
-117.784717891 34.5163364604
-117.737346769 34.4940868306
-117.690000246 34.4718184423
-117.642679004 34.4495313368
-117.595382704 34.4272255614
-117.548111349 34.4049011615
-117.500864939 34.3825581825
-117.453643476 34.3601966696
-117.406446961 34.3378166683
-117.359275396 34.315418224
-117.31212878 34.2930013819
-117.265007116 34.2705661876
-117.217910404 34.2481126863
-117.170838644 34.2256409235
-117.123791837 34.2031509445
-117.076769984 34.1806427948
-117.029773084 34.1581165198
-116.982801138 34.135572165
-116.935854145 34.1130097756
-118.758726398 35.0185914768
-118.710815377 34.9967363928
-118.662929294 34.9748615879
-118.615068152 34.9529671074
-118.567231955 34.9310529963
-118.51942071 34.9091192999
-118.471634418 34.8871660633
-118.423873085 34.8651933318
-118.376136713 34.8432011505
-118.328425308 34.8211895648
-118.280738872 34.7991586198
-118.233077409 34.7771083608
-118.18544058 34.7550388363
-118.137829073 34.732950085
-118.090242548 34.7108421554
-118.042681008 34.688715093
-117.995144456 34.666568943
-117.947632895 34.6444037507
-117.900146327 34.6222195615
-117.852684755 34.6000164207
-117.805248181 34.5777943737
-117.757836608 34.5555534657
-117.710450036 34.5332937422
-117.663088128 34.5110152503
-117.615751567 34.4887180317
-117.568440013 34.4664021337
-117.521153468 34.4440676016
-117.473891934 34.421714481
-117.426655411 34.3993428172
-117.379443902 34.3769526556
-117.332257406 34.3545440417
-117.285095925 34.3321170208
-117.23795946 34.3096716385
-117.190848011 34.2872079402
-117.14376158 34.2647259713
-117.096700165 34.2422257772
-117.049663768 34.2197074036
-117.002652389 34.1971708957
-116.955666028 34.1746162992
-116.908704685 34.1520436595
