-119.336999976 34.1500010364 0.322015295874
-119.289458115 34.1283572771 0.357210553568
-119.241939758 34.1066940424 0.375113845906
-119.194444913 34.0850113761 0.337933560959
-119.146973585 34.063309322 0.14583490301
-119.099525778 34.041587924 -0.185784489086
-119.052101499 34.019847226 -0.455088252369
-119.004700752 33.9980872718 -0.636609380133
-118.957323543 33.9763081053 -0.773425053313
-118.909969877 33.9545097704 -0.879017132156
-118.86263942 33.9326923162 -0.938936536198
-118.815332853 33.9108557762 -0.940723452571
-118.768049843 33.8890001996 -0.898527283208
-118.720790395 33.8671256304 -0.838566532936
-118.673554511 33.8452321126 -0.781584393379
-118.626342198 33.8233196901 -0.743998398288
-118.579153458 33.801388407 -0.742126799046
-118.531988297 33.7794383072 -0.788533016956
-118.484846717 33.7574694348 -0.880272091078
-118.437728722 33.7354818338 -0.954954340161
-118.390634316 33.7134755483 -0.7413535643
-118.343563503 33.6914506223 -0.295062730091
-118.296516285 33.6694071 -0.0182122246434
-118.24949233 33.6473450287 0.0956196713963
-118.202492314 33.6252644457 0.139911203893
-118.155515903 33.6031653985 0.148615255149
-118.1085631 33.5810479314 0.122767681589
-118.061633908 33.5589120884 0.0537040097029
-118.01472833 33.5367579137 -0.0637072178466
-117.967846367 33.5145854513 -0.215586395173
-117.920988023 33.4923947456 -0.364186493653
-117.8741533 33.4701858406 -0.474935316029
-117.827342199 33.4479587805 -0.542578945496
-117.780554724 33.4257136095 -0.579586451368
-117.733790875 33.4034503717 -0.597211761497
-117.687050655 33.3811691115 -0.603381278076
-117.640334066 33.358869873 -0.605446296113
-117.593641108 33.3365527004 -0.610180156084
-117.546971785 33.314217638 -0.628119844705
-117.500326096 33.2918647299 -0.660292887243
-119.310966774 34.1895354099 0.384226670356
-119.263408189 34.1678823141 0.440995171692
-119.215873173 34.1462097316 0.496354942697
-119.168361732 34.1245177061 0.525064898347
-119.120873871 34.1028062817 0.260481732966
-119.073409595 34.0810755023 -0.259468420498
-119.02596891 34.0593254116 -0.504943624559
-118.978551822 34.0375560537 -0.653307581572
-118.931158334 34.0157674726 -0.780964199426
-118.883788453 33.9939597122 -0.899397623407
-118.836441844 33.9721328215 -0.956891496224
-118.789119188 33.9502868343 -0.91990330216
-118.741820153 33.9284217997 -0.830427656048
-118.694544742 33.9065377619 -0.731528958187
-118.64729296 33.8846347647 -0.640332094721
-118.600064768 33.8627105985 -0.570893812635
-118.552860257 33.8407698149 -0.546550990804
-118.505679386 33.8188102042 -0.589683015716
-118.458522159 33.7968318106 -0.709788348722
-118.411388581 33.774834678 -0.913015318024
-118.364278655 33.7528188505 -0.454034715289
-118.317192384 33.7307843724 0.131251605256
-118.270129771 33.7087312878 0.304444243458
-118.223090483 33.686659644 0.320753016027
-118.176075197 33.6645694785 0.326629427102
-118.129083578 33.6424608389 0.320925395694
-118.08211563 33.6203337694 0.286358585519
-118.035171355 33.5981883141 0.19916592445
-117.988250756 33.5760245173 0.0374606235955
-117.941353835 33.5538424231 -0.183843954358
-117.894480595 33.5316420757 -0.38626511016
-117.847631038 33.5094235195 -0.508910172281
-117.800805165 33.4871867986 -0.569206500741
-117.75400298 33.4649319572 -0.59923324831
-117.707224483 33.4426590396 -0.610394027012
-117.660469677 33.4203680901 -0.609662939134
-117.613738564 33.3980591529 -0.607517413078
-117.567031144 33.3757322724 -0.608068631895
-117.520347419 33.3533874927 -0.632314821123
-117.473687391 33.3310248582 -0.678247947975
-119.284909948 34.229062758 0.42861805109
-119.237334634 34.2074003001 0.495950394952
-119.189782954 34.1857183442 0.574059018763
-119.142254913 34.1640169341 0.602689695397
-119.094750515 34.1422961138 0.274071050407
-119.047269766 34.1205559273 -0.271863756501
-118.999812672 34.0987964186 -0.502607512695
-118.952379238 34.0770176317 -0.610361011188
-118.904969468 34.0552196105 -0.733335354797
-118.857583368 34.0334023991 -0.904040336375
-118.810220604 34.0115660465 -0.967865581128
-118.762881857 33.9897105866 -0.855470354462
-118.715566793 33.9678360688 -0.712200636502
-118.668275416 33.9459425369 -0.581496946057
-118.621007732 33.9240300352 -0.453940953285
-118.573763743 33.9020986076 -0.335254489443
-118.526543455 33.8801482985 -0.264398195912
-118.47934687 33.8581791518 -0.269803354594
-118.432173992 33.8361912116 -0.318800382892
-118.385024826 33.8141845223 -0.228621789785
-118.337899375 33.7921591279 0.460156753138
-118.290797641 33.7701150725 0.490507563298
-118.243719629 33.7480524005 0.507200495014
-118.196665003 33.7259711592 0.494233092342
-118.149634443 33.7038713862 0.489346309018
-118.102627612 33.6817531292 0.488883185594
-118.055644515 33.6596164323 0.460819014503
-118.008685154 33.6374613397 0.371068260085
-117.96174953 33.6152878958 0.159063635028
-117.914837647 33.5930961448 -0.177284295746
-117.867949508 33.570886131 -0.449895283903
-117.821085113 33.5486578986 -0.554520603652
-117.774244465 33.526411492 -0.596771143138
-117.727427567 33.5041469553 -0.624982744393
-117.680634419 33.4818643331 -0.631575382596
-117.633865024 33.4595636695 -0.622850701752
-117.587119383 33.4372450088 -0.623469458979
-117.540397498 33.4149083955 -0.64527240495
-117.49369937 33.3925538738 -0.682296692364
-117.447025 33.3701814881 -0.717515496451
-119.258829555 34.2685875614 0.455298965582
-119.211237506 34.246915716 0.517930657505
-119.163669155 34.2252243613 0.612651522731
-119.116124506 34.2035135412 0.686720833187
-119.068603565 34.1817832997 0.405609210533
-119.021106337 34.1600336808 -0.148967051131
-118.973632828 34.1382647287 -0.437679581065
-118.926183041 34.1164764873 -0.4645275416
-118.878756983 34.0946690007 -0.583444133692
-118.831354658 34.072842313 -0.862925139455
-118.783975733 34.0509964733 -0.916760690551
-118.736620888 34.0291315156 -0.686395676211
-118.68928979 34.0072474891 -0.529066051116
-118.641982443 33.985344438 -0.400486558695
-118.594698851 33.9634224064 -0.240503260596
-118.547439018 33.9414814386 -0.0433819262625
-118.500202948 33.9195215785 0.0967693414685
-118.452990646 33.8975428705 0.132534627312
-118.405802113 33.8755453588 0.159074102754
-118.358637356 33.8535290875 0.336456001712
-118.311496375 33.8314941009 0.553683584852
-118.264379176 33.8094404432 0.589817547975
-118.217285761 33.7873681587 0.616316958247
-118.170215796 33.7652772948 0.622001664566
-118.123169958 33.7431678892 0.625168184504
-118.076147913 33.7210399896 0.646820099138
-118.029149664 33.6988936402 0.63190252273
-117.982175213 33.6767288854 0.5675914798
-117.935224563 33.6545457694 0.314709325066
-117.888297716 33.6323443366 -0.186975960275
-117.841394674 33.6101246313 -0.523326755276
-117.79451544 33.5878866978 -0.578627787614
-117.747660015 33.5656305805 -0.621414804744
-117.700828402 33.5433563238 -0.66434823793
-117.654020602 33.5210639719 -0.668750287482
-117.607236616 33.4987535693 -0.648586720613
-117.560476447 33.4764251603 -0.661863606554
-117.513740095 33.4540787894 -0.723493940234
-117.467027562 33.4317145009 -0.759174251952
-117.42033885 33.4093323392 -0.768268599193
-119.23272541 34.3081052896 0.474884065891
-119.185116623 34.2864240311 0.566264631295
-119.137531596 34.264723252 0.685514972362
-119.089970336 34.2430029963 0.742377214073
-119.042432848 34.221263308 0.485439206399
-118.994919136 34.1995042312 0.0177987261789
-118.947429207 34.1777258102 -0.226889610295
-118.899963065 34.1559280888 -0.241668219059
-118.852520715 34.1341111114 -0.324059405683
-118.805102162 34.112274922 -0.506665373407
-118.757707072 34.0904195696 -0.499685851244
-118.710336127 34.0685450886 -0.376146807277
-118.662988991 34.0466515282 -0.294308812996
-118.61566567 34.0247389324 -0.230383801636
-118.568366168 34.0028073457 -0.0497636968621
-118.521090488 33.9808568121 0.291573418202
-118.473838635 33.9588873759 0.507317894734
-118.426610612 33.9368990813 0.520886985456
-118.379406423 33.9148919727 0.519127726938
-118.332226072 33.8928660942 0.602910576312
-118.285069561 33.8708214902 0.645030079722
-118.237936894 33.8487582049 0.674666130588
-118.190828074 33.8266762826 0.750367602393
-118.143742767 33.8045757709 0.753825475157
-118.09668165 33.7824567076 0.75789705592
-118.04964439 33.7603191403 0.775816310055
-118.002630987 33.7381631134 0.752963897203
-117.955641446 33.7159886712 0.659497894662
-117.908675768 33.693795858 0.417289513448
-117.861733956 33.6715847184 0.0613447848601
-117.814816012 33.6493552966 -0.311782202159
-117.767921937 33.627107637 -0.629158269391
-117.721051735 33.604841784 -0.695765768415
-117.674205406 33.5825577822 -0.727532488037
-117.627382952 33.5602556757 -0.73598854529
-117.580584376 33.5379355092 -0.73603154313
-117.533809678 33.515597327 -0.771160012367
-117.487058859 33.4932411736 -0.821458465959
-117.440331922 33.4708670934 -0.836485455555
-117.393628867 33.4484751309 -0.811042773203
-119.20659757 34.3476204235 0.481430643406
-119.158972036 34.3259297264 0.611216489526
-119.111370328 34.3042194974 0.742747659729
-119.063792449 34.2824897806 0.800191633792
-119.016238407 34.2607406202 0.596099016092
-118.968708206 34.2389720601 0.18233925293
-118.921201851 34.2171841447 -0.0180778900376
-118.873719348 34.1953769181 0.0430374705195
-118.8262607 34.1735504244 0.0366762244479
-118.778825913 34.1517047079 -0.0170500156058
-118.731414652 34.1298398176 -0.0199222639307
-118.6840276 34.107955788 -0.0281897552635
-118.636664422 34.0860526683 -0.0451247738316
-118.589325122 34.0641305027 -0.129290567985
-118.542009704 34.0421893354 0.0220381954286
-118.494718173 34.0202292109 0.651046146803
-118.447450531 33.9982501733 0.869899717286
-118.400206783 33.9762522669 0.796852177034
-118.352986932 33.9542355362 0.726347851135
-118.305790982 33.9322000253 0.78048173148
-118.258618936 33.9101457787 0.812713428937
-118.211470797 33.8880728407 0.866182114129
-118.164346568 33.8659812556 0.905662591148
-118.117245915 33.843871071 0.865471525676
-118.070169516 33.8217423248 0.855794469798
-118.023117035 33.7995950648 0.869904413172
-117.976088476 33.7774293352 0.828166623923
-117.929083841 33.7552451806 0.675724359199
-117.882103131 33.7330426453 0.525641374719
-117.835146351 33.7108217738 0.506744248913
-117.7882135 33.6885826105 0.0301854373808
-117.741304582 33.6663251999 -0.63982686615
-117.694419599 33.6440495864 -0.749198737841
-117.647558552 33.6217558144 -0.788331283898
-117.600721442 33.5994439286 -0.806414939307
-117.553908272 33.5771139732 -0.841523310406
-117.507119043 33.554765993 -0.877008711935
-117.460353756 33.5324000322 -0.901465200624
-117.413612411 33.5100161355 -0.889136084787
-117.366895012 33.4876143474 -0.820529880167
-119.180445852 34.3871284322 0.450272765216
-119.132803567 34.365428271 0.597850099074
-119.085185172 34.3437085665 0.749720433279
-119.037590672 34.321969363 0.834784332528
-118.990020072 34.3002107047 0.681581330524
-118.942473377 34.2784326358 0.332294955756
-118.894950593 34.2566352005 0.185880075589
-118.847451724 34.234818443 0.306841070992
-118.799976775 34.2129824076 0.293875166117
-118.752525751 34.1911271386 0.139021281575
-118.705098317 34.1692526848 0.112597864241
-118.657695155 34.1473590812 0.278533120758
-118.610315931 34.1254463767 0.20425063449
-118.56296065 34.1035146158 -0.0231729350747
-118.515629314 34.0815638427 -0.053958350809
-118.468321928 34.0595941018 0.43834331258
-118.421038495 34.0376054374 0.931372394051
-118.37377902 34.015597894 0.892975553789
-118.326543505 33.9935715158 0.829109265086
-118.279331954 33.9715263473 0.873760925629
-118.232144371 33.9494624328 0.913810897127
-118.184980758 33.9273798168 0.959516594978
-118.137841119 33.9052785437 0.960042184861
-118.090725118 33.8831586609 0.915566770477
-118.043633435 33.8610202067 0.90228181779
-117.996565733 33.8388632287 0.919366290377
-117.949522015 33.8166877714 0.875844173304
-117.902502285 33.7944938792 0.74239760851
-117.855506543 33.7722815967 0.59357671271
-117.808534793 33.7500509682 0.412901104951
-117.761587036 33.7278020384 -0.121937798776
-117.714663274 33.7055348516 -0.61839296068
-117.667763509 33.6832494525 -0.78110732631
-117.620887743 33.6609458855 -0.814123674695
-117.574035977 33.6386241952 -0.825216119866
-117.527208214 33.6162844262 -0.855545355144
-117.480404453 33.5939266229 -0.86726794937
-117.433624696 33.5715508299 -0.864487764573
-117.386868946 33.5491570918 -0.827377060263
-117.340137201 33.5267454532 -0.780644347915
-119.154270307 34.4266337968 0.364915898974
-119.106611265 34.4049241458 0.516763853208
-119.058976177 34.3831949403 0.70177143115
-119.011365048 34.3614462247 0.874767187523
-118.963777884 34.3396780431 0.82636801714
-118.91621469 34.3178904399 0.462889316756
-118.86867547 34.2960834592 0.342780452449
-118.82116023 34.2742571455 0.570418297162
-118.773668974 34.2524115429 0.439180471055
-118.726201706 34.2305466959 -0.0260303045645
-118.678758093 34.2086626534 -0.000596317540912
-118.631338816 34.1867594503 0.489067003162
-118.583943542 34.1648371358 0.483348678781
-118.536572273 34.1428957542 0.120726622616
-118.489225013 34.12093535 0.0333772382301
-118.441901768 34.0989559675 0.112291855002
-118.394602539 34.0769576511 0.401401661275
-118.347327332 34.0549404452 0.75673912526
-118.300076148 34.0329043944 0.802777246911
-118.252848993 34.010849543 0.885241060127
-118.205645868 33.9887759355 0.917984577358
-118.158466777 33.9666836163 0.938382691853
-118.111311723 33.9445726299 0.959308135381
-118.064180371 33.9224430238 0.915215032534
-118.017073399 33.9002948365 0.902785669741
-117.969990472 33.8781281155 0.939545463602
-117.922931593 33.8559429053 0.903833541965
-117.875896763 33.8337392505 0.795317294393
-117.828885986 33.8115171957 0.502368048741
-117.781899263 33.7892767852 -0.079333532578
-117.734936596 33.7670180638 -0.560378757318
-117.687997987 33.744741076 -0.744044754772
-117.641083438 33.7224458663 -0.81412721082
-117.59419295 33.7001324793 -0.796428626276
-117.547326526 33.6778009596 -0.789827538387
-117.500484165 33.6554513519 -0.802672032076
-117.453665871 33.6330837006 -0.790848875268
-117.406871643 33.6106980506 -0.749914603549
-117.360101483 33.5882944462 -0.715772628768
-117.313355392 33.5658729322 -0.719630292631
-119.128070757 34.4661319862 0.221905206402
-119.080394953 34.4444128197 0.326136865581
-119.032743168 34.4226740877 0.54756178712
-118.985115407 34.4009158342 0.889108794442
-118.937511675 34.3791381037 1.02596430439
-118.889931977 34.3573409405 0.833901133424
-118.842376318 34.335524389 0.721342220013
-118.794844703 34.3136884934 0.633665306413
-118.747337136 34.2918332981 0.305393950833
-118.699853622 34.2699588476 -0.0658433316189
-118.652393827 34.2480651908 0.057422130321
-118.604958772 34.2261523583 0.56008250254
-118.557547104 34.2042204127 0.711147546385
-118.510159845 34.182269385 0.510319964807
-118.46279666 34.1602993242 0.412821368894
-118.415457552 34.1383102746 0.315053014225
-118.368142526 34.1163022808 0.444807602248
-118.320851584 34.0942753872 0.58017499161
-118.27358473 34.0722296383 0.716117164528
-118.226341967 34.0501650787 0.850280073957
-118.179123299 34.0280817528 0.885173895325
-118.131928728 34.0059797052 0.926531361938
-118.084758258 33.9838589803 0.959303580955
-118.037611553 33.9617196257 0.942983118316
-117.990489291 33.93956168 0.921077613438
-117.943391138 33.9173851907 0.911329463628
-117.896317096 33.8951902025 0.843643007357
-117.849267167 33.8729767599 0.667346594804
-117.802241353 33.8507449075 0.254488317024
-117.755239656 33.82849469 -0.347178352767
-117.708262079 33.8062261519 -0.709295664078
-117.661308622 33.7839393379 -0.780260335734
-117.614379288 33.7616342925 -0.782990322118
-117.567474079 33.7393110605 -0.757106091739
-117.520592995 33.7169696865 -0.756672964265
-117.473736039 33.6946102151 -0.762532993011
-117.42690321 33.672232691 -0.73581855671
-117.380094511 33.6498371588 -0.677870258838
-117.333309943 33.6274236633 -0.652913511502
-117.286549505 33.6049922491 -0.674838179806
-119.10184725 34.5056274814 0.0570280319241
-119.054154678 34.4838987739 0.0620101783345
-119.006486189 34.4621504896 0.338056793457
-118.958841789 34.4403826728 0.910598980584
-118.911221483 34.4185953679 1.22047504537
-118.863625275 34.3967886193 1.21837116643
-118.816053171 34.3749624713 1.02905337883
-118.768505175 34.3531169684 0.54088539084
-118.720981292 34.331252155 0.189398848504
-118.673481527 34.3093680755 0.0200796388124
-118.626005883 34.2874647745 0.165077230716
-118.578554365 34.2655422963 0.618702274718
-118.531126638 34.2436006897 0.865408302821
-118.483723384 34.2216399906 0.946057889988
-118.436344268 34.1996602478 0.892488940126
-118.388989293 34.1776615058 0.774259462209
-118.341658464 34.1556438093 0.724348468274
-118.294351783 34.1336072026 0.344734224012
-118.247069254 34.1115517305 0.559374618725
-118.19981088 34.0894774373 0.822547678394
-118.152576664 34.0673843678 0.937534856054
-118.105366609 34.0452725665 0.964961692595
-118.058180718 34.0231420779 1.027537241
-118.011018656 34.0009929496 0.997232241693
-117.963881102 33.9788252203 0.930476593893
-117.916767719 33.9566389376 0.862054422896
-117.86967851 33.9344341463 0.750890832556
-117.822613478 33.9122108908 0.498190283633
-117.775572624 33.8899692158 0.113580592765
-117.72855595 33.8677091661 -0.382978356794
-117.681563459 33.8454307863 -0.654223991063
-117.634595152 33.8231341211 -0.654817824251
-117.587651031 33.8008192151 -0.681759384423
-117.540731097 33.778486113 -0.692732237334
-117.493835351 33.7561348596 -0.733513054678
-117.446963796 33.7337654996 -0.756158257521
-117.400116431 33.7113780776 -0.721883510074
-117.353293259 33.6889726385 -0.649855543477
-117.306494279 33.6665492269 -0.623601606563
-117.259719494 33.6441078875 -0.660185973179
-119.075599609 34.5451157512 -0.0518558944859
-119.027890264 34.523377477 0.0132876685423
-118.980205068 34.5016196148 0.334091379336
-118.932544025 34.479842209 0.794305422759
-118.884907141 34.458045304 1.04910291812
-118.83729442 34.4362289442 1.10713507587
-118.789705867 34.4143931742 0.924862487702
-118.742141487 34.3925380384 0.61050174103
-118.694601285 34.3706635812 0.437370991921
-118.647085264 34.3487698472 0.351930346435
-118.59959343 34.326856881 0.480492639181
-118.552125786 34.3049247269 0.757099022859
-118.504681997 34.2829734338 1.0400230801
-118.457262745 34.2610030377 1.10246656915
-118.409867696 34.2390135875 1.00915419389
-118.362496852 34.2170051277 0.852695511856
-118.315150218 34.1949777029 0.661199244955
-118.267827795 34.1729313578 0.217143109263
-118.220529589 34.150866137 0.262653036005
-118.173255602 34.128782085 0.613373332656
-118.126005837 34.1066792465 0.817111335444
-118.078780297 34.0845576662 0.954408824817
-118.031578984 34.0624173886 1.11661018608
-117.984401564 34.0402584612 1.03814867956
-117.937248715 34.0180809231 0.946163548013
-117.890120101 33.9958848218 0.820045633124
-117.843015725 33.973670202 0.668258801858
-117.795935588 33.9514371084 0.479218349768
-117.748879694 33.9291855858 0.240752530581
-117.701848043 33.9069156787 -0.0397860116093
-117.654840638 33.884627432 -0.192077889888
-117.60785748 33.8623208904 -0.319789464173
-117.56089857 33.8399960987 -0.468674912195
-117.513963912 33.8176531015 -0.636633953721
-117.467053504 33.7952919437 -0.763795663119
-117.42016735 33.77291267 -0.782956890839
-117.37330545 33.7505153252 -0.750844294506
-117.326467804 33.7280999541 -0.692875353209
-117.279654414 33.7056666015 -0.671139919647
-117.232865281 33.6832153121 -0.675427107296
-119.04932788 34.5846012766 -0.112029134288
-119.001601757 34.5628534101 0.042982647436
-118.953899846 34.5410859444 0.291531262854
-118.906222154 34.5192989239 0.545134552473
-118.858568686 34.4974923933 0.718360967244
-118.810939445 34.4756663969 0.73630256323
-118.763334438 34.4538209793 0.713904054446
-118.715753669 34.431956185 0.78799665591
-118.668197141 34.4100720586 0.817220665154
-118.62066486 34.3881686446 0.784283814087
-118.57315683 34.3662459877 0.810292930527
-118.525673054 34.3443041323 0.784989928231
-118.478213198 34.3223431273 1.05639221785
-118.430777944 34.3003630088 1.07401126944
-118.383366956 34.2783638257 0.871452646246
-118.335980238 34.2563456228 0.408855710429
-118.288617794 34.2343084445 0.113628295712
-118.241279626 34.2122523356 1.59376486883e-05
-118.193965738 34.1901773407 0.0726176840535
-118.146676134 34.1680835046 0.356225606422
-118.099410815 34.1459708718 0.576685629426
-118.052169785 34.1238394872 0.772165257803
-118.004953047 34.1016893954 0.941812744489
-117.957760264 34.0795206437 0.98242431182
-117.910592117 34.0573332716 0.905054013952
-117.863448269 34.0351273265 0.713772354317
-117.816328722 34.0129028531 0.601404589974
-117.769233478 33.9906598963 0.568361443034
-117.722162539 33.9683985007 0.506786670495
-117.675115908 33.9461187112 0.498927288119
-117.628093586 33.9238205726 0.365819574302
-117.581095574 33.9015041296 0.0523294300619
-117.534121875 33.879169427 -0.231802557746
-117.487172488 33.8568165097 -0.610151823868
-117.440247417 33.8344454225 -0.799018335035
-117.393346662 33.8120562101 -0.790910110904
-117.346470223 33.7896489175 -0.791228096322
-117.299618102 33.7672235895 -0.767548766878
-117.2527903 33.7447802709 -0.733172048538
-117.205986817 33.7223190065 -0.691251961391
-119.023031889 34.6240795263 -0.207588694941
-118.975288982 34.6023220417 -0.114200131652
-118.927570354 34.5805449467 0.0358311606791
-118.879876009 34.5587482859 0.241199778748
-118.832205953 34.5369321038 0.373965173096
-118.784560189 34.5150964451 0.398223504945
-118.736938724 34.4932413542 0.525500259159
-118.689341562 34.4713668759 0.825771006688
-118.641768706 34.4494730546 0.997615899746
-118.594220161 34.427559935 1.05126687357
-118.546695932 34.4056275618 1.03543129157
-118.499196023 34.3836759796 0.917643616485
-118.451720097 34.361705237 0.932498124536
-118.404268837 34.3397153706 0.828674280678
-118.356841909 34.3177064292 0.487834497419
-118.309439315 34.2956784575 0.0916973681447
-118.262061059 34.2736315003 -0.0882623252937
-118.214707144 34.2515656021 -0.118368273763
-118.167377573 34.2294808078 -0.0638767284841
-118.120072349 34.2073771621 0.0449008108848
-118.072791475 34.1852547097 0.195065671284
-118.025534954 34.1631134954 0.437276764444
-117.978302789 34.140953564 0.641292314228
-117.931094643 34.1187749628 0.735662407351
-117.883911196 34.0965777313 0.690216224358
-117.836752112 34.074361917 0.591967855036
-117.789617394 34.0521275648 0.572686639782
-117.742507042 34.0298747195 0.613365260334
-117.695421059 34.0076034258 0.627923606592
-117.648359447 33.9853137287 0.618038843786
-117.601322207 33.9630056729 0.427164254248
-117.554309341 33.9406793033 0.166821805905
-117.507320851 33.9183346648 -0.111688182057
-117.460356738 33.8959718023 -0.412034203673
-117.413417002 33.8735907606 -0.585174001881
-117.366501646 33.8511915845 -0.712812912213
-117.319610669 33.8287743191 -0.796073907975
-117.272744074 33.8063390091 -0.788702612347
-117.22590186 33.7838856995 -0.735642945763
-117.179084028 33.7614144352 -0.677523896973
-118.996711678 34.6635549813 -0.334810187025
-118.948951982 34.6417878529 -0.369977206939
-118.90121663 34.620001103 -0.271129074468
-118.853505626 34.5981947762 -0.0254643286624
-118.805818976 34.5763689172 0.105248699305
-118.758156684 34.5545235705 0.112860958447
-118.710518755 34.5326587808 0.351775657577
-118.662905193 34.5107745928 0.813961698638
-118.615316004 34.4888710511 1.0392635186
-118.56775119 34.4669482004 1.153614337
-118.520210757 34.4450060854 1.17823573883
-118.472694708 34.4230447508 1.116576386
-118.425202707 34.4010642453 0.943306935479
-118.377735438 34.3790646055 0.471271668748
-118.330292564 34.3570458804 0.103871456151
-118.282874089 34.3350081146 -0.039475673114
-118.235480017 34.3129513529 -0.115102158442
-118.188110349 34.2908756401 -0.128425597706
-118.140765091 34.268781021 -0.181855473965
-118.093444243 34.2466675403 -0.32062754778
-118.046147811 34.224535243 -0.229921511401
-117.998875795 34.2023841737 0.0898587680632
-117.951628199 34.1802143774 0.303108675737
-117.904404686 34.1580259013 0.379431003337
-117.857205936 34.1358187853 0.413694418462
-117.810031613 34.1135930767 0.43628412486
-117.762881719 34.0913488204 0.487829628118
-117.715756256 34.0690860614 0.567865348479
-117.668655226 34.0468048444 0.591107804145
-117.62157863 34.0245052145 0.434145065455
-117.57452647 34.0021872165 0.265178156773
-117.527498748 33.9798508952 0.146117325975
-117.480495464 33.9574962957 -0.00184714535695
-117.433516621 33.9351234628 -0.0819216185341
-117.386562219 33.9127324415 -0.274145982493
-117.339632259 33.8903232767 -0.615043720291
-117.292726743 33.8678960134 -0.784977142588
-117.245845671 33.8454506965 -0.755092249834
-117.198989043 33.822987371 -0.688630940301
-117.152156861 33.8005060818 -0.627784627888
-118.970367076 34.70302311 -0.409500330843
-118.922590586 34.681246312 -0.440637370017
-118.874838505 34.6594498814 -0.363911678216
-118.827110839 34.6376338629 -0.230544239816
-118.779407591 34.6157983011 -0.0729274988195
-118.731728767 34.5939432407 0.179356751638
-118.684074372 34.5720687265 0.517312407889
-118.636444408 34.5501748031 0.736505130616
-118.588838882 34.5282615153 0.828282564768
-118.541257797 34.5063289078 0.93552664456
-118.493701157 34.4843770254 0.981596071204
-118.446168966 34.4624059128 0.991249533358
-118.398660888 34.4404156188 0.746517047712
-118.351177606 34.4184061801 0.235391661575
-118.303718785 34.3963776456 -0.062592908999
-118.256284427 34.3743300601 -0.0972239760566
-118.208874536 34.3522634685 -0.123712605201
-118.161489115 34.3301779156 -0.211849847668
-118.114128167 34.3080734462 -0.355425093315
-118.066791695 34.2859501052 -0.484735873042
-118.019479701 34.2638079374 -0.397942870498
-117.972192189 34.2416469878 -0.18674411555
-117.924929161 34.2194673012 -0.0103099534957
-117.87769028 34.1972689249 0.15872638696
-117.830476226 34.1750518989 0.144072192393
-117.783286664 34.1528162707 0.151695391821
-117.736121594 34.1305620851 0.247248677492
-117.688981019 34.1082893871 0.434058807759
-117.641864941 34.0859982216 0.508137388009
-117.594773361 34.0636886337 0.393237821323
-117.54770628 34.0413606681 0.296798338967
-117.500663701 34.01901437 0.208687255626
-117.453645625 33.9966497843 0.147416619228
-117.406652052 33.974266956 0.112994528289
-117.359682983 33.95186593 -0.118731741912
-117.312738421 33.9294467514 -0.499110797247
-117.265818365 33.9070094651 -0.706660033334
-117.218922817 33.8845541163 -0.688695349426
-117.172051776 33.8620807498 -0.617999360481
-117.125205244 33.8395894107 -0.53773399222
-118.943998122 34.7424883935 -0.408242438606
-118.896204833 34.7207019002 -0.376207167086
-118.848436018 34.6988957632 -0.351685289972
-118.800691683 34.6770700273 -0.387880547996
-118.752971832 34.6552247371 -0.152207142394
-118.70527647 34.6333599374 0.470875985125
-118.657605601 34.611475673 0.729504242549
-118.60995923 34.5895719887 0.5132740387
-118.562337362 34.5676489292 0.462558754019
-118.51474 34.5457065393 0.522917921958
-118.467167148 34.523744864 0.587395384806
-118.41961881 34.5017639479 0.715888016322
-118.372094649 34.4797638397 0.522844165961
-118.324595351 34.4577445766 0.0294037006834
-118.277120577 34.4357062073 -0.182956720264
-118.229670332 34.4136487767 -0.088844242463
-118.182244618 34.3915723298 -0.117115120191
-118.134843438 34.3694769113 -0.332575185386
-118.087466797 34.3473625662 -0.472090252859
-118.040114696 34.3252293395 -0.482835406829
-117.992787138 34.303077276 -0.440599809599
-117.945484125 34.2809064206 -0.39416997062
-117.898205661 34.2587168184 -0.281756233093
-117.850951409 34.2365085166 -0.158697875986
-117.803722048 34.2142815554 -0.200679561229
-117.756517243 34.1920359822 -0.204071933102
-117.709336994 34.169771842 -0.0552308398173
-117.662181304 34.1474891798 0.299285581076
-117.615050175 34.1251880406 0.454088549696
-117.567943608 34.1028684694 0.438168517036
-117.520861604 34.0805305113 0.394165707409
-117.473804165 34.0581742111 0.29325796792
-117.426771293 34.0357996141 0.279965864382
-117.379762988 34.0134067652 0.266799439846
-117.332779251 33.9909957094 0.0660655871694
-117.285820084 33.9685664919 -0.345177859677
-117.238885487 33.9461191577 -0.579989179226
-117.19197546 33.9236537518 -0.546230509876
-117.145090005 33.9011703193 -0.479667177505
-117.098229122 33.8786689054 -0.384898261876
-118.917604646 34.7819463001 -0.381135496473
-118.869794553 34.7601500856 -0.320170316519
-118.822009001 34.7383342164 -0.303191805282
-118.774247993 34.7164987372 -0.310241825313
-118.726511536 34.6946436928 -0.0630401289412
-118.678799632 34.6727691281 0.344420892694
-118.631112288 34.6508750877 0.428452846277
-118.583449507 34.6289616167 0.3118377332
-118.535811293 34.6070287598 0.259109506234
-118.488197651 34.5850765619 0.183608396147
-118.440608585 34.5631050679 0.199742726283
-118.393044097 34.5411143226 0.314055095922
-118.345503852 34.5191043748 0.17786219609
-118.297988534 34.4970752616 -0.111879186759
-118.250497806 34.4750270319 -0.20102564703
-118.203031672 34.4529597307 -0.130579390199
-118.155590133 34.4308734028 -0.180718812943
-118.108173194 34.4087680932 -0.340377730824
-118.060780857 34.386643847 -0.422759904483
-118.013413126 34.364500709 -0.427593685415
-117.966070002 34.3423387242 -0.425476126117
-117.918751488 34.3201579377 -0.433301959227
-117.871457587 34.2979583945 -0.381118369675
-117.824187962 34.2757401418 -0.350690620768
-117.776943294 34.2535032199 -0.348292449496
-117.729723244 34.2312476765 -0.339684568147
-117.682527816 34.2089735563 -0.183092446027
-117.635357011 34.1866809046 0.0805604535731
-117.58821083 34.1643697664 0.225281061478
-117.541089276 34.1420401867 0.322530306847
-117.493992349 34.1196922107 0.345007257078
-117.446920051 34.0973258833 0.333735576776
-117.399872383 34.0749412498 0.429077144432
-117.352849346 34.0525383551 0.563767923669
-117.305850941 34.0301172444 0.459673913782
-117.25887717 34.0076779629 0.0474679823415
-117.211928032 33.9852205555 -0.173113887028
-117.165003528 33.9627450675 -0.185742448409
-117.118103659 33.940251544 -0.15330530518
-117.071228425 33.9177400302 -0.170573207746
-118.891186687 34.8214013107 -0.366192486392
-118.843359785 34.7995953494 -0.272159705345
-118.795557488 34.7777697222 -0.222875397507
-118.747779802 34.7559244741 -0.172913956505
-118.700026732 34.7340596498 -0.0578989765217
-118.652298282 34.7121752942 -0.0336070122228
-118.604594456 34.6902714523 0.032764617829
-118.556915259 34.668348169 0.202674890167
-118.509260695 34.646405489 0.155672845112
-118.461630768 34.6244434575 -0.108750834175
-118.414025481 34.6024621192 -0.165047746474
-118.366444839 34.5804615192 -0.060916725698
-118.318888505 34.5584417061 -0.103659106016
-118.271357163 34.5364027173 -0.187855875739
-118.223850476 34.5143446017 -0.209082867047
-118.176368447 34.4922674043 -0.183017885831
-118.12891108 34.47017117 -0.204990353857
-118.081478377 34.4480559439 -0.264070956604
-118.034070341 34.425921771 -0.309707208104
-117.986686975 34.4037686964 -0.329835929079
-117.939328281 34.381596765 -0.341309202418
-117.891994263 34.3594060219 -0.350906494993
-117.844684922 34.3371965123 -0.334990048491
-117.79739992 34.3149682833 -0.314278763068
-117.75013994 34.2927213756 -0.31688295568
-117.702904644 34.2704558365 -0.318262678337
-117.655694033 34.2481717111 -0.252270893973
-117.60850811 34.2258690446 -0.184656899724
-117.561346875 34.2035478821 -0.060146460664
-117.51421033 34.1812082687 0.137088180026
-117.467098478 34.1588502496 0.223990228692
-117.420011318 34.1364738698 0.29049302832
-117.372948852 34.1140791745 0.50579876681
-117.325911081 34.091666209 0.921420932421
-117.278898007 34.0692350183 0.907698986567
-117.231909628 34.0467856475 0.446857625427
-117.184945948 34.024318142 0.244539531269
-117.138006965 34.0018325469 0.245627522724
-117.09109268 33.9793289073 0.205943429199
-117.044203094 33.9568072685 0.016700571172
-118.864744076 34.8608488937 -0.389882770551
-118.816900359 34.8390331595 -0.312495332467
-118.769081315 34.8171977485 -0.259961937558
-118.721286948 34.7953427055 -0.194714268582
-118.673517262 34.7734680755 -0.156594228168
-118.625772261 34.7515739034 -0.177391696836
-118.578051951 34.7296602341 -0.0761063930063
-118.530356336 34.7077271126 0.0693176973288
-118.482685419 34.6857745839 0.0081301343176
-118.435039204 34.6638026929 -0.192210658398
-118.387417695 34.6418114847 -0.237172511691
-118.339820897 34.6198010042 -0.213203695797
-118.292248471 34.5977713002 -0.220713725737
-118.244701103 34.5757224102 -0.229727233911
-118.197178455 34.553654383 -0.207595929794
-118.14968053 34.5315672638 -0.166485354267
-118.102207332 34.5094610975 -0.155045522855
-118.054758864 34.4873359293 -0.17679078123
-118.007335127 34.4651918042 -0.201276719679
-117.959936125 34.4430287674 -0.216340533897
-117.912561861 34.4208468638 -0.223824446104
-117.865212336 34.3986461387 -0.232987376667
-117.817887554 34.3764266372 -0.227020882138
-117.770587175 34.3541884066 -0.226004275172
-117.723311883 34.3319314875 -0.244355029373
-117.67606134 34.3096559274 -0.272719814652
-117.628835546 34.2873617714 -0.267225321971
-117.581634503 34.2650490648 -0.249893894044
-117.534458214 34.2427178527 -0.138849843945
-117.48730668 34.2203681803 -0.00292648073535
-117.440179901 34.1980000928 0.0623364488832
-117.39307788 34.1756136353 0.126747067699
-117.346000616 34.1532088531 0.351075164231
-117.298948112 34.1307857915 0.7234538467
-117.251920368 34.1083444955 0.705155570113
-117.204917384 34.0858850105 0.474367311334
-117.157939161 34.0634073816 0.385342384723
-117.1109857 34.0409116542 0.420677599342
-117.064057001 34.0183978735 0.327862644601
-117.017153064 33.9958660847 0.0754808518712
-118.838276848 34.9002935298 -0.453702780218
-118.790416312 34.8784679971 -0.420695620682
-118.742580514 34.8566227765 -0.370969771512
-118.694769459 34.8347579129 -0.291875716497
-118.646983151 34.8128734514 -0.24388731867
-118.599221595 34.790969437 -0.196665100963
-118.551484795 34.7690459146 -0.114401070045
-118.503772756 34.7471029293 -0.0563089798245
-118.45608548 34.7251405261 -0.0842550546619
-118.408422972 34.7031587501 -0.148745052073
-118.360785237 34.6811576463 -0.197063642475
-118.313172277 34.6591372598 -0.250785857472
-118.265583754 34.6370976392 -0.259692134492
-118.218020356 34.6150388223 -0.242124566908
-118.170481742 34.5929608581 -0.191388201068
-118.122967918 34.5708637915 -0.115834555453
-118.075478885 34.5487476677 -0.0981470677651
-118.028014646 34.5266125319 -0.119129754825
-117.980575205 34.5044584291 -0.136441921271
-117.933160564 34.4822854046 -0.137967328803
-117.885770725 34.4600935035 -0.139145677379
-117.838405691 34.437882771 -0.142694947948
-117.791065463 34.4156532522 -0.141346447587
-117.743749705 34.3934049944 -0.156959201946
-117.696459098 34.3711380386 -0.184762277903
-117.649193303 34.3488524322 -0.235281197487
-117.601952323 34.3265482203 -0.242518708605
-117.55473616 34.3042254483 -0.202174358116
-117.507544813 34.2818841613 -0.145015552328
-117.460378286 34.2595244045 -0.12101058904
-117.413236579 34.2371462234 -0.123456614112
-117.366119694 34.214749663 -0.155529306106
-117.319027631 34.1923347687 -0.033100302363
-117.271960391 34.1699015857 0.161047382425
-117.224917975 34.1474501593 0.21222225525
-117.177900383 34.1249805349 0.235998005539
-117.130907617 34.1024927576 0.266922763183
-117.083939676 34.0799868728 0.362946963857
-117.036996561 34.0574629258 0.264926802001
-116.990078272 34.0349209619 -0.0298290446457
-118.811784836 34.9397306873 -0.528863614715
-118.763907477 34.91789533 -0.517155716446
-118.716054922 34.8960402738 -0.478036940075
-118.668227177 34.8741655638 -0.414256177388
-118.620424244 34.8522712449 -0.35852011822
-118.57264613 34.8303573623 -0.287783585387
-118.524892837 34.808423961 -0.221585628162
-118.47716437 34.7864710861 -0.175761358133
-118.429460734 34.7644987826 -0.177090413171
-118.381781931 34.7425070958 -0.200681721999
-118.334127966 34.7204960706 -0.250287768363
-118.286498842 34.6984657523 -0.293197765386
-118.238894222 34.6764161894 -0.283775965906
-118.19131479 34.6543474201 -0.229816960799
-118.14376021 34.632259493 -0.167817326013
-118.096230483 34.6101524535 -0.131277140051
-118.048725614 34.5880263465 -0.145979129876
-118.001245604 34.5658812175 -0.17432167458
-117.953790457 34.5437171115 -0.201797889806
-117.906360175 34.5215340737 -0.204793073038
-117.858954761 34.4993321495 -0.211702557255
-117.811574216 34.477111384 -0.200594592283
-117.764218543 34.4548718224 -0.20050929438
-117.716887404 34.4326135121 -0.201540214896
-117.66958148 34.4103364941 -0.226574263008
-117.622300435 34.3880408159 -0.257650205021
-117.575044269 34.3657265227 -0.261534645491
-117.527812983 34.3433936598 -0.234609079606
-117.48060658 34.3210422726 -0.22614194507
-117.43342506 34.2986724062 -0.246954623455
-117.386268425 34.2762841061 -0.29346971443
-117.339136676 34.2538774175 -0.356148758339
-117.292029813 34.2314523858 -0.304503003888
-117.244947838 34.2090090563 -0.225224871898
-117.197890751 34.1865474743 -0.153108995324
-117.150858553 34.1640676852 -0.0806850737366
-117.103851244 34.1415697343 -0.0366173340867
-117.056868824 34.119053667 -0.00805451398587
-117.009911294 34.0965195286 -0.127627955403
-116.962978654 34.0739673645 -0.28552079604
-118.785268074 34.979164847 -0.596502684484
-118.737373886 34.9573196393 -0.599968060476
-118.689504569 34.9354547218 -0.57818034073
-118.641660126 34.9135701395 -0.539663347724
-118.593840564 34.8916659375 -0.485250178104
-118.546045885 34.8697421609 -0.413170685112
-118.498276094 34.8477988549 -0.348467584255
-118.450531195 34.8258360646 -0.294476073218
-118.402811193 34.8038538352 -0.283720501642
-118.35511609 34.7818522118 -0.309748096456
-118.30744589 34.7598312396 -0.339862765715
-118.259800598 34.7377909638 -0.352817394284
-118.212179874 34.7157314331 -0.313028695307
-118.164584406 34.6936526856 -0.210889039192
-118.117013854 34.6715547702 -0.16798470377
-118.069468221 34.649437732 -0.21077569626
-118.021947511 34.6273016164 -0.255647576203
-117.974451727 34.6051464685 -0.304432004062
-117.92698087 34.5829723337 -0.340351757038
-117.879534944 34.5607792573 -0.360998474471
-117.83211395 34.5385672844 -0.364825813247
-117.784717891 34.5163364604 -0.345845171506
-117.737346769 34.4940868306 -0.33203605982
-117.690000246 34.4718184423 -0.314471460361
-117.642679004 34.4495313368 -0.318857355292
-117.595382704 34.4272255614 -0.326414815227
-117.548111349 34.4049011615 -0.328539181419
-117.500864939 34.3825581825 -0.32637329003
-117.453643476 34.3601966696 -0.338143451233
-117.406446961 34.3378166683 -0.368010732928
-117.359275396 34.315418224 -0.419005047495
-117.31212878 34.2930013819 -0.466780951395
-117.265007116 34.2705661876 -0.471455774142
-117.217910404 34.2481126863 -0.46497982607
-117.170838644 34.2256409235 -0.432786234029
-117.123791837 34.2031509445 -0.39723798142
-117.076769984 34.1806427948 -0.418971771272
-117.029773084 34.1581165198 -0.542329363281
-116.982801138 34.135572165 -0.614248289784
-116.935854145 34.1130097756 -0.565796667497
-118.758726398 35.0185914768 -0.648923225636
-118.710815377 34.9967363928 -0.654099236207
-118.662929294 34.9748615879 -0.63905294836
-118.615068152 34.9529671074 -0.610886166279
-118.567231955 34.9310529963 -0.560180109781
-118.51942071 34.9091192999 -0.499819049282
-118.471634418 34.8871660633 -0.440295142294
-118.423873085 34.8651933318 -0.393947876181
-118.376136713 34.8432011505 -0.380255806272
-118.328425308 34.8211895648 -0.392189788276
-118.280738872 34.7991586198 -0.39977538291
-118.233077409 34.7771083608 -0.390287745573
-118.18544058 34.7550388363 -0.336842132159
-118.137829073 34.732950085 -0.257767260656
-118.090242548 34.7108421554 -0.246333536464
-118.042681008 34.688715093 -0.295525995525
-117.995144456 34.666568943 -0.34627544904
-117.947632895 34.6444037507 -0.399167676265
-117.900146327 34.6222195615 -0.434397690148
-117.852684755 34.6000164207 -0.460205803484
-117.805248181 34.5777943737 -0.459289178042
-117.757836608 34.5555534657 -0.446018275358
-117.710450036 34.5332937422 -0.426076643714
-117.663088128 34.5110152503 -0.408559117928
-117.615751567 34.4887180317 -0.403018077149
-117.568440013 34.4664021337 -0.404239384415
-117.521153468 34.4440676016 -0.409117839897
-117.473891934 34.421714481 -0.4197879996
-117.426655411 34.3993428172 -0.441214302147
-117.379443902 34.3769526556 -0.475660619407
-117.332257406 34.3545440417 -0.523602776373
-117.285095925 34.3321170208 -0.569113518492
-117.23795946 34.3096716385 -0.599913652856
-117.190848011 34.2872079402 -0.624411586333
-117.14376158 34.2647259713 -0.625282528879
-117.096700165 34.2422257772 -0.637503084099
-117.049663768 34.2197074036 -0.699569632937
-117.002652389 34.1971708957 -0.820638436831
-116.955666028 34.1746162992 -0.825296683622
-116.908704685 34.1520436595 -0.750511668055
