-119.336999976 34.1500010364 -0.0248914457051
-119.289458115 34.1283572771 -0.036143010819
-119.241939758 34.1066940424 -0.0506733352557
-119.194444913 34.0850113761 -0.0705945318132
-119.146973585 34.063309322 -0.10423209981
-119.099525778 34.041587924 -0.145355606954
-119.052101499 34.019847226 -0.171058375789
-119.004700752 33.9980872718 -0.195030272244
-118.957323543 33.9763081053 -0.234696117144
-118.909969877 33.9545097704 -0.284167884523
-118.86263942 33.9326923162 -0.316495709701
-118.815332853 33.9108557762 -0.310883970369
-118.768049843 33.8890001996 -0.274393736855
-118.720790395 33.8671256304 -0.227641774339
-118.673554511 33.8452321126 -0.187589646602
-118.626342198 33.8233196901 -0.167288249015
-118.579153458 33.801388407 -0.179387375335
-118.531988297 33.7794383072 -0.233390484098
-118.484846717 33.7574694348 -0.32586323315
-118.437728722 33.7354818338 -0.41997940646
-118.390634316 33.7134755483 -0.582031423078
-118.343563503 33.6914506223 -0.700204307788
-118.296516285 33.6694071 -0.644838990437
-118.24949233 33.6473450287 -0.496377094311
-118.202492314 33.6252644457 -0.336327392864
-118.155515903 33.6031653985 -0.189485089515
-118.1085631 33.5810479314 -0.0690106871194
-118.061633908 33.5589120884 0.0169648382811
-118.01472833 33.5367579137 0.0755005704036
-117.967846367 33.5145854513 0.119652714775
-117.920988023 33.4923947456 0.156607755782
-117.8741533 33.4701858406 0.188413287183
-117.827342199 33.4479587805 0.214913513918
-117.780554724 33.4257136095 0.228125423956
-117.733790875 33.4034503717 0.206794557127
-117.687050655 33.3811691115 0.123840260593
-117.640334066 33.358869873 -0.0373614483397
-117.593641108 33.3365527004 -0.259832406083
-117.546971785 33.314217638 -0.479648297363
-117.500326096 33.2918647299 -0.642577625492
-119.310966774 34.1895354099 0.0134020528582
-119.263408189 34.1678823141 0.00452844217624
-119.215873173 34.1462097316 -0.00633668123806
-119.168361732 34.1245177061 -0.0189017552565
-119.120873871 34.1028062817 -0.0595051129384
-119.073409595 34.0810755023 -0.115070714969
-119.02596891 34.0593254116 -0.114917451989
-118.978551822 34.0375560537 -0.126965038714
-118.931158334 34.0157674726 -0.180577031856
-118.883788453 33.9939597122 -0.263409770525
-118.836441844 33.9721328215 -0.311195011628
-118.789119188 33.9502868343 -0.284248793275
-118.741820153 33.9284217997 -0.215939830475
-118.694544742 33.9065377619 -0.143910599
-118.64729296 33.8846347647 -0.0834103539137
-118.600064768 33.8627105985 -0.0458157165853
-118.552860257 33.8407698149 -0.0504946736865
-118.505679386 33.8188102042 -0.119142050083
-118.458522159 33.7968318106 -0.268376444321
-118.411388581 33.774834678 -0.527785430362
-118.364278655 33.7528188505 -0.796757584457
-118.317192384 33.7307843724 -0.73048262438
-118.270129771 33.7087312878 -0.590800453852
-118.223090483 33.686659644 -0.383548916683
-118.176075197 33.6645694785 -0.214537075988
-118.129083578 33.6424608389 -0.0583051958158
-118.08211563 33.6203337694 0.0600532099462
-118.035171355 33.5981883141 0.123327793606
-117.988250756 33.5760245173 0.155813753839
-117.941353835 33.5538424231 0.183662688608
-117.894480595 33.5316420757 0.211186876386
-117.847631038 33.5094235195 0.237867398867
-117.800805165 33.4871867986 0.27060764885
-117.75400298 33.4649319572 0.303680205301
-117.707224483 33.4426590396 0.300672387312
-117.660469677 33.4203680901 0.214554253905
-117.613738564 33.3980591529 0.00644360114336
-117.567031144 33.3757322724 -0.309045618615
-117.520347419 33.3533874927 -0.590646994725
-117.473687391 33.3310248582 -0.751628822846
-119.284909948 34.229062758 0.0552936261682
-119.237334634 34.2074003001 0.0481450755354
-119.189782954 34.1857183442 0.0397902793227
-119.142254913 34.1640169341 0.0277346115792
-119.094750515 34.1422961138 -0.0116902007644
-119.047269766 34.1205559273 -0.0455418851268
-118.999812672 34.0987964186 -0.0191482495852
-118.952379238 34.0770176317 -0.017339962103
-118.904969468 34.0552196105 -0.0947300991121
-118.857583368 34.0334023991 -0.250214641718
-118.810220604 34.0115660465 -0.319548195947
-118.762881857 33.9897105866 -0.236539958391
-118.715566793 33.9678360688 -0.128884749852
-118.668275416 33.9459425369 -0.0384195590403
-118.621007732 33.9240300352 0.0414509088519
-118.573763743 33.9020986076 0.10707529371
-118.526543455 33.8801482985 0.125044442376
-118.47934687 33.8581791518 0.0582890862169
-118.432173992 33.8361912116 -0.112302398325
-118.385024826 33.8141845223 -0.417753408052
-118.337899375 33.7921591279 -0.637866597218
-118.290797641 33.7701150725 -0.382453299462
-118.243719629 33.7480524005 -0.276167227055
-118.196665003 33.7259711592 -0.177834276904
-118.149634443 33.7038713862 -0.0542032359323
-118.102627612 33.6817531292 0.114000284163
-118.055644515 33.6596164323 0.220067522764
-118.008685154 33.6374613397 0.228418056629
-117.96174953 33.6152878958 0.218358665546
-117.914837647 33.5930961448 0.230490197702
-117.867949508 33.570886131 0.245796010635
-117.821085113 33.5486578986 0.25526462536
-117.774244465 33.526411492 0.290541013978
-117.727427567 33.5041469553 0.357505481248
-117.680634419 33.4818643331 0.385181293893
-117.633865024 33.4595636695 0.312654189246
-117.587119383 33.4372450088 0.0543923706707
-117.540397498 33.4149083955 -0.399494332813
-117.49369937 33.3925538738 -0.742434654174
-117.447025 33.3701814881 -0.879426962241
-119.258829555 34.2685875614 0.102458521591
-119.211237506 34.246915716 0.0966165982927
-119.163669155 34.2252243613 0.0923536691928
-119.116124506 34.2035135412 0.0864480067835
-119.068603565 34.1817832997 0.0714389582831
-119.021106337 34.1600336808 0.0754667309961
-118.973632828 34.1382647287 0.104398093034
-118.926183041 34.1164764873 0.137109672939
-118.878756983 34.0946690007 0.0393656149075
-118.831354658 34.072842313 -0.235568686799
-118.783975733 34.0509964733 -0.300256322423
-118.736620888 34.0291315156 -0.115819615489
-118.68928979 34.0072474891 -0.000468208553757
-118.641982443 33.985344438 0.0769560008181
-118.594698851 33.9634224064 0.168717160367
-118.547439018 33.9414814386 0.284993046523
-118.500202948 33.9195215785 0.351349021196
-118.452990646 33.8975428705 0.310207056273
-118.405802113 33.8755453588 0.208474044049
-118.358637356 33.8535290875 0.168243962223
-118.311496375 33.8314941009 0.28562171494
-118.264379176 33.8094404432 0.278633366725
-118.217285761 33.7873681587 0.139077688291
-118.170215796 33.7652772948 0.0529184171762
-118.123169958 33.7431678892 0.11659330191
-118.076147913 33.7210399896 0.326830739298
-118.029149664 33.6988936402 0.395825431053
-117.982175213 33.6767288854 0.301746155633
-117.935224563 33.6545457694 0.244215139911
-117.888297716 33.6323443366 0.255098144843
-117.841394674 33.6101246313 0.2540810062
-117.79451544 33.5878866978 0.221840057388
-117.747660015 33.5656305805 0.243310215298
-117.700828402 33.5433563238 0.347073206909
-117.654020602 33.5210639719 0.379840501425
-117.607236616 33.4987535693 0.351093786237
-117.560476447 33.4764251603 0.048885838338
-117.513740095 33.4540787894 -0.607539062473
-117.467027562 33.4317145009 -0.953432765072
-117.42033885 33.4093323392 -0.993375044933
-119.23272541 34.3081052896 0.158016225618
-119.185116623 34.2864240311 0.1606551516
-119.137531596 34.264723252 0.166951914847
-119.089970336 34.2430029963 0.175369160548
-119.042432848 34.221263308 0.174377733206
-118.994919136 34.1995042312 0.17435211328
-118.947429207 34.1777258102 0.204642444905
-118.899963065 34.1559280888 0.251888200113
-118.852520715 34.1341111114 0.176059120698
-118.805102162 34.112274922 0.00165371962945
-118.757707072 34.0904195696 0.00789812681286
-118.710336127 34.0685450886 0.11853853
-118.662988991 34.0466515282 0.158097459697
-118.61566567 34.0247389324 0.160377396584
-118.568366168 34.0028073457 0.245535668645
-118.521090488 33.9808568121 0.467503394552
-118.473838635 33.9588873759 0.610188594042
-118.426610612 33.9368990813 0.575553678737
-118.379406423 33.9148919727 0.526079492436
-118.332226072 33.8928660942 0.614815766094
-118.285069561 33.8708214902 0.808813326228
-118.237936894 33.8487582049 0.752627009315
-118.190828074 33.8266762826 0.467660184824
-118.143742767 33.8045757709 0.320152877613
-118.09668165 33.7824567076 0.355030048035
-118.04964439 33.7603191403 0.487387390919
-118.002630987 33.7381631134 0.477129558302
-117.955641446 33.7159886712 0.328697013003
-117.908675768 33.693795858 0.238083038026
-117.861733956 33.6715847184 0.238969398889
-117.814816012 33.6493552966 0.214597859818
-117.767921937 33.627107637 0.156896881561
-117.721051735 33.604841784 0.12285887381
-117.674205406 33.5825577822 0.0995794738036
-117.627382952 33.5602556757 0.0261836943128
-117.580584376 33.5379355092 -0.0614247372269
-117.533809678 33.515597327 -0.389453544088
-117.487058859 33.4932411736 -0.82962856116
-117.440331922 33.4708670934 -1.0279170876
-117.393628867 33.4484751309 -1.04575267681
-119.20659757 34.3476204235 0.222875265942
-119.158972036 34.3259297264 0.237282345167
-119.111370328 34.3042194974 0.255147887254
-119.063792449 34.2824897806 0.280328863558
-119.016238407 34.2607406202 0.274037787548
-118.968708206 34.2389720601 0.245054585513
-118.921201851 34.2171841447 0.279524558694
-118.873719348 34.1953769181 0.364016048384
-118.8262607 34.1735504244 0.366943621391
-118.778825913 34.1517047079 0.349803148036
-118.731414652 34.1298398176 0.390156269361
-118.6840276 34.107955788 0.401875225696
-118.636664422 34.0860526683 0.301492061651
-118.589325122 34.0641305027 0.129814203734
-118.542009704 34.0421893354 0.133477225767
-118.494718173 34.0202292109 0.613411136294
-118.447450531 33.9982501733 0.818591680455
-118.400206783 33.9762522669 0.752720527075
-118.352986932 33.9542355362 0.694704635547
-118.305790982 33.9322000253 0.741986034878
-118.258618936 33.9101457787 0.827913104489
-118.211470797 33.8880728407 0.789575224614
-118.164346568 33.8659812556 0.634251058264
-118.117245915 33.843871071 0.536657059073
-118.070169516 33.8217423248 0.540586472548
-118.023117035 33.7995950648 0.594439425812
-117.976088476 33.7774293352 0.526797394756
-117.929083841 33.7552451806 0.310977415375
-117.882103131 33.7330426453 0.205217570117
-117.835146351 33.7108217738 0.225967617167
-117.7882135 33.6885826105 0.17537971536
-117.741304582 33.6663251999 0.0770159623981
-117.694419599 33.6440495864 -0.0783044305375
-117.647558552 33.6217558144 -0.324991271693
-117.600721442 33.5994439286 -0.509873391238
-117.553908272 33.5771139732 -0.695073215215
-117.507119043 33.554765993 -0.89755470451
-117.460353756 33.5324000322 -0.969294933442
-117.413612411 33.5100161355 -1.03053616324
-117.366895012 33.4876143474 -1.04681717172
-119.180445852 34.3871284322 0.294828031576
-119.132803567 34.365428271 0.333503550279
-119.085185172 34.3437085665 0.359763287568
-119.037590672 34.321969363 0.358147845454
-118.990020072 34.3002107047 0.338562267146
-118.942473377 34.2784326358 0.335961279187
-118.894950593 34.2566352005 0.386036166451
-118.847451724 34.234818443 0.46829586294
-118.799976775 34.2129824076 0.505867927652
-118.752525751 34.1911271386 0.552560917196
-118.705098317 34.1692526848 0.622966118691
-118.657695155 34.1473590812 0.66446971523
-118.610315931 34.1254463767 0.382394098002
-118.56296065 34.1035146158 -0.111526671769
-118.515629314 34.0815638427 -0.378695697016
-118.468321928 34.0595941018 0.1269331955
-118.421038495 34.0376054374 0.702578101938
-118.37377902 34.015597894 0.826604299035
-118.326543505 33.9935715158 0.806654622496
-118.279331954 33.9715263473 0.761184819664
-118.232144371 33.9494624328 0.771076588348
-118.184980758 33.9273798168 0.695156777846
-118.137841119 33.9052785437 0.687024668324
-118.090725118 33.8831586609 0.631002747633
-118.043633435 33.8610202067 0.608869080325
-117.996565733 33.8388632287 0.619704296358
-117.949522015 33.8166877714 0.53794442222
-117.902502285 33.7944938792 0.360407075651
-117.855506543 33.7722815967 0.281809620969
-117.808534793 33.7500509682 0.278705888928
-117.761587036 33.7278020384 0.170715289206
-117.714663274 33.7055348516 -0.0622885195237
-117.667763509 33.6832494525 -0.351243010965
-117.620887743 33.6609458855 -0.630501422431
-117.574035977 33.6386241952 -0.804858264573
-117.527208214 33.6162844262 -0.955620522828
-117.480404453 33.5939266229 -1.01590141694
-117.433624696 33.5715508299 -0.998698955209
-117.386868946 33.5491570918 -1.00641389377
-117.340137201 33.5267454532 -1.02181315867
-119.154270307 34.4266337968 0.363506025401
-119.106611265 34.4049241458 0.437881077602
-119.058976177 34.3831949403 0.469619530958
-119.011365048 34.3614462247 0.422402454
-118.963777884 34.3396780431 0.417410218805
-118.91621469 34.3178904399 0.462076466487
-118.86867547 34.2960834592 0.513461862549
-118.82116023 34.2742571455 0.572206949406
-118.773668974 34.2524115429 0.601979201508
-118.726201706 34.2305466959 0.633241834735
-118.678758093 34.2086626534 0.695684145307
-118.631338816 34.1867594503 0.757376010191
-118.583943542 34.1648371358 0.530839686128
-118.536572273 34.1428957542 -0.265461903313
-118.489225013 34.12093535 -0.578246776518
-118.441901768 34.0989559675 -0.423313889797
-118.394602539 34.0769576511 0.022561900183
-118.347327332 34.0549404452 0.737056634183
-118.300076148 34.0329043944 0.705857212844
-118.252848993 34.010849543 0.693096252499
-118.205645868 33.9887759355 0.774428039541
-118.158466777 33.9666836163 0.764630713079
-118.111311723 33.9445726299 0.73929061125
-118.064180371 33.9224430238 0.627193995149
-118.017073399 33.9002948365 0.577865628878
-117.969990472 33.8781281155 0.606859690399
-117.922931593 33.8559429053 0.581393125881
-117.875896763 33.8337392505 0.452552302322
-117.828885986 33.8115171957 0.39042931748
-117.781899263 33.7892767852 0.385723384515
-117.734936596 33.7670180638 0.178712313081
-117.687997987 33.744741076 -0.258015662125
-117.641083438 33.7224458663 -0.609424051763
-117.59419295 33.7001324793 -0.785636731951
-117.547326526 33.6778009596 -0.881312664103
-117.500484165 33.6554513519 -0.924505401629
-117.453665871 33.6330837006 -0.941960439292
-117.406871643 33.6106980506 -0.9445543294
-117.360101483 33.5882944462 -0.95487185918
-117.313355392 33.5658729322 -0.987494505977
-119.128070757 34.4661319862 0.405903238439
-119.080394953 34.4444128197 0.510308007965
-119.032743168 34.4226740877 0.566063309006
-118.985115407 34.4009158342 0.567090777008
-118.937511675 34.3791381037 0.61963949294
-118.889931977 34.3573409405 0.667293645435
-118.842376318 34.335524389 0.723669691704
-118.794844703 34.3136884934 0.748607335772
-118.747337136 34.2918332981 0.753478129263
-118.699853622 34.2699588476 0.717531351034
-118.652393827 34.2480651908 0.686257471243
-118.604958772 34.2261523583 0.653087506503
-118.557547104 34.2042204127 0.685917997211
-118.510159845 34.182269385 0.187115308688
-118.46279666 34.1602993242 -0.0384903781983
-118.415457552 34.1383102746 -0.0595719360515
-118.368142526 34.1163022808 0.137393392712
-118.320851584 34.0942753872 0.261346599271
-118.27358473 34.0722296383 0.231565272357
-118.226341967 34.0501650787 0.574106175393
-118.179123299 34.0280817528 0.84812030567
-118.131928728 34.0059797052 0.828425669464
-118.084758258 33.9838589803 0.715335627963
-118.037611553 33.9617196257 0.523993646431
-117.990489291 33.93956168 0.469419126512
-117.943391138 33.9173851907 0.53672558614
-117.896317096 33.8951902025 0.607548894466
-117.849267167 33.8729767599 0.560969621723
-117.802241353 33.8507449075 0.507786103526
-117.755239656 33.82849469 0.421840161833
-117.708262079 33.8062261519 0.100946302485
-117.661308622 33.7839393379 -0.417388819911
-117.614379288 33.7616342925 -0.769170217006
-117.567474079 33.7393110605 -0.834666404427
-117.520592995 33.7169696865 -0.843783936577
-117.473736039 33.6946102151 -0.860789158467
-117.42690321 33.672232691 -0.883858481522
-117.380094511 33.6498371588 -0.899352623086
-117.333309943 33.6274236633 -0.923979705635
-117.286549505 33.6049922491 -0.959776791222
-119.10184725 34.5056274814 0.392545494116
-119.054154678 34.4838987739 0.52678097177
-119.006486189 34.4621504896 0.602379650831
-118.958841789 34.4403826728 0.666490563007
-118.911221483 34.4185953679 0.75307626319
-118.863625275 34.3967886193 0.814917148213
-118.816053171 34.3749624713 0.897199756655
-118.768505175 34.3531169684 0.915026801539
-118.720981292 34.331252155 0.908750695937
-118.673481527 34.3093680755 0.802705535637
-118.626005883 34.2874647745 0.73006892671
-118.578554365 34.2655422963 0.762496688472
-118.531126638 34.2436006897 0.800850828922
-118.483723384 34.2216399906 0.756083530744
-118.436344268 34.1996602478 0.683970018782
-118.388989293 34.1776615058 0.730821059068
-118.341658464 34.1556438093 0.362608706496
-118.294351783 34.1336072026 -0.225725294462
-118.247069254 34.1115517305 0.0126774162129
-118.19981088 34.0894774373 0.45793098129
-118.152576664 34.0673843678 0.753393529863
-118.105366609 34.0452725665 0.654272603105
-118.058180718 34.0231420779 0.477881707149
-118.011018656 34.0009929496 0.368802990776
-117.963881102 33.9788252203 0.357111960673
-117.916767719 33.9566389376 0.51834662818
-117.86967851 33.9344341463 0.683992373567
-117.822613478 33.9122108908 0.654601749361
-117.775572624 33.8899692158 0.567115528808
-117.72855595 33.8677091661 0.397883256421
-117.681563459 33.8454307863 0.0179512923474
-117.634595152 33.8231341211 -0.540621820422
-117.587651031 33.8008192151 -0.837671128606
-117.540731097 33.778486113 -0.778337286701
-117.493835351 33.7561348596 -0.75597020349
-117.446963796 33.7337654996 -0.813735280152
-117.400116431 33.7113780776 -0.853788587791
-117.353293259 33.6889726385 -0.879837684491
-117.306494279 33.6665492269 -0.908048251943
-117.259719494 33.6441078875 -0.942459880217
-119.075599609 34.5451157512 0.291624676112
-119.027890264 34.523377477 0.354090565906
-118.980205068 34.5016196148 0.374898965521
-118.932544025 34.479842209 0.42215688936
-118.884907141 34.458045304 0.494020641856
-118.83729442 34.4362289442 0.6477216327
-118.789705867 34.4143931742 0.798890222965
-118.742141487 34.3925380384 0.932784804006
-118.694601285 34.3706635812 0.973845619707
-118.647085264 34.3487698472 0.888367754967
-118.59959343 34.326856881 0.819593743748
-118.552125786 34.3049247269 0.806586968712
-118.504681997 34.2829734338 0.930847678552
-118.457262745 34.2610030377 1.03556673653
-118.409867696 34.2390135875 0.920179868249
-118.362496852 34.2170051277 0.565650759127
-118.315150218 34.1949777029 -0.204499917558
-118.267827795 34.1729313578 -0.363419229936
-118.220529589 34.150866137 -0.0963582175977
-118.173255602 34.128782085 0.228675999449
-118.126005837 34.1066792465 0.42126074082
-118.078780297 34.0845576662 0.498978863807
-118.031578984 34.0624173886 0.445002165355
-117.984401564 34.0402584612 0.462561881308
-117.937248715 34.0180809231 0.455450339696
-117.890120101 33.9958848218 0.586408139324
-117.843015725 33.973670202 0.662957101323
-117.795935588 33.9514371084 0.626543826637
-117.748879694 33.9291855858 0.487202893888
-117.701848043 33.9069156787 0.221673379625
-117.654840638 33.884627432 -0.1851234771
-117.60785748 33.8623208904 -0.58126217126
-117.56089857 33.8399960987 -0.754785592804
-117.513963912 33.8176531015 -0.732493596081
-117.467053504 33.7952919437 -0.739800686082
-117.42016735 33.77291267 -0.800715969045
-117.37330545 33.7505153252 -0.852242714648
-117.326467804 33.7280999541 -0.88636710214
-117.279654414 33.7056666015 -0.914208710204
-117.232865281 33.6832153121 -0.932187453792
-119.04932788 34.5846012766 0.122848526519
-119.001601757 34.5628534101 0.0615148889972
-118.953899846 34.5410859444 0.012143379069
-118.906222154 34.5192989239 -0.0189291051968
-118.858568686 34.4974923933 0.0686367335091
-118.810939445 34.4756663969 0.313108702991
-118.763334438 34.4538209793 0.554835899093
-118.715753669 34.431956185 0.845189248998
-118.668197141 34.4100720586 0.948556192662
-118.62066486 34.3881686446 0.889020022595
-118.57315683 34.3662459877 0.808865582113
-118.525673054 34.3443041323 0.65253343383
-118.478213198 34.3223431273 0.898218538806
-118.430777944 34.3003630088 1.1758947074
-118.383366956 34.2783638257 0.953427939942
-118.335980238 34.2563456228 0.233504006118
-118.288617794 34.2343084445 -0.226959933789
-118.241279626 34.2122523356 -0.214961653274
-118.193965738 34.1901773407 -0.107526082544
-118.146676134 34.1680835046 -0.130509170337
-118.099410815 34.1459708718 0.0948656344984
-118.052169785 34.1238394872 0.679052599183
-118.004953047 34.1016893954 0.920252421419
-117.957760264 34.0795206437 0.720454500914
-117.910592117 34.0573332716 0.511745707906
-117.863448269 34.0351273265 0.511697505222
-117.816328722 34.0129028531 0.544483174625
-117.769233478 33.9906598963 0.515665485775
-117.722162539 33.9683985007 0.356087739911
-117.675115908 33.9461187112 -0.0275883069927
-117.628093586 33.9238205726 -0.3869849508
-117.581095574 33.9015041296 -0.583685681039
-117.534121875 33.879169427 -0.697375795738
-117.487172488 33.8568165097 -0.714009946374
-117.440247417 33.8344454225 -0.742477141727
-117.393346662 33.8120562101 -0.807942189587
-117.346470223 33.7896489175 -0.864304818909
-117.299618102 33.7672235895 -0.904432303259
-117.2527903 33.7447802709 -0.922430386469
-117.205986817 33.7223190065 -0.916115712115
-119.023031889 34.6240795263 -0.0377226538441
-118.975288982 34.6023220417 -0.159903045963
-118.927570354 34.5805449467 -0.24223848549
-118.879876009 34.5587482859 -0.27030631961
-118.832205953 34.5369321038 -0.160003461171
-118.784560189 34.5150964451 0.0351804659734
-118.736938724 34.4932413542 0.275720293885
-118.689341562 34.4713668759 0.557732932303
-118.641768706 34.4494730546 0.633329989213
-118.594220161 34.427559935 0.583290933747
-118.546695932 34.4056275618 0.566066818321
-118.499196023 34.3836759796 0.67711061012
-118.451720097 34.361705237 0.899006319203
-118.404268837 34.3397153706 0.858049595836
-118.356841909 34.3177064292 0.431087196175
-118.309439315 34.2956784575 -0.0232311246568
-118.262061059 34.2736315003 -0.222379426767
-118.214707144 34.2515656021 -0.196584369722
-118.167377573 34.2294808078 -0.201703613716
-118.120072349 34.2073771621 -0.257801299784
-118.072791475 34.1852547097 -0.000345870892964
-118.025534954 34.1631134954 0.524102817387
-117.978302789 34.140953564 0.862767628342
-117.931094643 34.1187749628 0.738937106439
-117.883911196 34.0965777313 0.330372043677
-117.836752112 34.074361917 0.259223314438
-117.789617394 34.0521275648 0.304660720327
-117.742507042 34.0298747195 0.381974111097
-117.695421059 34.0076034258 0.281944006834
-117.648359447 33.9853137287 -0.0554522995382
-117.601322207 33.9630056729 -0.345927519566
-117.554309341 33.9406793033 -0.531382217775
-117.507320851 33.9183346648 -0.64605207041
-117.460356738 33.8959718023 -0.686691579191
-117.413417002 33.8735907606 -0.73432048736
-117.366501646 33.8511915845 -0.803285137642
-117.319610669 33.8287743191 -0.858901141124
-117.272744074 33.8063390091 -0.895215851631
-117.22590186 33.7838856995 -0.898871807864
-117.179084028 33.7614144352 -0.87978891361
-118.996711678 34.6635549813 -0.13865375709
-118.948951982 34.6417878529 -0.293061566053
-118.90121663 34.620001103 -0.376822248103
-118.853505626 34.5981947762 -0.344837809389
-118.805818976 34.5763689172 -0.244517643488
-118.758156684 34.5545235705 -0.157003108119
-118.710518755 34.5326587808 0.0151080136406
-118.662905193 34.5107745928 0.226697541677
-118.615316004 34.4888710511 0.235797897636
-118.56775119 34.4669482004 0.109153698319
-118.520210757 34.4450060854 0.257361645766
-118.472694708 34.4230447508 0.87181137829
-118.425202707 34.4010642453 0.934940741085
-118.377735438 34.3790646055 0.192211044682
-118.330292564 34.3570458804 -0.225541758039
-118.282874089 34.3350081146 -0.224603310947
-118.235480017 34.3129513529 -0.249395426397
-118.188110349 34.2908756401 -0.243531224316
-118.140765091 34.268781021 -0.26380318304
-118.093444243 34.2466675403 -0.282465037738
-118.046147811 34.224535243 -0.153680338739
-117.998875795 34.2023841737 -0.00204441079228
-117.951628199 34.1802143774 0.15865199578
-117.904404686 34.1580259013 0.0671989251906
-117.857205936 34.1358187853 -0.0813912694707
-117.810031613 34.1135930767 -0.093830761205
-117.762881719 34.0913488204 0.0401836334306
-117.715756256 34.0690860614 0.325155041489
-117.668655226 34.0468048444 0.337122934992
-117.62157863 34.0245052145 0.0659091996251
-117.57452647 34.0021872165 -0.208173463267
-117.527498748 33.9798508952 -0.444202529025
-117.480495464 33.9574962957 -0.586189170633
-117.433516621 33.9351234628 -0.635575000599
-117.386562219 33.9127324415 -0.702133511719
-117.339632259 33.8903232767 -0.777493564064
-117.292726743 33.8678960134 -0.828981596812
-117.245845671 33.8454506965 -0.855858998806
-117.198989043 33.822987371 -0.845056511891
-117.152156861 33.8005060818 -0.816149093426
-118.970367076 34.70302311 -0.153132424738
-118.922590586 34.681246312 -0.33781683163
-118.874838505 34.6594498814 -0.402803745734
-118.827110839 34.6376338629 -0.290343114565
-118.779407591 34.6157983011 -0.175822948623
-118.731728767 34.5939432407 -0.0898760908698
-118.684074372 34.5720687265 0.0260828570798
-118.636444408 34.5501748031 0.057146391328
-118.588838882 34.5282615153 -0.0211089044865
-118.541257797 34.5063289078 -0.120977869633
-118.493701157 34.4843770254 0.075048892517
-118.446168966 34.4624059128 0.478676758502
-118.398660888 34.4404156188 0.349013910203
-118.351177606 34.4184061801 -0.140390444612
-118.303718785 34.3963776456 -0.31282960832
-118.256284427 34.3743300601 -0.280050327492
-118.208874536 34.3522634685 -0.275446969543
-118.161489115 34.3301779156 -0.278860046226
-118.114128167 34.3080734462 -0.302579373386
-118.066791695 34.2859501052 -0.318757008821
-118.019479701 34.2638079374 -0.28755770305
-117.972192189 34.2416469878 -0.27921765597
-117.924929161 34.2194673012 -0.232328228551
-117.87769028 34.1972689249 -0.282953036788
-117.830476226 34.1750518989 -0.27848123295
-117.783286664 34.1528162707 -0.249772045985
-117.736121594 34.1305620851 -0.0391179937156
-117.688981019 34.1082893871 0.299309100542
-117.641864941 34.0859982216 0.371961013928
-117.594773361 34.0636886337 0.174020677172
-117.54770628 34.0413606681 -0.0719238053624
-117.500663701 34.01901437 -0.306974445129
-117.453645625 33.9966497843 -0.457573024633
-117.406652052 33.974266956 -0.56363908334
-117.359682983 33.95186593 -0.660548061666
-117.312738421 33.9294467514 -0.724809686805
-117.265818365 33.9070094651 -0.776251579255
-117.218922817 33.8845541163 -0.770708609536
-117.172051776 33.8620807498 -0.743248851825
-117.125205244 33.8395894107 -0.72202792184
-118.943998122 34.7424883935 -0.0341931205022
-118.896204833 34.7207019002 -0.257473570079
-118.848436018 34.6988957632 -0.270731776527
-118.800691683 34.6770700273 -0.0684412571294
-118.752971832 34.6552247371 0.00218879617791
-118.70527647 34.6333599374 0.125888016493
-118.657605601 34.611475673 0.150875363358
-118.60995923 34.5895719887 -0.0105850654912
-118.562337362 34.5676489292 -0.13665888014
-118.51474 34.5457065393 -0.209068683172
-118.467167148 34.523744864 -0.158672181118
-118.41961881 34.5017639479 -0.156522885389
-118.372094649 34.4797638397 -0.216135049327
-118.324595351 34.4577445766 -0.159460787121
-118.277120577 34.4357062073 -0.177930039366
-118.229670332 34.4136487767 -0.242230646908
-118.182244618 34.3915723298 -0.266315236765
-118.134843438 34.3694769113 -0.284947855825
-118.087466797 34.3473625662 -0.305657097967
-118.040114696 34.3252293395 -0.315481429631
-117.992787138 34.303077276 -0.309314829262
-117.945484125 34.2809064206 -0.287225157944
-117.898205661 34.2587168184 -0.263516677539
-117.850951409 34.2365085166 -0.249693655873
-117.803722048 34.2142815554 -0.274562080477
-117.756517243 34.1920359822 -0.272868756845
-117.709336994 34.169771842 -0.0706045049205
-117.662181304 34.1474891798 0.302625115669
-117.615050175 34.1251880406 0.400603543745
-117.567943608 34.1028684694 0.228554423439
-117.520861604 34.0805305113 0.0383923530801
-117.473804165 34.0581742111 -0.152979980503
-117.426771293 34.0357996141 -0.266313095235
-117.379762988 34.0134067652 -0.416199051121
-117.332779251 33.9909957094 -0.499763655515
-117.285820084 33.9685664919 -0.568609373536
-117.238885487 33.9461191577 -0.663541498826
-117.19197546 33.9236537518 -0.617622623587
-117.145090005 33.9011703193 -0.598478367322
-117.098229122 33.8786689054 -0.604489284863
-118.917604646 34.7819463001 0.273958330731
-118.869794553 34.7601500856 0.342688960011
-118.822009001 34.7383342164 0.408441397844
-118.774247993 34.7164987372 0.243446876379
-118.726511536 34.6946436928 0.10662091396
-118.678799632 34.6727691281 0.141781051116
-118.631112288 34.6508750877 0.0977550083497
-118.583449507 34.6289616167 -0.0364153999363
-118.535811293 34.6070287598 -0.139645121719
-118.488197651 34.5850765619 -0.209286989076
-118.440608585 34.5631050679 -0.23993179024
-118.393044097 34.5411143226 -0.313535324271
-118.345503852 34.5191043748 -0.272603530411
-118.297988534 34.4970752616 -0.149225708837
-118.250497806 34.4750270319 -0.136806316757
-118.203031672 34.4529597307 -0.182035899323
-118.155590133 34.4308734028 -0.208385630161
-118.108173194 34.4087680932 -0.230714772774
-118.060780857 34.386643847 -0.243710169314
-118.013413126 34.364500709 -0.248594045987
-117.966070002 34.3423387242 -0.2407926165
-117.918751488 34.3201579377 -0.224326183819
-117.871457587 34.2979583945 -0.212140234331
-117.824187962 34.2757401418 -0.209504925413
-117.776943294 34.2535032199 -0.225534934582
-117.729723244 34.2312476765 -0.220261381593
-117.682527816 34.2089735563 -0.063872996607
-117.635357011 34.1866809046 0.171083672006
-117.58821083 34.1643697664 0.215415272512
-117.541089276 34.1420401867 0.142928936883
-117.493992349 34.1196922107 0.0432162719974
-117.446920051 34.0973258833 -0.0204313970478
-117.399872383 34.0749412498 0.0322538368407
-117.352849346 34.0525383551 0.145066611018
-117.305850941 34.0301172444 0.159701804725
-117.25887717 34.0076779629 -0.138624230554
-117.211928032 33.9852205555 -0.36161954222
-117.165003528 33.9627450675 -0.404020813636
-117.118103659 33.940251544 -0.429236907764
-117.071228425 33.9177400302 -0.48249845661
-118.891186687 34.8214013107 0.616663720346
-118.843359785 34.7995953494 1.14151551836
-118.795557488 34.7777697222 1.09154902874
-118.747779802 34.7559244741 0.346466237466
-118.700026732 34.7340596498 0.0473690940784
-118.652298282 34.7121752942 0.039706091975
-118.604594456 34.6902714523 0.0150605577791
-118.556915259 34.668348169 -0.0277037471715
-118.509260695 34.646405489 -0.0873031265743
-118.461630768 34.6244434575 -0.127313701423
-118.414025481 34.6024621192 -0.165744668919
-118.366444839 34.5804615192 -0.190193286189
-118.318888505 34.5584417061 -0.15958167785
-118.271357163 34.5364027173 -0.125403601403
-118.223850476 34.5143446017 -0.111163697937
-118.176368447 34.4922674043 -0.116473239217
-118.12891108 34.47017117 -0.129293587672
-118.081478377 34.4480559439 -0.14456918734
-118.034070341 34.425921771 -0.148471127446
-117.986686975 34.4037686964 -0.143852430142
-117.939328281 34.381596765 -0.137363986152
-117.891994263 34.3594060219 -0.135674861168
-117.844684922 34.3371965123 -0.13229100516
-117.79739992 34.3149682833 -0.130668378637
-117.75013994 34.2927213756 -0.141594529128
-117.702904644 34.2704558365 -0.142528926035
-117.655694033 34.2481717111 -0.0838009066033
-117.60850811 34.2258690446 -0.0463231151256
-117.561346875 34.2035478821 -0.0253842250776
-117.51421033 34.1812082687 0.00586852260063
-117.467098478 34.1588502496 0.00285696998654
-117.420011318 34.1364738698 0.0643802612427
-117.372948852 34.1140791745 0.333513319961
-117.325911081 34.091666209 0.930531291285
-117.278898007 34.0692350183 0.933349378697
-117.231909628 34.0467856475 0.237949838566
-117.184945948 34.024318142 -0.115055076538
-117.138006965 34.0018325469 -0.209403291283
-117.09109268 33.9793289073 -0.276651668901
-117.044203094 33.9568072685 -0.387392729594
-118.864744076 34.8608488937 0.62926846092
-118.816900359 34.8390331595 0.928167151331
-118.769081315 34.8171977485 0.684987806404
-118.721286948 34.7953427055 0.20776400668
-118.673517262 34.7734680755 0.0267853923566
-118.625772261 34.7515739034 0.0152427005738
-118.578051951 34.7296602341 0.0208782526999
-118.530356336 34.7077271126 0.00263546882287
-118.482685419 34.6857745839 -0.0349253181843
-118.435039204 34.6638026929 -0.0729942283333
-118.387417695 34.6418114847 -0.108348759827
-118.339820897 34.6198010042 -0.114813666066
-118.292248471 34.5977713002 -0.103362550623
-118.244701103 34.5757224102 -0.087856069957
-118.197178455 34.553654383 -0.0726420919181
-118.14968053 34.5315672638 -0.067088570894
-118.102207332 34.5094610975 -0.0677936390011
-118.054758864 34.4873359293 -0.067092200885
-118.007335127 34.4651918042 -0.058229724699
-117.959936125 34.4430287674 -0.0470329209421
-117.912561861 34.4208468638 -0.0403477380422
-117.865212336 34.3986461387 -0.0444939055679
-117.817887554 34.3764266372 -0.0439987327546
-117.770587175 34.3541884066 -0.0458344876781
-117.723311883 34.3319314875 -0.0571949555451
-117.67606134 34.3096559274 -0.072868559734
-117.628835546 34.2873617714 -0.0713011426131
-117.581634503 34.2650490648 -0.0913899291323
-117.534458214 34.2427178527 -0.0682810741153
-117.48730668 34.2203681803 -0.0367985670615
-117.440179901 34.1980000928 -0.00575762057385
-117.39307788 34.1756136353 0.0839568894909
-117.346000616 34.1532088531 0.383716283882
-117.298948112 34.1307857915 0.85148679611
-117.251920368 34.1083444955 0.708663197456
-117.204917384 34.0858850105 0.212453963523
-117.157939161 34.0634073816 -0.063178612833
-117.1109857 34.0409116542 -0.147978942958
-117.064057001 34.0183978735 -0.229421088384
-117.017153064 33.9958660847 -0.346395246248
-118.838276848 34.9002935298 0.300949117957
-118.790416312 34.8784679971 0.139357751853
-118.742580514 34.8566227765 -0.0287025790448
-118.694769459 34.8347579129 -0.00760399468517
-118.646983151 34.8128734514 -0.0128705430056
-118.599221595 34.790969437 0.0197130905258
-118.551484795 34.7690459146 0.0409195373065
-118.503772756 34.7471029293 0.0201560781708
-118.45608548 34.7251405261 -0.012760067472
-118.408422972 34.7031587501 -0.067331915549
-118.360785237 34.6811576463 -0.0985461237356
-118.313172277 34.6591372598 -0.102781392681
-118.265583754 34.6370976392 -0.0932943717968
-118.218020356 34.6150388223 -0.069657451908
-118.170481742 34.5929608581 -0.0555676749895
-118.122967918 34.5708637915 -0.0517850469338
-118.075478885 34.5487476677 -0.0435822862566
-118.028014646 34.5266125319 -0.0263319721037
-117.980575205 34.5044584291 -0.00891301701754
-117.933160564 34.4822854046 0.00850844718635
-117.885770725 34.4600935035 0.016201827707
-117.838405691 34.437882771 0.00985207349738
-117.791065463 34.4156532522 0.0108137047603
-117.743749705 34.3934049944 0.00875155268305
-117.696459098 34.3711380386 -0.00179937653799
-117.649193303 34.3488524322 -0.0213057357905
-117.601952323 34.3265482203 -0.0331733785422
-117.55473616 34.3042254483 -0.0411432895764
-117.507544813 34.2818841613 -0.0344220043296
-117.460378286 34.2595244045 -0.0346437131175
-117.413236579 34.2371462234 -0.031549392861
-117.366119694 34.214749663 -0.0250088119156
-117.319027631 34.1923347687 0.108414249065
-117.271960391 34.1699015857 0.200748219012
-117.224917975 34.1474501593 0.101048438108
-117.177900383 34.1249805349 -0.0437657962015
-117.130907617 34.1024927576 -0.165083108167
-117.083939676 34.0799868728 -0.186408844174
-117.036996561 34.0574629258 -0.247900252361
-116.990078272 34.0349209619 -0.357566164294
-118.811784836 34.9397306873 -0.0277426922626
-118.763907477 34.91789533 -0.243627070167
-118.716054922 34.8960402738 -0.2953485662
-118.668227177 34.8741655638 -0.201735036627
-118.620424244 34.8522712449 -0.139340637785
-118.57264613 34.8303573623 -0.0735519494806
-118.524892837 34.808423961 -0.0430142466541
-118.47716437 34.7864710861 -0.0389117761646
-118.429460734 34.7644987826 -0.0619309422838
-118.381781931 34.7425070958 -0.100447449904
-118.334127966 34.7204960706 -0.125253710776
-118.286498842 34.6984657523 -0.132914949735
-118.238894222 34.6764161894 -0.130480377597
-118.19131479 34.6543474201 -0.117084923363
-118.14376021 34.632259493 -0.11349845966
-118.096230483 34.6101524535 -0.107772976957
-118.048725614 34.5880263465 -0.100064736442
-118.001245604 34.5658812175 -0.080287100886
-117.953790457 34.5437171115 -0.0684916928405
-117.906360175 34.5215340737 -0.0525347629268
-117.858954761 34.4993321495 -0.0496693729437
-117.811574216 34.477111384 -0.041072946868
-117.764218543 34.4548718224 -0.0384991262829
-117.716887404 34.4326135121 -0.0358491642487
-117.66958148 34.4103364941 -0.0488429957578
-117.622300435 34.3880408159 -0.0606268884831
-117.575044269 34.3657265227 -0.0734171316242
-117.527812983 34.3433936598 -0.0729343155622
-117.48060658 34.3210422726 -0.0796799854481
-117.43342506 34.2986724062 -0.0909685309375
-117.386268425 34.2762841061 -0.118963894555
-117.339136676 34.2538774175 -0.157112596147
-117.292029813 34.2314523858 -0.141214691967
-117.244947838 34.2090090563 -0.175065819404
-117.197890751 34.1865474743 -0.210119979837
-117.150858553 34.1640676852 -0.244277207346
-117.103851244 34.1415697343 -0.275418331253
-117.056868824 34.119053667 -0.283783458629
-117.009911294 34.0965195286 -0.334341289925
-116.962978654 34.0739673645 -0.407219546665
-118.785268074 34.979164847 -0.213364113022
-118.737373886 34.9573196393 -0.346200387406
-118.689504569 34.9354547218 -0.383102920707
-118.641660126 34.9135701395 -0.344098480043
-118.593840564 34.8916659375 -0.281467262047
-118.546045885 34.8697421609 -0.211225665934
-118.498276094 34.8477988549 -0.165545760335
-118.450531195 34.8258360646 -0.136610245413
-118.402811193 34.8038538352 -0.139077566416
-118.35511609 34.7818522118 -0.157610333489
-118.30744589 34.7598312396 -0.175709398222
-118.259800598 34.7377909638 -0.190179140575
-118.212179874 34.7157314331 -0.197485804086
-118.164584406 34.6936526856 -0.204405427692
-118.117013854 34.6715547702 -0.207422886477
-118.069468221 34.649437732 -0.205697353499
-118.021947511 34.6273016164 -0.200204117218
-117.974451727 34.6051464685 -0.190331076089
-117.92698087 34.5829723337 -0.184326679995
-117.879534944 34.5607792573 -0.182854722365
-117.83211395 34.5385672844 -0.174857127836
-117.784717891 34.5163364604 -0.152253211863
-117.737346769 34.4940868306 -0.142830769988
-117.690000246 34.4718184423 -0.142402562795
-117.642679004 34.4495313368 -0.150256097314
-117.595382704 34.4272255614 -0.158931240696
-117.548111349 34.4049011615 -0.16530197856
-117.500864939 34.3825581825 -0.163403479461
-117.453643476 34.3601966696 -0.169849401354
-117.406446961 34.3378166683 -0.182122755367
-117.359275396 34.315418224 -0.214047433734
-117.31212878 34.2930013819 -0.253265369183
-117.265007116 34.2705661876 -0.282119366226
-117.217910404 34.2481126863 -0.318491003234
-117.170838644 34.2256409235 -0.342609397934
-117.123791837 34.2031509445 -0.354677444709
-117.076769984 34.1806427948 -0.371322967026
-117.029773084 34.1581165198 -0.401824593002
-116.982801138 34.135572165 -0.43728524638
-116.935854145 34.1130097756 -0.467167394983
-118.758726398 35.0185914768 -0.308564833779
-118.710815377 34.9967363928 -0.394013228415
-118.662929294 34.9748615879 -0.423278399693
-118.615068152 34.9529671074 -0.407460176261
-118.567231955 34.9310529963 -0.357013212623
-118.51942071 34.9091192999 -0.300105651192
-118.471634418 34.8871660633 -0.251974728325
-118.423873085 34.8651933318 -0.21984013631
-118.376136713 34.8432011505 -0.211215482762
-118.328425308 34.8211895648 -0.217854591841
-118.280738872 34.7991586198 -0.230029981379
-118.233077409 34.7771083608 -0.244478748057
-118.18544058 34.7550388363 -0.255842048751
-118.137829073 34.732950085 -0.268619923339
-118.090242548 34.7108421554 -0.27339521481
-118.042681008 34.688715093 -0.276275277251
-117.995144456 34.666568943 -0.27276803494
-117.947632895 34.6444037507 -0.270524542182
-117.900146327 34.6222195615 -0.267093701031
-117.852684755 34.6000164207 -0.268279707852
-117.805248181 34.5777943737 -0.254798808215
-117.757836608 34.5555534657 -0.236703443064
-117.710450036 34.5332937422 -0.225674980362
-117.663088128 34.5110152503 -0.225726945362
-117.615751567 34.4887180317 -0.228552681678
-117.568440013 34.4664021337 -0.23542680587
-117.521153468 34.4440676016 -0.237506401399
-117.473891934 34.421714481 -0.239611613432
-117.426655411 34.3993428172 -0.246489886084
-117.379443902 34.3769526556 -0.262226691376
-117.332257406 34.3545440417 -0.292347320929
-117.285095925 34.3321170208 -0.329677336699
-117.23795946 34.3096716385 -0.364214037421
-117.190848011 34.2872079402 -0.396270262891
-117.14376158 34.2647259713 -0.415387145743
-117.096700165 34.2422257772 -0.427327931427
-117.049663768 34.2197074036 -0.445261425666
-117.002652389 34.1971708957 -0.474993659989
-116.955666028 34.1746162992 -0.49635412367
-116.908704685 34.1520436595 -0.514098710463
