-119.336999976 34.1500010364 0.309834
-119.289458115 34.1283572771 0.320572
-119.241939758 34.1066940424 0.321022
-119.194444913 34.0850113761 0.298117
-119.146973585 34.063309322 0.198805
-119.099525778 34.041587924 0.017252
-119.052101499 34.019847226 -0.154062
-119.004700752 33.9980872718 -0.29117
-118.957323543 33.9763081053 -0.404528
-118.909969877 33.9545097704 -0.497218
-118.86263942 33.9326923162 -0.556657
-118.815332853 33.9108557762 -0.572975
-118.768049843 33.8890001996 -0.556339
-118.720790395 33.8671256304 -0.526016
-118.673554511 33.8452321126 -0.497043
-118.626342198 33.8233196901 -0.480153
-118.579153458 33.801388407 -0.484702
-118.531988297 33.7794383072 -0.518098
-118.484846717 33.7574694348 -0.580937
-118.437728722 33.7354818338 -0.641835
-118.390634316 33.7134755483 -0.527565
-118.343563503 33.6914506223 -0.266943
-118.296516285 33.6694071 -0.106073
-118.24949233 33.6473450287 -0.0367337
-118.202492314 33.6252644457 -0.0199407
-118.155515903 33.6031653985 -0.0292945
-118.1085631 33.5810479314 -0.0568829
-118.061633908 33.5589120884 -0.112519
-118.01472833 33.5367579137 -0.212696
-117.967846367 33.5145854513 -0.353688
-117.920988023 33.4923947456 -0.497898
-117.8741533 33.4701858406 -0.606133
-117.827342199 33.4479587805 -0.670615
-117.780554724 33.4257136095 -0.704449
-117.733790875 33.4034503717 -0.721503
-117.687050655 33.3811691115 -0.731148
-117.640334066 33.358869873 -0.739371
-117.593641108 33.3365527004 -0.749188
-117.546971785 33.314217638 -0.760203
-117.500326096 33.2918647299 -0.770756
-119.310966774 34.1895354099 0.342117
-119.263408189 34.1678823141 0.357091
-119.215873173 34.1462097316 0.364494
-119.168361732 34.1245177061 0.369055
-119.120873871 34.1028062817 0.238616
-119.073409595 34.0810755023 -0.0219972
-119.02596891 34.0593254116 -0.194076
-118.978551822 34.0375560537 -0.315655
-118.931158334 34.0157674726 -0.423748
-118.883788453 33.9939597122 -0.525667
-118.836441844 33.9721328215 -0.582829
-118.789119188 33.9502868343 -0.570054
-118.741820153 33.9284217997 -0.518042
-118.694544742 33.9065377619 -0.458798
-118.64729296 33.8846347647 -0.405633
-118.600064768 33.8627105985 -0.367021
-118.552860257 33.8407698149 -0.354105
-118.505679386 33.8188102042 -0.377661
-118.458522159 33.7968318106 -0.444287
-118.411388581 33.774834678 -0.564093
-118.364278655 33.7528188505 -0.299456
-118.317192384 33.7307843724 0.0414705
-118.270129771 33.7087312878 0.139741
-118.223090483 33.686659644 0.154005
-118.176075197 33.6645694785 0.130577
-118.129083578 33.6424608389 0.104346
-118.08211563 33.6203337694 0.0778889
-118.035171355 33.5981883141 0.0249966
-117.988250756 33.5760245173 -0.104056
-117.941353835 33.5538424231 -0.312192
-117.894480595 33.5316420757 -0.511452
-117.847631038 33.5094235195 -0.629535
-117.800805165 33.4871867986 -0.68182
-117.75400298 33.4649319572 -0.702779
-117.707224483 33.4426590396 -0.710601
-117.660469677 33.4203680901 -0.714379
-117.613738564 33.3980591529 -0.720512
-117.567031144 33.3757322724 -0.732301
-117.520347419 33.3533874927 -0.746516
-117.473687391 33.3310248582 -0.759734
-119.284909948 34.229062758 0.365642
-119.237334634 34.2074003001 0.376193
-119.189782954 34.1857183442 0.365842
-119.142254913 34.1640169341 0.318036
-119.094750515 34.1422961138 0.136921
-119.047269766 34.1205559273 -0.0988594
-118.999812672 34.0987964186 -0.237602
-118.952379238 34.0770176317 -0.313803
-118.904969468 34.0552196105 -0.411863
-118.857583368 34.0334023991 -0.548357
-118.810220604 34.0115660465 -0.608478
-118.762881857 33.9897105866 -0.539221
-118.715566793 33.9678360688 -0.446531
-118.668275416 33.9459425369 -0.362638
-118.621007732 33.9240300352 -0.285249
-118.573763743 33.9020986076 -0.21712
-118.526543455 33.8801482985 -0.173583
-118.47934687 33.8581791518 -0.164794
-118.432173992 33.8361912116 -0.168607
-118.385024826 33.8141845223 -0.0705066
-118.337899375 33.7921591279 0.39781
-118.290797641 33.7701150725 0.386537
-118.243719629 33.7480524005 0.398049
-118.196665003 33.7259711592 0.333427
-118.149634443 33.7038713862 0.263058
-118.102627612 33.6817531292 0.229971
-118.055644515 33.6596164323 0.222954
-118.008685154 33.6374613397 0.206659
-117.96174953 33.6152878958 0.0451135
-117.914837647 33.5930961448 -0.288735
-117.867949508 33.570886131 -0.562263
-117.821085113 33.5486578986 -0.655975
-117.774244465 33.526411492 -0.681914
-117.727427567 33.5041469553 -0.689785
-117.680634419 33.4818643331 -0.690464
-117.633865024 33.4595636695 -0.689383
-117.587119383 33.4372450088 -0.694963
-117.540397498 33.4149083955 -0.710765
-117.49369937 33.3925538738 -0.730239
-117.447025 33.3701814881 -0.749628
-119.258829555 34.2685875614 0.384592
-119.211237506 34.246915716 0.388277
-119.163669155 34.2252243613 0.347495
-119.116124506 34.2035135412 0.223471
-119.068603565 34.1817832997 0.0338723
-119.021106337 34.1600336808 -0.15238
-118.973632828 34.1382647287 -0.248837
-118.926183041 34.1164764873 -0.243165
-118.878756983 34.0946690007 -0.328644
-118.831354658 34.072842313 -0.53861
-118.783975733 34.0509964733 -0.590441
-118.736620888 34.0291315156 -0.436302
-118.68928979 34.0072474891 -0.331814
-118.641982443 33.985344438 -0.243573
-118.594698851 33.9634224064 -0.146482
-118.547439018 33.9414814386 -0.03797
-118.500202948 33.9195215785 0.0467395
-118.452990646 33.8975428705 0.0883625
-118.405802113 33.8755453588 0.140163
-118.358637356 33.8535290875 0.307268
-118.311496375 33.8314941009 0.46673
-118.264379176 33.8094404432 0.559633
-118.217285761 33.7873681587 0.616376
-118.170215796 33.7652772948 0.465985
-118.123169958 33.7431678892 0.372141
-118.076147913 33.7210399896 0.34749
-118.029149664 33.6988936402 0.370899
-117.982175213 33.6767288854 0.444884
-117.935224563 33.6545457694 0.24787
-117.888297716 33.6323443366 -0.287274
-117.841394674 33.6101246313 -0.616363
-117.79451544 33.5878866978 -0.63757
-117.747660015 33.5656305805 -0.653009
-117.700828402 33.5433563238 -0.660755
-117.654020602 33.5210639719 -0.661947
-117.607236616 33.4987535693 -0.658053
-117.560476447 33.4764251603 -0.666887
-117.513740095 33.4540787894 -0.691222
-117.467027562 33.4317145009 -0.718432
-117.42033885 33.4093323392 -0.744836
-119.23272541 34.3081052896 0.405237
-119.185116623 34.2864240311 0.437549
-119.137531596 34.264723252 0.391812
-119.089970336 34.2430029963 0.223875
-119.042432848 34.221263308 0.0466961
-118.994919136 34.1995042312 -0.0892937
-118.947429207 34.1777258102 -0.12933
-118.899963065 34.1559280888 -0.105597
-118.852520715 34.1341111114 -0.158867
-118.805102162 34.112274922 -0.285678
-118.757707072 34.0904195696 -0.296998
-118.710336127 34.0685450886 -0.242622
-118.662988991 34.0466515282 -0.188058
-118.61566567 34.0247389324 -0.125545
-118.568366168 34.0028073457 -0.0180225
-118.521090488 33.9808568121 0.1557
-118.473838635 33.9588873759 0.286717
-118.426610612 33.9368990813 0.32114
-118.379406423 33.9148919727 0.342682
-118.332226072 33.8928660942 0.407098
-118.285069561 33.8708214902 0.424569
-118.237936894 33.8487582049 0.55575
-118.190828074 33.8266762826 0.681588
-118.143742767 33.8045757709 0.600812
-118.09668165 33.7824567076 0.536668
-118.04964439 33.7603191403 0.510437
-118.002630987 33.7381631134 0.543346
-117.955641446 33.7159886712 0.571683
-117.908675768 33.693795858 0.361532
-117.861733956 33.6715847184 -0.0450424
-117.814816012 33.6493552966 -0.358222
-117.767921937 33.627107637 -0.553247
-117.721051735 33.604841784 -0.594777
-117.674205406 33.5825577822 -0.619812
-117.627382952 33.5602556757 -0.633214
-117.580584376 33.5379355092 -0.635881
-117.533809678 33.515597327 -0.654819
-117.487058859 33.4932411736 -0.694537
-117.440331922 33.4708670934 -0.730061
-117.393628867 33.4484751309 -0.747014
-119.20659757 34.3476204235 0.409907
-119.158972036 34.3259297264 0.505713
-119.111370328 34.3042194974 0.468517
-119.063792449 34.2824897806 0.266063
-119.016238407 34.2607406202 0.124279
-118.968708206 34.2389720601 0.0486291
-118.921201851 34.2171841447 0.0344691
-118.873719348 34.1953769181 0.0834177
-118.8262607 34.1735504244 0.082465
-118.778825913 34.1517047079 0.071672
-118.731414652 34.1298398176 0.0266182
-118.6840276 34.107955788 -0.0613661
-118.636664422 34.0860526683 -0.051221
-118.589325122 34.0641305027 -0.0475345
-118.542009704 34.0421893354 0.0318099
-118.494718173 34.0202292109 0.354127
-118.447450531 33.9982501733 0.528749
-118.400206783 33.9762522669 0.474807
-118.352986932 33.9542355362 0.436079
-118.305790982 33.9322000253 0.445615
-118.258618936 33.9101457787 0.500347
-118.211470797 33.8880728407 0.66105
-118.164346568 33.8659812556 0.749663
-118.117245915 33.843871071 0.722825
-118.070169516 33.8217423248 0.672887
-118.023117035 33.7995950648 0.64226
-117.976088476 33.7774293352 0.651948
-117.929083841 33.7552451806 0.604798
-117.882103131 33.7330426453 0.473357
-117.835146351 33.7108217738 0.343305
-117.7882135 33.6885826105 -0.00558745
-117.741304582 33.6663251999 -0.428441
-117.694419599 33.6440495864 -0.515192
-117.647558552 33.6217558144 -0.583012
-117.600721442 33.5994439286 -0.615859
-117.553908272 33.5771139732 -0.622681
-117.507119043 33.554765993 -0.650096
-117.460353756 33.5324000322 -0.715342
-117.413612411 33.5100161355 -0.749465
-117.366895012 33.4876143474 -0.745279
-119.180445852 34.3871284322 0.352112
-119.132803567 34.365428271 0.421359
-119.085185172 34.3437085665 0.395141
-119.037590672 34.321969363 0.317709
-118.990020072 34.3002107047 0.262433
-118.942473377 34.2784326358 0.190145
-118.894950593 34.2566352005 0.178941
-118.847451724 34.234818443 0.261826
-118.799976775 34.2129824076 0.246041
-118.752525751 34.1911271386 0.128221
-118.705098317 34.1692526848 0.00434361
-118.657695155 34.1473590812 0.0208734
-118.610315931 34.1254463767 0.0844297
-118.56296065 34.1035146158 -0.0389394
-118.515629314 34.0815638427 -0.0922624
-118.468321928 34.0595941018 0.277857
-118.421038495 34.0376054374 0.54708
-118.37377902 34.015597894 0.473037
-118.326543505 33.9935715158 0.452035
-118.279331954 33.9715263473 0.523605
-118.232144371 33.9494624328 0.655684
-118.184980758 33.9273798168 0.776667
-118.137841119 33.9052785437 0.775131
-118.090725118 33.8831586609 0.704259
-118.043633435 33.8610202067 0.631475
-117.996565733 33.8388632287 0.614207
-117.949522015 33.8166877714 0.61639
-117.902502285 33.7944938792 0.593701
-117.855506543 33.7722815967 0.485878
-117.808534793 33.7500509682 0.292398
-117.761587036 33.7278020384 -0.0802229
-117.714663274 33.7055348516 -0.366627
-117.667763509 33.6832494525 -0.483627
-117.620887743 33.6609458855 -0.574603
-117.574035977 33.6386241952 -0.621813
-117.527208214 33.6162844262 -0.633588
-117.480404453 33.5939266229 -0.662901
-117.433624696 33.5715508299 -0.708389
-117.386868946 33.5491570918 -0.729191
-117.340137201 33.5267454532 -0.727379
-119.154270307 34.4266337968 0.230789
-119.106611265 34.4049241458 0.23965
-119.058976177 34.3831949403 0.273429
-119.011365048 34.3614462247 0.383055
-118.963777884 34.3396780431 0.439353
-118.91621469 34.3178904399 0.324086
-118.86867547 34.2960834592 0.302057
-118.82116023 34.2742571455 0.444025
-118.773668974 34.2524115429 0.336504
-118.726201706 34.2305466959 -0.0326816
-118.678758093 34.2086626534 -0.144196
-118.631338816 34.1867594503 0.173534
-118.583943542 34.1648371358 0.357217
-118.536572273 34.1428957542 0.0275241
-118.489225013 34.12093535 0.022015
-118.441901768 34.0989559675 0.0281564
-118.394602539 34.0769576511 0.173041
-118.347327332 34.0549404452 0.443881
-118.300076148 34.0329043944 0.453387
-118.252848993 34.010849543 0.584936
-118.205645868 33.9887759355 0.746901
-118.158466777 33.9666836163 0.783322
-118.111311723 33.9445726299 0.714092
-118.064180371 33.9224430238 0.566609
-118.017073399 33.9002948365 0.481975
-117.969990472 33.8781281155 0.475319
-117.922931593 33.8559429053 0.497063
-117.875896763 33.8337392505 0.545584
-117.828885986 33.8115171957 0.374427
-117.781899263 33.7892767852 -0.0806292
-117.734936596 33.7670180638 -0.401067
-117.687997987 33.744741076 -0.428737
-117.641083438 33.7224458663 -0.485564
-117.59419295 33.7001324793 -0.590707
-117.547326526 33.6778009596 -0.631224
-117.500484165 33.6554513519 -0.636538
-117.453665871 33.6330837006 -0.652897
-117.406871643 33.6106980506 -0.667096
-117.360101483 33.5882944462 -0.688745
-117.313355392 33.5658729322 -0.698151
-119.128070757 34.4661319862 0.0956695
-119.080394953 34.4444128197 0.0883583
-119.032743168 34.4226740877 0.175009
-118.985115407 34.4009158342 0.391172
-118.937511675 34.3791381037 0.62387
-118.889931977 34.3573409405 0.613136
-118.842376318 34.335524389 0.573572
-118.794844703 34.3136884934 0.532678
-118.747337136 34.2918332981 0.31536
-118.699853622 34.2699588476 0.0141445
-118.652393827 34.2480651908 -0.027919
-118.604958772 34.2261523583 0.216971
-118.557547104 34.2042204127 0.495641
-118.510159845 34.182269385 0.347364
-118.46279666 34.1602993242 0.308628
-118.415457552 34.1383102746 0.219108
-118.368142526 34.1163022808 0.338118
-118.320851584 34.0942753872 0.522308
-118.27358473 34.0722296383 0.431483
-118.226341967 34.0501650787 0.473406
-118.179123299 34.0280817528 0.538796
-118.131928728 34.0059797052 0.603071
-118.084758258 33.9838589803 0.562844
-118.037611553 33.9617196257 0.474373
-117.990489291 33.93956168 0.398899
-117.943391138 33.9173851907 0.396837
-117.896317096 33.8951902025 0.416394
-117.849267167 33.8729767599 0.415304
-117.802241353 33.8507449075 0.180284
-117.755239656 33.82849469 -0.255108
-117.708262079 33.8062261519 -0.484903
-117.661308622 33.7839393379 -0.495112
-117.614379288 33.7616342925 -0.530691
-117.567474079 33.7393110605 -0.562814
-117.520592995 33.7169696865 -0.563722
-117.473736039 33.6946102151 -0.557502
-117.42690321 33.672232691 -0.566308
-117.380094511 33.6498371588 -0.609915
-117.333309943 33.6274236633 -0.65039
-117.286549505 33.6049922491 -0.667543
-119.10184725 34.5056274814 -0.0217957
-119.054154678 34.4838987739 -0.0503887
-119.006486189 34.4621504896 0.0516226
-118.958841789 34.4403826728 0.304268
-118.911221483 34.4185953679 0.664865
-118.863625275 34.3967886193 0.824096
-118.816053171 34.3749624713 0.769994
-118.768505175 34.3531169684 0.520676
-118.720981292 34.331252155 0.31041
-118.673481527 34.3093680755 0.190698
-118.626005883 34.2874647745 0.155637
-118.578554365 34.2655422963 0.239691
-118.531126638 34.2436006897 0.392002
-118.483723384 34.2216399906 0.545806
-118.436344268 34.1996602478 0.651657
-118.388989293 34.1776615058 0.619642
-118.341658464 34.1556438093 0.648947
-118.294351783 34.1336072026 0.6167
-118.247069254 34.1115517305 0.576954
-118.19981088 34.0894774373 0.485367
-118.152576664 34.0673843678 0.45254
-118.105366609 34.0452725665 0.572607
-118.058180718 34.0231420779 0.622903
-118.011018656 34.0009929496 0.465234
-117.963881102 33.9788252203 0.367735
-117.916767719 33.9566389376 0.374653
-117.86967851 33.9344341463 0.346598
-117.822613478 33.9122108908 0.296987
-117.775572624 33.8899692158 0.0885592
-117.72855595 33.8677091661 -0.24949
-117.681563459 33.8454307863 -0.435392
-117.634595152 33.8231341211 -0.47889
-117.587651031 33.8008192151 -0.50808
-117.540731097 33.778486113 -0.465752
-117.493835351 33.7561348596 -0.46353
-117.446963796 33.7337654996 -0.441715
-117.400116431 33.7113780776 -0.464754
-117.353293259 33.6889726385 -0.573001
-117.306494279 33.6665492269 -0.626785
-117.259719494 33.6441078875 -0.639943
-119.075599609 34.5451157512 -0.102771
-119.027890264 34.523377477 -0.103227
-118.980205068 34.5016196148 0.00299876
-118.932544025 34.479842209 0.190586
-118.884907141 34.458045304 0.449738
-118.83729442 34.4362289442 0.660944
-118.789705867 34.4143931742 0.643132
-118.742141487 34.3925380384 0.485369
-118.694601285 34.3706635812 0.361764
-118.647085264 34.3487698472 0.277974
-118.59959343 34.326856881 0.229074
-118.552125786 34.3049247269 0.254513
-118.504681997 34.2829734338 0.322174
-118.457262745 34.2610030377 0.507614
-118.409867696 34.2390135875 0.757557
-118.362496852 34.2170051277 0.733258
-118.315150218 34.1949777029 0.699603
-118.267827795 34.1729313578 0.591181
-118.220529589 34.150866137 0.498161
-118.173255602 34.128782085 0.441594
-118.126005837 34.1066792465 0.486097
-118.078780297 34.0845576662 0.648355
-118.031578984 34.0624173886 0.703065
-117.984401564 34.0402584612 0.560606
-117.937248715 34.0180809231 0.460437
-117.890120101 33.9958848218 0.372622
-117.843015725 33.973670202 0.312496
-117.795935588 33.9514371084 0.262971
-117.748879694 33.9291855858 0.123747
-117.701848043 33.9069156787 -0.0718365
-117.654840638 33.884627432 -0.172308
-117.60785748 33.8623208904 -0.226538
-117.56089857 33.8399960987 -0.283914
-117.513963912 33.8176531015 -0.379595
-117.467053504 33.7952919437 -0.461991
-117.42016735 33.77291267 -0.457226
-117.37330545 33.7505153252 -0.503556
-117.326467804 33.7280999541 -0.585042
-117.279654414 33.7056666015 -0.618024
-117.232865281 33.6832153121 -0.610272
-119.04932788 34.5846012766 -0.157538
-119.001601757 34.5628534101 -0.120377
-118.953899846 34.5410859444 -0.0510109
-118.906222154 34.5192989239 0.0431138
-118.858568686 34.4974923933 0.20715
-118.810939445 34.4756663969 0.360402
-118.763334438 34.4538209793 0.424511
-118.715753669 34.431956185 0.443507
-118.668197141 34.4100720586 0.412495
-118.62066486 34.3881686446 0.30077
-118.57315683 34.3662459877 0.243117
-118.525673054 34.3443041323 0.271487
-118.478213198 34.3223431273 0.273434
-118.430777944 34.3003630088 0.323278
-118.383366956 34.2783638257 0.451849
-118.335980238 34.2563456228 0.482005
-118.288617794 34.2343084445 0.462032
-118.241279626 34.2122523356 0.42813
-118.193965738 34.1901773407 0.376441
-118.146676134 34.1680835046 0.358427
-118.099410815 34.1459708718 0.426771
-118.052169785 34.1238394872 0.577974
-118.004953047 34.1016893954 0.668366
-117.957760264 34.0795206437 0.645059
-117.910592117 34.0573332716 0.540397
-117.863448269 34.0351273265 0.358909
-117.816328722 34.0129028531 0.304125
-117.769233478 33.9906598963 0.302187
-117.722162539 33.9683985007 0.249776
-117.675115908 33.9461187112 0.211552
-117.628093586 33.9238205726 0.173001
-117.581095574 33.9015041296 0.134256
-117.534121875 33.879169427 -0.00694792
-117.487172488 33.8568165097 -0.340748
-117.440247417 33.8344454225 -0.510764
-117.393346662 33.8120562101 -0.52197
-117.346470223 33.7896489175 -0.575363
-117.299618102 33.7672235895 -0.60832
-117.2527903 33.7447802709 -0.601719
-117.205986817 33.7223190065 -0.562467
-119.023031889 34.6240795263 -0.221553
-118.975288982 34.6023220417 -0.225453
-118.927570354 34.5805449467 -0.209747
-118.879876009 34.5587482859 -0.143662
-118.832205953 34.5369321038 -0.0365475
-118.784560189 34.5150964451 0.0758966
-118.736938724 34.4932413542 0.213918
-118.689341562 34.4713668759 0.404916
-118.641768706 34.4494730546 0.466104
-118.594220161 34.427559935 0.381252
-118.546695932 34.4056275618 0.32277
-118.499196023 34.3836759796 0.293725
-118.451720097 34.361705237 0.237025
-118.404268837 34.3397153706 0.172647
-118.356841909 34.3177064292 0.170815
-118.309439315 34.2956784575 0.192426
-118.262061059 34.2736315003 0.196013
-118.214707144 34.2515656021 0.190528
-118.167377573 34.2294808078 0.150225
-118.120072349 34.2073771621 0.126219
-118.072791475 34.1852547097 0.171342
-118.025534954 34.1631134954 0.308621
-117.978302789 34.140953564 0.422284
-117.931094643 34.1187749628 0.453061
-117.883911196 34.0965777313 0.363355
-117.836752112 34.074361917 0.340284
-117.789617394 34.0521275648 0.381101
-117.742507042 34.0298747195 0.386161
-117.695421059 34.0076034258 0.379017
-117.648359447 33.9853137287 0.386832
-117.601322207 33.9630056729 0.357584
-117.554309341 33.9406793033 0.301645
-117.507320851 33.9183346648 0.121445
-117.460356738 33.8959718023 -0.150355
-117.413417002 33.8735907606 -0.32441
-117.366501646 33.8511915845 -0.474422
-117.319610669 33.8287743191 -0.571458
-117.272744074 33.8063390091 -0.560417
-117.22590186 33.7838856995 -0.512956
-117.179084028 33.7614144352 -0.484772
-118.996711678 34.6635549813 -0.281694
-118.948951982 34.6417878529 -0.356968
-118.90121663 34.620001103 -0.361349
-118.853505626 34.5981947762 -0.288181
-118.805818976 34.5763689172 -0.208578
-118.758156684 34.5545235705 -0.138634
-118.710518755 34.5326587808 0.0758864
-118.662905193 34.5107745928 0.449334
-118.615316004 34.4888710511 0.548437
-118.56775119 34.4669482004 0.461509
-118.520210757 34.4450060854 0.387869
-118.472694708 34.4230447508 0.312684
-118.425202707 34.4010642453 0.209427
-118.377735438 34.3790646055 0.0353681
-118.330292564 34.3570458804 -0.0459313
-118.282874089 34.3350081146 -0.033206
-118.235480017 34.3129513529 -0.0303952
-118.188110349 34.2908756401 -0.0408723
-118.140765091 34.268781021 -0.0974554
-118.093444243 34.2466675403 -0.177786
-118.046147811 34.224535243 -0.161978
-117.998875795 34.2023841737 -0.0548092
-117.951628199 34.1802143774 0.0298621
-117.904404686 34.1580259013 0.0370287
-117.857205936 34.1358187853 0.0794294
-117.810031613 34.1135930767 0.333643
-117.762881719 34.0913488204 0.455619
-117.715756256 34.0690860614 0.432099
-117.668655226 34.0468048444 0.455113
-117.62157863 34.0245052145 0.459654
-117.57452647 34.0021872165 0.428392
-117.527498748 33.9798508952 0.342234
-117.480495464 33.9574962957 0.232797
-117.433516621 33.9351234628 0.164402
-117.386562219 33.9127324415 -0.0395479
-117.339632259 33.8903232767 -0.392221
-117.292726743 33.8678960134 -0.539129
-117.245845671 33.8454506965 -0.446178
-117.198989043 33.822987371 -0.385389
-117.152156861 33.8005060818 -0.398121
-118.970367076 34.70302311 -0.283026
-118.922590586 34.681246312 -0.317882
-118.874838505 34.6594498814 -0.301986
-118.827110839 34.6376338629 -0.272761
-118.779407591 34.6157983011 -0.17512
-118.731728767 34.5939432407 0.00195051
-118.684074372 34.5720687265 0.272591
-118.636444408 34.5501748031 0.478409
-118.588838882 34.5282615153 0.483076
-118.541257797 34.5063289078 0.397452
-118.493701157 34.4843770254 0.331536
-118.446168966 34.4624059128 0.305171
-118.398660888 34.4404156188 0.204934
-118.351177606 34.4184061801 -0.000449276
-118.303718785 34.3963776456 -0.103208
-118.256284427 34.3743300601 -0.112262
-118.208874536 34.3522634685 -0.11684
-118.161489115 34.3301779156 -0.163947
-118.114128167 34.3080734462 -0.2349
-118.066791695 34.2859501052 -0.305698
-118.019479701 34.2638079374 -0.290251
-117.972192189 34.2416469878 -0.240638
-117.924929161 34.2194673012 -0.178865
-117.87769028 34.1972689249 -0.124258
-117.830476226 34.1750518989 -0.0488221
-117.783286664 34.1528162707 0.148517
-117.736121594 34.1305620851 0.273668
-117.688981019 34.1082893871 0.3925
-117.641864941 34.0859982216 0.490935
-117.594773361 34.0636886337 0.509412
-117.54770628 34.0413606681 0.495466
-117.500663701 34.01901437 0.444511
-117.453645625 33.9966497843 0.406208
-117.406652052 33.974266956 0.344376
-117.359682983 33.95186593 0.0881355
-117.312738421 33.9294467514 -0.274421
-117.265818365 33.9070094651 -0.432075
-117.218922817 33.8845541163 -0.380293
-117.172051776 33.8620807498 -0.341455
-117.125205244 33.8395894107 -0.321541
-118.943998122 34.7424883935 -0.227943
-118.896204833 34.7207019002 -0.167953
-118.848436018 34.6988957632 -0.147536
-118.800691683 34.6770700273 -0.180142
-118.752971832 34.6552247371 -0.0417518
-118.70527647 34.6333599374 0.322682
-118.657605601 34.611475673 0.513615
-118.60995923 34.5895719887 0.422272
-118.562337362 34.5676489292 0.337255
-118.51474 34.5457065393 0.233428
-118.467167148 34.523744864 0.206231
-118.41961881 34.5017639479 0.299174
-118.372094649 34.4797638397 0.228786
-118.324595351 34.4577445766 0.00146229
-118.277120577 34.4357062073 -0.096611
-118.229670332 34.4136487767 -0.0831595
-118.182244618 34.3915723298 -0.102455
-118.134843438 34.3694769113 -0.192363
-118.087466797 34.3473625662 -0.260578
-118.040114696 34.3252293395 -0.278809
-117.992787138 34.303077276 -0.275063
-117.945484125 34.2809064206 -0.268121
-117.898205661 34.2587168184 -0.235211
-117.850951409 34.2365085166 -0.199178
-117.803722048 34.2142815554 -0.179694
-117.756517243 34.1920359822 -0.1413
-117.709336994 34.169771842 0.00853648
-117.662181304 34.1474891798 0.332395
-117.615050175 34.1251880406 0.487556
-117.567943608 34.1028684694 0.506864
-117.520861604 34.0805305113 0.535607
-117.473804165 34.0581742111 0.556592
-117.426771293 34.0357996141 0.563164
-117.379762988 34.0134067652 0.447912
-117.332779251 33.9909957094 0.199797
-117.285820084 33.9685664919 -0.135889
-117.238885487 33.9461191577 -0.313364
-117.19197546 33.9236537518 -0.320103
-117.145090005 33.9011703193 -0.289072
-117.098229122 33.8786689054 -0.216686
-118.917604646 34.7819463001 -0.182751
-118.869794553 34.7601500856 -0.0998043
-118.822009001 34.7383342164 -0.0771254
-118.774247993 34.7164987372 -0.0790793
-118.726511536 34.6946436928 0.0611683
-118.678799632 34.6727691281 0.308439
-118.631112288 34.6508750877 0.370811
-118.583449507 34.6289616167 0.297938
-118.535811293 34.6070287598 0.215146
-118.488197651 34.5850765619 0.116217
-118.440608585 34.5631050679 0.107552
-118.393044097 34.5411143226 0.175105
-118.345503852 34.5191043748 0.110398
-118.297988534 34.4970752616 -0.0219261
-118.250497806 34.4750270319 -0.0691421
-118.203031672 34.4529597307 -0.044797
-118.155590133 34.4308734028 -0.0697035
-118.108173194 34.4087680932 -0.151774
-118.060780857 34.386643847 -0.204226
-118.013413126 34.364500709 -0.211974
-117.966070002 34.3423387242 -0.216926
-117.918751488 34.3201579377 -0.222369
-117.871457587 34.2979583945 -0.213493
-117.824187962 34.2757401418 -0.214153
-117.776943294 34.2535032199 -0.213328
-117.729723244 34.2312476765 -0.208938
-117.682527816 34.2089735563 -0.0606523
-117.635357011 34.1866809046 0.178285
-117.58821083 34.1643697664 0.281405
-117.541089276 34.1420401867 0.33783
-117.493992349 34.1196922107 0.426216
-117.446920051 34.0973258833 0.584837
-117.399872383 34.0749412498 0.673412
-117.352849346 34.0525383551 0.606061
-117.305850941 34.0301172444 0.410051
-117.25887717 34.0076779629 0.114237
-117.211928032 33.9852205555 -0.0367588
-117.165003528 33.9627450675 -0.0733664
-117.118103659 33.940251544 -0.051796
-117.071228425 33.9177400302 -0.0572373
-118.891186687 34.8214013107 -0.183914
-118.843359785 34.7995953494 -0.100253
-118.795557488 34.7777697222 -0.061176
-118.747779802 34.7559244741 -0.0387589
-118.700026732 34.7340596498 0.0389943
-118.652298282 34.7121752942 0.0829778
-118.604594456 34.6902714523 0.121532
-118.556915259 34.668348169 0.17271
-118.509260695 34.646405489 0.130005
-118.461630768 34.6244434575 0.0315655
-118.414025481 34.6024621192 0.00534231
-118.366444839 34.5804615192 0.0159028
-118.318888505 34.5584417061 -0.00856568
-118.271357163 34.5364027173 -0.0348486
-118.223850476 34.5143446017 -0.0333858
-118.176368447 34.4922674043 0.0128027
-118.12891108 34.47017117 -0.00157357
-118.081478377 34.4480559439 -0.0715189
-118.034070341 34.425921771 -0.111214
-117.986686975 34.4037686964 -0.116899
-117.939328281 34.381596765 -0.124862
-117.891994263 34.3594060219 -0.127457
-117.844684922 34.3371965123 -0.123719
-117.79739992 34.3149682833 -0.123159
-117.75013994 34.2927213756 -0.127255
-117.702904644 34.2704558365 -0.118291
-117.655694033 34.2481717111 -0.0448712
-117.60850811 34.2258690446 0.00311757
-117.561346875 34.2035478821 0.0373142
-117.51421033 34.1812082687 0.0905488
-117.467098478 34.1588502496 0.229931
-117.420011318 34.1364738698 0.561333
-117.372948852 34.1140791745 0.722319
-117.325911081 34.091666209 0.735865
-117.278898007 34.0692350183 0.600129
-117.231909628 34.0467856475 0.342775
-117.184945948 34.024318142 0.233373
-117.138006965 34.0018325469 0.234976
-117.09109268 33.9793289073 0.225821
-117.044203094 33.9568072685 0.0886395
-118.864744076 34.8608488937 -0.233771
-118.816900359 34.8390331595 -0.179592
-118.769081315 34.8171977485 -0.143056
-118.721286948 34.7953427055 -0.0927542
-118.673517262 34.7734680755 -0.040829
-118.625772261 34.7515739034 -0.0221525
-118.578051951 34.7296602341 0.0369332
-118.530356336 34.7077271126 0.093085
-118.482685419 34.6857745839 0.0743693
-118.435039204 34.6638026929 0.0095852
-118.387417695 34.6418114847 -0.00301952
-118.339820897 34.6198010042 0.00814469
-118.292248471 34.5977713002 0.0274218
-118.244701103 34.5757224102 0.0370765
-118.197178455 34.553654383 0.0626082
-118.14968053 34.5315672638 0.0884299
-118.102207332 34.5094610975 0.0817371
-118.054758864 34.4873359293 0.054294
-118.007335127 34.4651918042 0.0337855
-117.959936125 34.4430287674 0.00140642
-117.912561861 34.4208468638 -0.00921349
-117.865212336 34.3986461387 0.00749324
-117.817887554 34.3764266372 0.0207138
-117.770587175 34.3541884066 0.00763033
-117.723311883 34.3319314875 0.0115113
-117.67606134 34.3096559274 0.045555
-117.628835546 34.2873617714 0.091012
-117.581634503 34.2650490648 0.0709219
-117.534458214 34.2427178527 0.059218
-117.48730668 34.2203681803 0.0248993
-117.440179901 34.1980000928 0.123645
-117.39307788 34.1756136353 0.345703
-117.346000616 34.1532088531 0.454173
-117.298948112 34.1307857915 0.506112
-117.251920368 34.1083444955 0.399172
-117.204917384 34.0858850105 0.249432
-117.157939161 34.0634073816 0.216809
-117.1109857 34.0409116542 0.322515
-117.064057001 34.0183978735 0.316144
-117.017153064 33.9958660847 0.136106
-118.838276848 34.9002935298 -0.317822
-118.790416312 34.8784679971 -0.310511
-118.742580514 34.8566227765 -0.273035
-118.694769459 34.8347579129 -0.185495
-118.646983151 34.8128734514 -0.11964
-118.599221595 34.790969437 -0.0597295
-118.551484795 34.7690459146 0.00171457
-118.503772756 34.7471029293 0.0397307
-118.45608548 34.7251405261 0.0412975
-118.408422972 34.7031587501 0.0172441
-118.360785237 34.6811576463 0.0286029
-118.313172277 34.6591372598 0.0767258
-118.265583754 34.6370976392 0.111293
-118.218020356 34.6150388223 0.131548
-118.170481742 34.5929608581 0.147274
-118.122967918 34.5708637915 0.137805
-118.075478885 34.5487476677 0.144211
-118.028014646 34.5266125319 0.17567
-117.980575205 34.5044584291 0.15581
-117.933160564 34.4822854046 0.0793024
-117.885770725 34.4600935035 0.0739934
-117.838405691 34.437882771 0.134487
-117.791065463 34.4156532522 0.14865
-117.743749705 34.3934049944 0.106053
-117.696459098 34.3711380386 0.127734
-117.649193303 34.3488524322 0.224176
-117.601952323 34.3265482203 0.269791
-117.55473616 34.3042254483 0.254329
-117.507544813 34.2818841613 0.183023
-117.460378286 34.2595244045 0.0236292
-117.413236579 34.2371462234 -0.00891157
-117.366119694 34.214749663 -0.00790576
-117.319027631 34.1923347687 0.0239782
-117.271960391 34.1699015857 0.0676863
-117.224917975 34.1474501593 0.00924163
-117.177900383 34.1249805349 -0.0752289
-117.130907617 34.1024927576 -0.0136893
-117.083939676 34.0799868728 0.25258
-117.036996561 34.0574629258 0.27593
-116.990078272 34.0349209619 0.0514684
-118.811784836 34.9397306873 -0.403717
-118.763907477 34.91789533 -0.413075
-118.716054922 34.8960402738 -0.381648
-118.668227177 34.8741655638 -0.312092
-118.620424244 34.8522712449 -0.246563
-118.57264613 34.8303573623 -0.168478
-118.524892837 34.808423961 -0.107425
-118.47716437 34.7864710861 -0.0613899
-118.429460734 34.7644987826 -0.0411981
-118.381781931 34.7425070958 -0.024089
-118.334127966 34.7204960706 0.00598368
-118.286498842 34.6984657523 0.0523075
-118.238894222 34.6764161894 0.0771574
-118.19131479 34.6543474201 0.099563
-118.14376021 34.632259493 0.101876
-118.096230483 34.6101524535 0.099961
-118.048725614 34.5880263465 0.107912
-118.001245604 34.5658812175 0.128355
-117.953790457 34.5437171115 0.0935132
-117.906360175 34.5215340737 0.0496103
-117.858954761 34.4993321495 0.0564816
-117.811574216 34.477111384 0.106983
-117.764218543 34.4548718224 0.106532
-117.716887404 34.4326135121 0.0901401
-117.66958148 34.4103364941 0.120941
-117.622300435 34.3880408159 0.201927
-117.575044269 34.3657265227 0.21981
-117.527812983 34.3433936598 0.203048
-117.48060658 34.3210422726 0.0989402
-117.43342506 34.2986724062 -0.043427
-117.386268425 34.2762841061 -0.133154
-117.339136676 34.2538774175 -0.21961
-117.292029813 34.2314523858 -0.234303
-117.244947838 34.2090090563 -0.236588
-117.197890751 34.1865474743 -0.274714
-117.150858553 34.1640676852 -0.321134
-117.103851244 34.1415697343 -0.232311
-117.056868824 34.119053667 -0.0481451
-117.009911294 34.0965195286 -0.0549022
-116.962978654 34.0739673645 -0.162119
-118.785268074 34.979164847 -0.47391
-118.737373886 34.9573196393 -0.492788
-118.689504569 34.9354547218 -0.480148
-118.641660126 34.9135701395 -0.447041
-118.593840564 34.8916659375 -0.388319
-118.546045885 34.8697421609 -0.306866
-118.498276094 34.8477988549 -0.240975
-118.450531195 34.8258360646 -0.187853
-118.402811193 34.8038538352 -0.145898
-118.35511609 34.7818522118 -0.0990668
-118.30744589 34.7598312396 -0.0641266
-118.259800598 34.7377909638 -0.044743
-118.212179874 34.7157314331 -0.0276133
-118.164584406 34.6936526856 -0.0146689
-118.117013854 34.6715547702 -0.00853328
-118.069468221 34.649437732 0.000287226
-118.021947511 34.6273016164 -0.00162038
-117.974451727 34.6051464685 -0.0247385
-117.92698087 34.5829723337 -0.0486636
-117.879534944 34.5607792573 -0.049692
-117.83211395 34.5385672844 -0.0383335
-117.784717891 34.5163364604 -0.0210033
-117.737346769 34.4940868306 -0.0173352
-117.690000246 34.4718184423 -0.0109831
-117.642679004 34.4495313368 0.0108412
-117.595382704 34.4272255614 0.0359387
-117.548111349 34.4049011615 0.0343722
-117.500864939 34.3825581825 -1.42627e-05
-117.453643476 34.3601966696 -0.0714394
-117.406446961 34.3378166683 -0.133185
-117.359275396 34.315418224 -0.220316
-117.31212878 34.2930013819 -0.321323
-117.265007116 34.2705661876 -0.375454
-117.217910404 34.2481126863 -0.408937
-117.170838644 34.2256409235 -0.451134
-117.123791837 34.2031509445 -0.487283
-117.076769984 34.1806427948 -0.46894
-117.029773084 34.1581165198 -0.467321
-116.982801138 34.135572165 -0.45804
-116.935854145 34.1130097756 -0.398494
-118.758726398 35.0185914768 -0.524486
-118.710815377 34.9967363928 -0.542191
-118.662929294 34.9748615879 -0.536723
-118.615068152 34.9529671074 -0.51523
-118.567231955 34.9310529963 -0.461295
-118.51942071 34.9091192999 -0.393719
-118.471634418 34.8871660633 -0.329357
-118.423873085 34.8651933318 -0.274935
-118.376136713 34.8432011505 -0.222845
-118.328425308 34.8211895648 -0.174437
-118.280738872 34.7991586198 -0.142615
-118.233077409 34.7771083608 -0.127906
-118.18544058 34.7550388363 -0.113027
-118.137829073 34.732950085 -0.104554
-118.090242548 34.7108421554 -0.0953172
-118.042681008 34.688715093 -0.0912585
-117.995144456 34.666568943 -0.100124
-117.947632895 34.6444037507 -0.126528
-117.900146327 34.6222195615 -0.135698
-117.852684755 34.6000164207 -0.131759
-117.805248181 34.5777943737 -0.122133
-117.757836608 34.5555534657 -0.116996
-117.710450036 34.5332937422 -0.110166
-117.663088128 34.5110152503 -0.104745
-117.615751567 34.4887180317 -0.0952018
-117.568440013 34.4664021337 -0.0973119
-117.521153468 34.4440676016 -0.109967
-117.473891934 34.421714481 -0.147597
-117.426655411 34.3993428172 -0.191681
-117.379443902 34.3769526556 -0.236491
-117.332257406 34.3545440417 -0.315459
-117.285095925 34.3321170208 -0.405774
-117.23795946 34.3096716385 -0.470756
-117.190848011 34.2872079402 -0.520796
-117.14376158 34.2647259713 -0.568952
-117.096700165 34.2422257772 -0.61312
-117.049663768 34.2197074036 -0.638617
-117.002652389 34.1971708957 -0.676004
-116.955666028 34.1746162992 -0.63625
-116.908704685 34.1520436595 -0.556943
