-119.336999976 34.1500010364 -0.566605
-119.289458115 34.1283572771 -0.577204
-119.241939758 34.1066940424 -0.586207
-119.194444913 34.0850113761 -0.591597
-119.146973585 34.063309322 -0.588177
-119.099525778 34.041587924 -0.573356
-119.052101499 34.019847226 -0.552314
-119.004700752 33.9980872718 -0.528993
-118.957323543 33.9763081053 -0.505197
-118.909969877 33.9545097704 -0.481172
-118.86263942 33.9326923162 -0.456808
-118.815332853 33.9108557762 -0.432337
-118.768049843 33.8890001996 -0.408655
-118.720790395 33.8671256304 -0.387031
-118.673554511 33.8452321126 -0.368698
-118.626342198 33.8233196901 -0.354663
-118.579153458 33.801388407 -0.345613
-118.531988297 33.7794383072 -0.341945
-118.484846717 33.7574694348 -0.344056
-118.437728722 33.7354818338 -0.35229
-118.390634316 33.7134755483 -0.344178
-118.343563503 33.6914506223 -0.322432
-118.296516285 33.6694071 -0.310214
-118.24949233 33.6473450287 -0.303223
-118.202492314 33.6252644457 -0.301633
-118.155515903 33.6031653985 -0.304835
-118.1085631 33.5810479314 -0.311629
-118.061633908 33.5589120884 -0.321049
-118.01472833 33.5367579137 -0.332544
-117.967846367 33.5145854513 -0.345757
-117.920988023 33.4923947456 -0.360256
-117.8741533 33.4701858406 -0.375597
-117.827342199 33.4479587805 -0.391464
-117.780554724 33.4257136095 -0.407686
-117.733790875 33.4034503717 -0.424156
-117.687050655 33.3811691115 -0.440679
-117.640334066 33.358869873 -0.456747
-117.593641108 33.3365527004 -0.471141
-117.546971785 33.314217638 -0.481265
-117.500326096 33.2918647299 -0.486001
-119.310966774 34.1895354099 -0.549135
-119.263408189 34.1678823141 -0.560885
-119.215873173 34.1462097316 -0.570969
-119.168361732 34.1245177061 -0.578704
-119.120873871 34.1028062817 -0.573669
-119.073409595 34.0810755023 -0.553222
-119.02596891 34.0593254116 -0.527488
-118.978551822 34.0375560537 -0.501802
-118.931158334 34.0157674726 -0.476788
-118.883788453 33.9939597122 -0.451647
-118.836441844 33.9721328215 -0.425587
-118.789119188 33.9502868343 -0.398588
-118.741820153 33.9284217997 -0.37212
-118.694544742 33.9065377619 -0.347971
-118.64729296 33.8846347647 -0.327634
-118.600064768 33.8627105985 -0.312237
-118.552860257 33.8407698149 -0.302334
-118.505679386 33.8188102042 -0.297763
-118.458522159 33.7968318106 -0.297646
-118.411388581 33.774834678 -0.298755
-118.364278655 33.7528188505 -0.282616
-118.317192384 33.7307843724 -0.272013
-118.270129771 33.7087312878 -0.267048
-118.223090483 33.686659644 -0.263342
-118.176075197 33.6645694785 -0.265868
-118.129083578 33.6424608389 -0.272988
-118.08211563 33.6203337694 -0.28297
-118.035171355 33.5981883141 -0.294819
-117.988250756 33.5760245173 -0.308329
-117.941353835 33.5538424231 -0.323484
-117.894480595 33.5316420757 -0.339721
-117.847631038 33.5094235195 -0.356519
-117.800805165 33.4871867986 -0.37361
-117.75400298 33.4649319572 -0.390988
-117.707224483 33.4426590396 -0.408757
-117.660469677 33.4203680901 -0.426931
-117.613738564 33.3980591529 -0.445166
-117.567031144 33.3757322724 -0.462446
-117.520347419 33.3533874927 -0.473131
-117.473687391 33.3310248582 -0.475629
-119.284909948 34.229062758 -0.526657
-119.237334634 34.2074003001 -0.538916
-119.189782954 34.1857183442 -0.547243
-119.142254913 34.1640169341 -0.548537
-119.094750515 34.1422961138 -0.538478
-119.047269766 34.1205559273 -0.518933
-118.999812672 34.0987964186 -0.49285
-118.952379238 34.0770176317 -0.467754
-118.904969468 34.0552196105 -0.443235
-118.857583368 34.0334023991 -0.418137
-118.810220604 34.0115660465 -0.39086
-118.762881857 33.9897105866 -0.360825
-118.715566793 33.9678360688 -0.331294
-118.668275416 33.9459425369 -0.304442
-118.621007732 33.9240300352 -0.281934
-118.573763743 33.9020986076 -0.265086
-118.526543455 33.8801482985 -0.254175
-118.47934687 33.8581791518 -0.247883
-118.432173992 33.8361912116 -0.242563
-118.385024826 33.8141845223 -0.230224
-118.337899375 33.7921591279 -0.211834
-118.290797641 33.7701150725 -0.216119
-118.243719629 33.7480524005 -0.218163
-118.196665003 33.7259711592 -0.222389
-118.149634443 33.7038713862 -0.230663
-118.102627612 33.6817531292 -0.242655
-118.055644515 33.6596164323 -0.255794
-118.008685154 33.6374613397 -0.269556
-117.96174953 33.6152878958 -0.284514
-117.914837647 33.5930961448 -0.301509
-117.867949508 33.570886131 -0.319105
-117.821085113 33.5486578986 -0.336908
-117.774244465 33.526411492 -0.354649
-117.727427567 33.5041469553 -0.372622
-117.680634419 33.4818643331 -0.391156
-117.633865024 33.4595636695 -0.410522
-117.587119383 33.4372450088 -0.430362
-117.540397498 33.4149083955 -0.449073
-117.49369937 33.3925538738 -0.459647
-117.447025 33.3701814881 -0.461487
-119.258829555 34.2685875614 -0.497592
-119.211237506 34.246915716 -0.509897
-119.163669155 34.2252243613 -0.513378
-119.116124506 34.2035135412 -0.503512
-119.068603565 34.1817832997 -0.489538
-119.021106337 34.1600336808 -0.471553
-118.973632828 34.1382647287 -0.449297
-118.926183041 34.1164764873 -0.426926
-118.878756983 34.0946690007 -0.403862
-118.831354658 34.072842313 -0.380029
-118.783975733 34.0509964733 -0.35197
-118.736620888 34.0291315156 -0.318403
-118.68928979 34.0072474891 -0.286261
-118.641982443 33.985344438 -0.256791
-118.594698851 33.9634224064 -0.232133
-118.547439018 33.9414814386 -0.214248
-118.500202948 33.9195215785 -0.203277
-118.452990646 33.8975428705 -0.197
-118.405802113 33.8755453588 -0.191284
-118.358637356 33.8535290875 -0.182299
-118.311496375 33.8314941009 -0.172273
-118.264379176 33.8094404432 -0.169402
-118.217285761 33.7873681587 -0.175018
-118.170215796 33.7652772948 -0.187091
-118.123169958 33.7431678892 -0.20043
-118.076147913 33.7210399896 -0.217304
-118.029149664 33.6988936402 -0.232631
-117.982175213 33.6767288854 -0.246966
-117.935224563 33.6545457694 -0.262345
-117.888297716 33.6323443366 -0.280816
-117.841394674 33.6101246313 -0.298771
-117.79451544 33.5878866978 -0.316831
-117.747660015 33.5656305805 -0.334352
-117.700828402 33.5433563238 -0.352155
-117.654020602 33.5210639719 -0.370736
-117.607236616 33.4987535693 -0.390503
-117.560476447 33.4764251603 -0.411014
-117.513740095 33.4540787894 -0.431309
-117.467027562 33.4317145009 -0.44223
-117.42033885 33.4093323392 -0.442611
-119.23272541 34.3081052896 -0.460118
-119.185116623 34.2864240311 -0.467281
-119.137531596 34.264723252 -0.46496
-119.089970336 34.2430029963 -0.452978
-119.042432848 34.221263308 -0.43803
-118.994919136 34.1995042312 -0.420114
-118.947429207 34.1777258102 -0.399615
-118.899963065 34.1559280888 -0.37834
-118.852520715 34.1341111114 -0.356084
-118.805102162 34.112274922 -0.332786
-118.757707072 34.0904195696 -0.304344
-118.710336127 34.0685450886 -0.271381
-118.662988991 34.0466515282 -0.238065
-118.61566567 34.0247389324 -0.206117
-118.568366168 34.0028073457 -0.179492
-118.521090488 33.9808568121 -0.161537
-118.473838635 33.9588873759 -0.152551
-118.426610612 33.9368990813 -0.149324
-118.379406423 33.9148919727 -0.148255
-118.332226072 33.8928660942 -0.147447
-118.285069561 33.8708214902 -0.14469
-118.237936894 33.8487582049 -0.144672
-118.190828074 33.8266762826 -0.154406
-118.143742767 33.8045757709 -0.167811
-118.09668165 33.7824567076 -0.183959
-118.04964439 33.7603191403 -0.201788
-118.002630987 33.7381631134 -0.218073
-117.955641446 33.7159886712 -0.231727
-117.908675768 33.693795858 -0.246478
-117.861733956 33.6715847184 -0.262557
-117.814816012 33.6493552966 -0.279426
-117.767921937 33.627107637 -0.296384
-117.721051735 33.604841784 -0.312679
-117.674205406 33.5825577822 -0.32963
-117.627382952 33.5602556757 -0.347685
-117.580584376 33.5379355092 -0.366393
-117.533809678 33.515597327 -0.386383
-117.487058859 33.4932411736 -0.405869
-117.440331922 33.4708670934 -0.416339
-117.393628867 33.4484751309 -0.418037
-119.20659757 34.3476204235 -0.414861
-119.158972036 34.3259297264 -0.415649
-119.111370328 34.3042194974 -0.410092
-119.063792449 34.2824897806 -0.398609
-119.016238407 34.2607406202 -0.383495
-118.968708206 34.2389720601 -0.365058
-118.921201851 34.2171841447 -0.344973
-118.873719348 34.1953769181 -0.323738
-118.8262607 34.1735504244 -0.302406
-118.778825913 34.1517047079 -0.279933
-118.731414652 34.1298398176 -0.253243
-118.6840276 34.107955788 -0.222325
-118.636664422 34.0860526683 -0.189364
-118.589325122 34.0641305027 -0.155243
-118.542009704 34.0421893354 -0.127984
-118.494718173 34.0202292109 -0.109903
-118.447450531 33.9982501733 -0.10624
-118.400206783 33.9762522669 -0.107297
-118.352986932 33.9542355362 -0.11318
-118.305790982 33.9322000253 -0.121197
-118.258618936 33.9101457787 -0.127522
-118.211470797 33.8880728407 -0.135527
-118.164346568 33.8659812556 -0.145914
-118.117245915 33.843871071 -0.158421
-118.070169516 33.8217423248 -0.173933
-118.023117035 33.7995950648 -0.191815
-117.976088476 33.7774293352 -0.207284
-117.929083841 33.7552451806 -0.218946
-117.882103131 33.7330426453 -0.230835
-117.835146351 33.7108217738 -0.242697
-117.7882135 33.6885826105 -0.256802
-117.741304582 33.6663251999 -0.271732
-117.694419599 33.6440495864 -0.286471
-117.647558552 33.6217558144 -0.302639
-117.600721442 33.5994439286 -0.319537
-117.553908272 33.5771139732 -0.33606
-117.507119043 33.554765993 -0.35449
-117.460353756 33.5324000322 -0.373208
-117.413612411 33.5100161355 -0.384743
-117.366895012 33.4876143474 -0.387924
-119.180445852 34.3871284322 -0.364557
-119.132803567 34.365428271 -0.359601
-119.085185172 34.3437085665 -0.351116
-119.037590672 34.321969363 -0.339929
-118.990020072 34.3002107047 -0.324538
-118.942473377 34.2784326358 -0.305876
-118.894950593 34.2566352005 -0.286062
-118.847451724 34.234818443 -0.266132
-118.799976775 34.2129824076 -0.246544
-118.752525751 34.1911271386 -0.225915
-118.705098317 34.1692526848 -0.201887
-118.657695155 34.1473590812 -0.174009
-118.610315931 34.1254463767 -0.143677
-118.56296065 34.1035146158 -0.113721
-118.515629314 34.0815638427 -0.0897848
-118.468321928 34.0595941018 -0.0739452
-118.421038495 34.0376054374 -0.0682668
-118.37377902 34.015597894 -0.0745049
-118.326543505 33.9935715158 -0.0880794
-118.279331954 33.9715263473 -0.102644
-118.232144371 33.9494624328 -0.115756
-118.184980758 33.9273798168 -0.128682
-118.137841119 33.9052785437 -0.13706
-118.090725118 33.8831586609 -0.147644
-118.043633435 33.8610202067 -0.16116
-117.996565733 33.8388632287 -0.176509
-117.949522015 33.8166877714 -0.189112
-117.902502285 33.7944938792 -0.198929
-117.855506543 33.7722815967 -0.207426
-117.808534793 33.7500509682 -0.215268
-117.761587036 33.7278020384 -0.224938
-117.714663274 33.7055348516 -0.237113
-117.667763509 33.6832494525 -0.250529
-117.620887743 33.6609458855 -0.265955
-117.574035977 33.6386241952 -0.28139
-117.527208214 33.6162844262 -0.296352
-117.480404453 33.5939266229 -0.312931
-117.433624696 33.5715508299 -0.330488
-117.386868946 33.5491570918 -0.343466
-117.340137201 33.5267454532 -0.353265
-119.154270307 34.4266337968 -0.311721
-119.106611265 34.4049241458 -0.301369
-119.058976177 34.3831949403 -0.290763
-119.011365048 34.3614462247 -0.279923
-118.963777884 34.3396780431 -0.263325
-118.91621469 34.3178904399 -0.243582
-118.86867547 34.2960834592 -0.22425
-118.82116023 34.2742571455 -0.206354
-118.773668974 34.2524115429 -0.188975
-118.726201706 34.2305466959 -0.171089
-118.678758093 34.2086626534 -0.149815
-118.631338816 34.1867594503 -0.124739
-118.583943542 34.1648371358 -0.0993395
-118.536572273 34.1428957542 -0.0767679
-118.489225013 34.12093535 -0.0568966
-118.441901768 34.0989559675 -0.0434089
-118.394602539 34.0769576511 -0.0403895
-118.347327332 34.0549404452 -0.0490099
-118.300076148 34.0329043944 -0.0677164
-118.252848993 34.010849543 -0.0859487
-118.205645868 33.9887759355 -0.101724
-118.158466777 33.9666836163 -0.112538
-118.111311723 33.9445726299 -0.121283
-118.064180371 33.9224430238 -0.13047
-118.017073399 33.9002948365 -0.141584
-117.969990472 33.8781281155 -0.152739
-117.922931593 33.8559429053 -0.162805
-117.875896763 33.8337392505 -0.171232
-117.828885986 33.8115171957 -0.17684
-117.781899263 33.7892767852 -0.179886
-117.734936596 33.7670180638 -0.185272
-117.687997987 33.744741076 -0.194499
-117.641083438 33.7224458663 -0.206087
-117.59419295 33.7001324793 -0.221044
-117.547326526 33.6778009596 -0.236228
-117.500484165 33.6554513519 -0.249425
-117.453665871 33.6330837006 -0.265284
-117.406871643 33.6106980506 -0.282024
-117.360101483 33.5882944462 -0.299368
-117.313355392 33.5658729322 -0.318023
-119.128070757 34.4661319862 -0.258684
-119.080394953 34.4444128197 -0.246854
-119.032743168 34.4226740877 -0.235144
-118.985115407 34.4009158342 -0.22084
-118.937511675 34.3791381037 -0.200729
-118.889931977 34.3573409405 -0.179305
-118.842376318 34.335524389 -0.160332
-118.794844703 34.3136884934 -0.144423
-118.747337136 34.2918332981 -0.129087
-118.699853622 34.2699588476 -0.112979
-118.652393827 34.2480651908 -0.0932771
-118.604958772 34.2261523583 -0.0711273
-118.557547104 34.2042204127 -0.0493188
-118.510159845 34.182269385 -0.0322133
-118.46279666 34.1602993242 -0.0192299
-118.415457552 34.1383102746 -0.0117216
-118.368142526 34.1163022808 -0.0129986
-118.320851584 34.0942753872 -0.0237518
-118.27358473 34.0722296383 -0.0418315
-118.226341967 34.0501650787 -0.0609065
-118.179123299 34.0280817528 -0.0767706
-118.131928728 34.0059797052 -0.0860658
-118.084758258 33.9838589803 -0.094731
-118.037611553 33.9617196257 -0.103283
-117.990489291 33.93956168 -0.112578
-117.943391138 33.9173851907 -0.121927
-117.896317096 33.8951902025 -0.129858
-117.849267167 33.8729767599 -0.136079
-117.802241353 33.8507449075 -0.13897
-117.755239656 33.82849469 -0.139143
-117.708262079 33.8062261519 -0.140575
-117.661308622 33.7839393379 -0.144641
-117.614379288 33.7616342925 -0.153381
-117.567474079 33.7393110605 -0.169162
-117.520592995 33.7169696865 -0.185188
-117.473736039 33.6946102151 -0.200877
-117.42690321 33.672232691 -0.218593
-117.380094511 33.6498371588 -0.238395
-117.333309943 33.6274236633 -0.261218
-117.286549505 33.6049922491 -0.286862
-119.10184725 34.5056274814 -0.20549
-119.054154678 34.4838987739 -0.194035
-119.006486189 34.4621504896 -0.180706
-118.958841789 34.4403826728 -0.162939
-118.911221483 34.4185953679 -0.139728
-118.863625275 34.3967886193 -0.115167
-118.816053171 34.3749624713 -0.0958706
-118.768505175 34.3531169684 -0.0822577
-118.720981292 34.331252155 -0.0685398
-118.673481527 34.3093680755 -0.0536109
-118.626005883 34.2874647745 -0.0347623
-118.578554365 34.2655422963 -0.0124464
-118.531126638 34.2436006897 0.00675966
-118.483723384 34.2216399906 0.0169044
-118.436344268 34.1996602478 0.0227175
-118.388989293 34.1776615058 0.0247067
-118.341658464 34.1556438093 0.0209297
-118.294351783 34.1336072026 0.0114291
-118.247069254 34.1115517305 -0.00352829
-118.19981088 34.0894774373 -0.0223962
-118.152576664 34.0673843678 -0.0376681
-118.105366609 34.0452725665 -0.0484258
-118.058180718 34.0231420779 -0.0581251
-118.011018656 34.0009929496 -0.0661644
-117.963881102 33.9788252203 -0.0747102
-117.916767719 33.9566389376 -0.0834357
-117.86967851 33.9344341463 -0.0899712
-117.822613478 33.9122108908 -0.0947115
-117.775572624 33.8899692158 -0.0966331
-117.72855595 33.8677091661 -0.0951308
-117.681563459 33.8454307863 -0.0938476
-117.634595152 33.8231341211 -0.0920174
-117.587651031 33.8008192151 -0.09993
-117.540731097 33.778486113 -0.118706
-117.493835351 33.7561348596 -0.137916
-117.446963796 33.7337654996 -0.157844
-117.400116431 33.7113780776 -0.179443
-117.353293259 33.6889726385 -0.203786
-117.306494279 33.6665492269 -0.231016
-117.259719494 33.6441078875 -0.263142
-119.075599609 34.5451157512 -0.149908
-119.027890264 34.523377477 -0.137149
-118.980205068 34.5016196148 -0.122357
-118.932544025 34.479842209 -0.10357
-118.884907141 34.458045304 -0.0805367
-118.83729442 34.4362289442 -0.0551286
-118.789705867 34.4143931742 -0.0360769
-118.742141487 34.3925380384 -0.0225522
-118.694601285 34.3706635812 -0.0101413
-118.647085264 34.3487698472 0.00380968
-118.59959343 34.326856881 0.0222802
-118.552125786 34.3049247269 0.0446741
-118.504681997 34.2829734338 0.0633264
-118.457262745 34.2610030377 0.0706305
-118.409867696 34.2390135875 0.0714744
-118.362496852 34.2170051277 0.071441
-118.315150218 34.1949777029 0.0680092
-118.267827795 34.1729313578 0.059235
-118.220529589 34.150866137 0.0456788
-118.173255602 34.128782085 0.0280058
-118.126005837 34.1066792465 0.0128745
-118.078780297 34.0845576662 -0.000197465
-118.031578984 34.0624173886 -0.011713
-117.984401564 34.0402584612 -0.018769
-117.937248715 34.0180809231 -0.0270277
-117.890120101 33.9958848218 -0.0352976
-117.843015725 33.973670202 -0.0420602
-117.795935588 33.9514371084 -0.0472442
-117.748879694 33.9291855858 -0.0502435
-117.701848043 33.9069156787 -0.0509184
-117.654840638 33.884627432 -0.0514672
-117.60785748 33.8623208904 -0.0523463
-117.56089857 33.8399960987 -0.0642683
-117.513963912 33.8176531015 -0.0846267
-117.467053504 33.7952919437 -0.108474
-117.42016735 33.77291267 -0.133184
-117.37330545 33.7505153252 -0.160698
-117.326467804 33.7280999541 -0.188597
-117.279654414 33.7056666015 -0.218856
-117.232865281 33.6832153121 -0.247999
-119.04932788 34.5846012766 -0.0899025
-119.001601757 34.5628534101 -0.0752864
-118.953899846 34.5410859444 -0.059114
-118.906222154 34.5192989239 -0.0403885
-118.858568686 34.4974923933 -0.0188646
-118.810939445 34.4756663969 0.00607554
-118.763334438 34.4538209793 0.0239772
-118.715753669 34.431956185 0.0360742
-118.668197141 34.4100720586 0.0466891
-118.62066486 34.3881686446 0.058834
-118.57315683 34.3662459877 0.0767769
-118.525673054 34.3443041323 0.0994044
-118.478213198 34.3223431273 0.117945
-118.430777944 34.3003630088 0.123234
-118.383366956 34.2783638257 0.12447
-118.335980238 34.2563456228 0.126831
-118.288617794 34.2343084445 0.123702
-118.241279626 34.2122523356 0.113811
-118.193965738 34.1901773407 0.10004
-118.146676134 34.1680835046 0.0833232
-118.099410815 34.1459708718 0.068545
-118.052169785 34.1238394872 0.0550095
-118.004953047 34.1016893954 0.0460216
-117.957760264 34.0795206437 0.0379344
-117.910592117 34.0573332716 0.0284744
-117.863448269 34.0351273265 0.0200382
-117.816328722 34.0129028531 0.0126531
-117.769233478 33.9906598963 0.00582473
-117.722162539 33.9683985007 -0.000948844
-117.675115908 33.9461187112 -0.0070048
-117.628093586 33.9238205726 -0.0136328
-117.581095574 33.9015041296 -0.021551
-117.534121875 33.879169427 -0.0379155
-117.487172488 33.8568165097 -0.0622777
-117.440247417 33.8344454225 -0.0900752
-117.393346662 33.8120562101 -0.120933
-117.346470223 33.7896489175 -0.152839
-117.299618102 33.7672235895 -0.184928
-117.2527903 33.7447802709 -0.214177
-117.205986817 33.7223190065 -0.23642
-119.023031889 34.6240795263 -0.0236879
-118.975288982 34.6023220417 -0.00289803
-118.927570354 34.5805449467 0.0165138
-118.879876009 34.5587482859 0.0336876
-118.832205953 34.5369321038 0.0523177
-118.784560189 34.5150964451 0.0731859
-118.736938724 34.4932413542 0.0870998
-118.689341562 34.4713668759 0.0951853
-118.641768706 34.4494730546 0.102886
-118.594220161 34.427559935 0.114564
-118.546695932 34.4056275618 0.131912
-118.499196023 34.3836759796 0.152179
-118.451720097 34.361705237 0.166549
-118.404268837 34.3397153706 0.172213
-118.356841909 34.3177064292 0.174823
-118.309439315 34.2956784575 0.177574
-118.262061059 34.2736315003 0.173334
-118.214707144 34.2515656021 0.16306
-118.167377573 34.2294808078 0.14882
-118.120072349 34.2073771621 0.134476
-118.072791475 34.1852547097 0.121254
-118.025534954 34.1631134954 0.111315
-117.978302789 34.140953564 0.106874
-117.931094643 34.1187749628 0.101122
-117.883911196 34.0965777313 0.0911857
-117.836752112 34.074361917 0.0839085
-117.789617394 34.0521275648 0.0765945
-117.742507042 34.0298747195 0.0664032
-117.695421059 34.0076034258 0.054325
-117.648359447 33.9853137287 0.0400908
-117.601322207 33.9630056729 0.0253192
-117.554309341 33.9406793033 0.00912326
-117.507320851 33.9183346648 -0.0127897
-117.460356738 33.8959718023 -0.0400168
-117.413417002 33.8735907606 -0.0706081
-117.366501646 33.8511915845 -0.104367
-117.319610669 33.8287743191 -0.138763
-117.272744074 33.8063390091 -0.173061
-117.22590186 33.7838856995 -0.201302
-117.179084028 33.7614144352 -0.222506
-118.996711678 34.6635549813 0.0491436
-118.948951982 34.6417878529 0.0795224
-118.90121663 34.620001103 0.103923
-118.853505626 34.5981947762 0.118322
-118.805818976 34.5763689172 0.13154
-118.758156684 34.5545235705 0.148357
-118.710518755 34.5326587808 0.155662
-118.662905193 34.5107745928 0.156909
-118.615316004 34.4888710511 0.161278
-118.56775119 34.4669482004 0.172966
-118.520210757 34.4450060854 0.188821
-118.472694708 34.4230447508 0.207391
-118.425202707 34.4010642453 0.219009
-118.377735438 34.3790646055 0.222227
-118.330292564 34.3570458804 0.224899
-118.282874089 34.3350081146 0.227472
-118.235480017 34.3129513529 0.222491
-118.188110349 34.2908756401 0.210524
-118.140765091 34.268781021 0.197114
-118.093444243 34.2466675403 0.185248
-118.046147811 34.224535243 0.174732
-117.998875795 34.2023841737 0.167892
-117.951628199 34.1802143774 0.164177
-117.904404686 34.1580259013 0.161136
-117.857205936 34.1358187853 0.157138
-117.810031613 34.1135930767 0.154171
-117.762881719 34.0913488204 0.146802
-117.715756256 34.0690860614 0.1327
-117.668655226 34.0468048444 0.114198
-117.62157863 34.0245052145 0.0906596
-117.57452647 34.0021872165 0.0673983
-117.527498748 33.9798508952 0.0433874
-117.480495464 33.9574962957 0.0168406
-117.433516621 33.9351234628 -0.0122481
-117.386562219 33.9127324415 -0.0443856
-117.339632259 33.8903232767 -0.0790312
-117.292726743 33.8678960134 -0.115467
-117.245845671 33.8454506965 -0.151912
-117.198989043 33.822987371 -0.182363
-117.152156861 33.8005060818 -0.204502
-118.970367076 34.70302311 0.126644
-118.922590586 34.681246312 0.1748
-118.874838505 34.6594498814 0.209107
-118.827110839 34.6376338629 0.220771
-118.779407591 34.6157983011 0.228004
-118.731728767 34.5939432407 0.233893
-118.684074372 34.5720687265 0.232641
-118.636444408 34.5501748031 0.22883
-118.588838882 34.5282615153 0.229869
-118.541257797 34.5063289078 0.239807
-118.493701157 34.4843770254 0.253141
-118.446168966 34.4624059128 0.268352
-118.398660888 34.4404156188 0.277394
-118.351177606 34.4184061801 0.281801
-118.303718785 34.3963776456 0.284797
-118.256284427 34.3743300601 0.285816
-118.208874536 34.3522634685 0.279802
-118.161489115 34.3301779156 0.268163
-118.114128167 34.3080734462 0.256302
-118.066791695 34.2859501052 0.246175
-118.019479701 34.2638079374 0.237907
-117.972192189 34.2416469878 0.231899
-117.924929161 34.2194673012 0.22766
-117.87769028 34.1972689249 0.223981
-117.830476226 34.1750518989 0.225278
-117.783286664 34.1528162707 0.22581
-117.736121594 34.1305620851 0.217647
-117.688981019 34.1082893871 0.201049
-117.641864941 34.0859982216 0.176759
-117.594773361 34.0636886337 0.147781
-117.54770628 34.0413606681 0.117926
-117.500663701 34.01901437 0.0882624
-117.453645625 33.9966497843 0.0582602
-117.406652052 33.974266956 0.0274965
-117.359682983 33.95186593 -0.00545617
-117.312738421 33.9294467514 -0.0410976
-117.265818365 33.9070094651 -0.079258
-117.218922817 33.8845541163 -0.118684
-117.172051776 33.8620807498 -0.153119
-117.125205244 33.8395894107 -0.183274
-118.943998122 34.7424883935 0.201878
-118.896204833 34.7207019002 0.27587
-118.848436018 34.6988957632 0.322839
-118.800691683 34.6770700273 0.329551
-118.752971832 34.6552247371 0.332
-118.70527647 34.6333599374 0.328294
-118.657605601 34.611475673 0.321134
-118.60995923 34.5895719887 0.312754
-118.562337362 34.5676489292 0.310327
-118.51474 34.5457065393 0.319082
-118.467167148 34.523744864 0.328308
-118.41961881 34.5017639479 0.339928
-118.372094649 34.4797638397 0.346815
-118.324595351 34.4577445766 0.353167
-118.277120577 34.4357062073 0.354927
-118.229670332 34.4136487767 0.354712
-118.182244618 34.3915723298 0.347498
-118.134843438 34.3694769113 0.336654
-118.087466797 34.3473625662 0.325803
-118.040114696 34.3252293395 0.317992
-117.992787138 34.303077276 0.310885
-117.945484125 34.2809064206 0.305859
-117.898205661 34.2587168184 0.302178
-117.850951409 34.2365085166 0.300794
-117.803722048 34.2142815554 0.303956
-117.756517243 34.1920359822 0.305711
-117.709336994 34.169771842 0.297453
-117.662181304 34.1474891798 0.277965
-117.615050175 34.1251880406 0.24916
-117.567943608 34.1028684694 0.215685
-117.520861604 34.0805305113 0.179269
-117.473804165 34.0581742111 0.145136
-117.426771293 34.0357996141 0.11115
-117.379762988 34.0134067652 0.0791938
-117.332779251 33.9909957094 0.0436223
-117.285820084 33.9685664919 0.00649638
-117.238885487 33.9461191577 -0.036466
-117.19197546 33.9236537518 -0.0802378
-117.145090005 33.9011703193 -0.122987
-117.098229122 33.8786689054 -0.163802
-118.917604646 34.7819463001 0.260311
-118.869794553 34.7601500856 0.357606
-118.822009001 34.7383342164 0.42031
-118.774247993 34.7164987372 0.438378
-118.726511536 34.6946436928 0.44769
-118.678799632 34.6727691281 0.443026
-118.631112288 34.6508750877 0.438937
-118.583449507 34.6289616167 0.426397
-118.535811293 34.6070287598 0.424903
-118.488197651 34.5850765619 0.425639
-118.440608585 34.5631050679 0.432112
-118.393044097 34.5411143226 0.435801
-118.345503852 34.5191043748 0.441138
-118.297988534 34.4970752616 0.442777
-118.250497806 34.4750270319 0.443208
-118.203031672 34.4529597307 0.438515
-118.155590133 34.4308734028 0.430894
-118.108173194 34.4087680932 0.420024
-118.060780857 34.386643847 0.411358
-118.013413126 34.364500709 0.404258
-117.966070002 34.3423387242 0.399193
-117.918751488 34.3201579377 0.39519
-117.871457587 34.2979583945 0.395073
-117.824187962 34.2757401418 0.398553
-117.776943294 34.2535032199 0.405588
-117.729723244 34.2312476765 0.409221
-117.682527816 34.2089735563 0.402888
-117.635357011 34.1866809046 0.380877
-117.58821083 34.1643697664 0.348138
-117.541089276 34.1420401867 0.306062
-117.493992349 34.1196922107 0.261993
-117.446920051 34.0973258833 0.220006
-117.399872383 34.0749412498 0.18124
-117.352849346 34.0525383551 0.143438
-117.305850941 34.0301172444 0.102138
-117.25887717 34.0076779629 0.0552361
-117.211928032 33.9852205555 0.00243596
-117.165003528 33.9627450675 -0.0519683
-117.118103659 33.940251544 -0.104611
-117.071228425 33.9177400302 -0.151214
-118.891186687 34.8214013107 0.283004
-118.843359785 34.7995953494 0.40485
-118.795557488 34.7777697222 0.476777
-118.747779802 34.7559244741 0.50656
-118.700026732 34.7340596498 0.525752
-118.652298282 34.7121752942 0.530237
-118.604594456 34.6902714523 0.532797
-118.556915259 34.668348169 0.522854
-118.509260695 34.646405489 0.523218
-118.461630768 34.6244434575 0.520964
-118.414025481 34.6024621192 0.524972
-118.366444839 34.5804615192 0.524497
-118.318888505 34.5584417061 0.528261
-118.271357163 34.5364027173 0.52725
-118.223850476 34.5143446017 0.526945
-118.176368447 34.4922674043 0.519833
-118.12891108 34.47017117 0.513457
-118.081478377 34.4480559439 0.504451
-118.034070341 34.425921771 0.498403
-117.986686975 34.4037686964 0.493774
-117.939328281 34.381596765 0.491293
-117.891994263 34.3594060219 0.489715
-117.844684922 34.3371965123 0.493941
-117.79739992 34.3149682833 0.50435
-117.75013994 34.2927213756 0.515984
-117.702904644 34.2704558365 0.525754
-117.655694033 34.2481717111 0.522026
-117.60850811 34.2258690446 0.499088
-117.561346875 34.2035478821 0.45993
-117.51421033 34.1812082687 0.406647
-117.467098478 34.1588502496 0.349855
-117.420011318 34.1364738698 0.29985
-117.372948852 34.1140791745 0.252661
-117.325911081 34.091666209 0.208539
-117.278898007 34.0692350183 0.157119
-117.231909628 34.0467856475 0.0963929
-117.184945948 34.024318142 0.031216
-117.138006965 34.0018325469 -0.0371298
-117.09109268 33.9793289073 -0.0976339
-117.044203094 33.9568072685 -0.14674
-118.864744076 34.8608488937 0.248415
-118.816900359 34.8390331595 0.339854
-118.769081315 34.8171977485 0.394262
-118.721286948 34.7953427055 0.437993
-118.673517262 34.7734680755 0.464916
-118.625772261 34.7515739034 0.490552
-118.578051951 34.7296602341 0.504087
-118.530356336 34.7077271126 0.5171
-118.482685419 34.6857745839 0.526741
-118.435039204 34.6638026929 0.536008
-118.387417695 34.6418114847 0.544086
-118.339820897 34.6198010042 0.552346
-118.292248471 34.5977713002 0.561109
-118.244701103 34.5757224102 0.567947
-118.197178455 34.553654383 0.573771
-118.14968053 34.5315672638 0.574154
-118.102207332 34.5094610975 0.575226
-118.054758864 34.4873359293 0.571974
-118.007335127 34.4651918042 0.572979
-117.959936125 34.4430287674 0.572557
-117.912561861 34.4208468638 0.576899
-117.865212336 34.3986461387 0.5796
-117.817887554 34.3764266372 0.591004
-117.770587175 34.3541884066 0.603312
-117.723311883 34.3319314875 0.621218
-117.67606134 34.3096559274 0.634481
-117.628835546 34.2873617714 0.637088
-117.581634503 34.2650490648 0.615903
-117.534458214 34.2427178527 0.572355
-117.48730668 34.2203681803 0.499196
-117.440179901 34.1980000928 0.428166
-117.39307788 34.1756136353 0.364491
-117.346000616 34.1532088531 0.307942
-117.298948112 34.1307857915 0.25212
-117.251920368 34.1083444955 0.190078
-117.204917384 34.0858850105 0.118655
-117.157939161 34.0634073816 0.0440036
-117.1109857 34.0409116542 -0.032328
-117.064057001 34.0183978735 -0.0973536
-117.017153064 33.9958660847 -0.150793
-118.838276848 34.9002935298 0.161671
-118.790416312 34.8784679971 0.196132
-118.742580514 34.8566227765 0.232928
-118.694769459 34.8347579129 0.280349
-118.646983151 34.8128734514 0.320232
-118.599221595 34.790969437 0.360864
-118.551484795 34.7690459146 0.393136
-118.503772756 34.7471029293 0.428703
-118.45608548 34.7251405261 0.453347
-118.408422972 34.7031587501 0.474064
-118.360785237 34.6811576463 0.492082
-118.313172277 34.6591372598 0.511536
-118.265583754 34.6370976392 0.529623
-118.218020356 34.6150388223 0.547841
-118.170481742 34.5929608581 0.563022
-118.122967918 34.5708637915 0.57512
-118.075478885 34.5487476677 0.584375
-118.028014646 34.5266125319 0.589461
-117.980575205 34.5044584291 0.596841
-117.933160564 34.4822854046 0.603664
-117.885770725 34.4600935035 0.613905
-117.838405691 34.437882771 0.623593
-117.791065463 34.4156532522 0.638683
-117.743749705 34.3934049944 0.652812
-117.696459098 34.3711380386 0.673919
-117.649193303 34.3488524322 0.693438
-117.601952323 34.3265482203 0.702091
-117.55473616 34.3042254483 0.689304
-117.507544813 34.2818841613 0.640389
-117.460378286 34.2595244045 0.542788
-117.413236579 34.2371462234 0.46074
-117.366119694 34.214749663 0.387609
-117.319027631 34.1923347687 0.323324
-117.271960391 34.1699015857 0.257819
-117.224917975 34.1474501593 0.189913
-117.177900383 34.1249805349 0.111759
-117.130907617 34.1024927576 0.0341813
-117.083939676 34.0799868728 -0.0455768
-117.036996561 34.0574629258 -0.111156
-116.990078272 34.0349209619 -0.166103
-118.811784836 34.9397306873 0.0576298
-118.763907477 34.91789533 0.0584192
-118.716054922 34.8960402738 0.0786603
-118.668227177 34.8741655638 0.119635
-118.620424244 34.8522712449 0.162485
-118.57264613 34.8303573623 0.204945
-118.524892837 34.808423961 0.24267
-118.47716437 34.7864710861 0.282159
-118.429460734 34.7644987826 0.309353
-118.381781931 34.7425070958 0.335523
-118.334127966 34.7204960706 0.354887
-118.286498842 34.6984657523 0.379797
-118.238894222 34.6764161894 0.39838
-118.19131479 34.6543474201 0.423338
-118.14376021 34.632259493 0.438961
-118.096230483 34.6101524535 0.459523
-118.048725614 34.5880263465 0.468554
-118.001245604 34.5658812175 0.482636
-117.953790457 34.5437171115 0.489064
-117.906360175 34.5215340737 0.504727
-117.858954761 34.4993321495 0.513548
-117.811574216 34.477111384 0.532189
-117.764218543 34.4548718224 0.543928
-117.716887404 34.4326135121 0.565034
-117.66958148 34.4103364941 0.581701
-117.622300435 34.3880408159 0.606801
-117.575044269 34.3657265227 0.612038
-117.527812983 34.3433936598 0.608468
-117.48060658 34.3210422726 0.554837
-117.43342506 34.2986724062 0.473536
-117.386268425 34.2762841061 0.392286
-117.339136676 34.2538774175 0.323005
-117.292029813 34.2314523858 0.254692
-117.244947838 34.2090090563 0.192178
-117.197890751 34.1865474743 0.123254
-117.150858553 34.1640676852 0.0535313
-117.103851244 34.1415697343 -0.0206398
-117.056868824 34.119053667 -0.0918629
-117.009911294 34.0965195286 -0.150532
-116.962978654 34.0739673645 -0.192216
-118.785268074 34.979164847 -0.0377853
-118.737373886 34.9573196393 -0.0630023
-118.689504569 34.9354547218 -0.0561251
-118.641660126 34.9135701395 -0.0189195
-118.593840564 34.8916659375 0.0183648
-118.546045885 34.8697421609 0.0534308
-118.498276094 34.8477988549 0.0871402
-118.450531195 34.8258360646 0.118818
-118.402811193 34.8038538352 0.144405
-118.35511609 34.7818522118 0.166162
-118.30744589 34.7598312396 0.185673
-118.259800598 34.7377909638 0.206167
-118.212179874 34.7157314331 0.225516
-118.164584406 34.6936526856 0.246712
-118.117013854 34.6715547702 0.26441
-118.069468221 34.649437732 0.28243
-118.021947511 34.6273016164 0.294909
-117.974451727 34.6051464685 0.307313
-117.92698087 34.5829723337 0.317781
-117.879534944 34.5607792573 0.332129
-117.83211395 34.5385672844 0.34512
-117.784717891 34.5163364604 0.362507
-117.737346769 34.4940868306 0.377391
-117.690000246 34.4718184423 0.395465
-117.642679004 34.4495313368 0.41277
-117.595382704 34.4272255614 0.431707
-117.548111349 34.4049011615 0.439591
-117.500864939 34.3825581825 0.437771
-117.453643476 34.3601966696 0.398406
-117.406446961 34.3378166683 0.337554
-117.359275396 34.315418224 0.270049
-117.31212878 34.2930013819 0.206682
-117.265007116 34.2705661876 0.144735
-117.217910404 34.2481126863 0.0876637
-117.170838644 34.2256409235 0.0277982
-117.123791837 34.2031509445 -0.0294034
-117.076769984 34.1806427948 -0.0923803
-117.029773084 34.1581165198 -0.153696
-116.982801138 34.135572165 -0.198257
-116.935854145 34.1130097756 -0.219097
-118.758726398 35.0185914768 -0.109299
-118.710815377 34.9967363928 -0.133695
-118.662929294 34.9748615879 -0.128367
-118.615068152 34.9529671074 -0.104371
-118.567231955 34.9310529963 -0.074279
-118.51942071 34.9091192999 -0.0472354
-118.471634418 34.8871660633 -0.0175654
-118.423873085 34.8651933318 0.00684795
-118.376136713 34.8432011505 0.0312136
-118.328425308 34.8211895648 0.0489864
-118.280738872 34.7991586198 0.0696172
-118.233077409 34.7771083608 0.0860455
-118.18544058 34.7550388363 0.106888
-118.137829073 34.732950085 0.123591
-118.090242548 34.7108421554 0.143426
-118.042681008 34.688715093 0.15766
-117.995144456 34.666568943 0.173678
-117.947632895 34.6444037507 0.183973
-117.900146327 34.6222195615 0.198987
-117.852684755 34.6000164207 0.210654
-117.805248181 34.5777943737 0.227782
-117.757836608 34.5555534657 0.241588
-117.710450036 34.5332937422 0.259645
-117.663088128 34.5110152503 0.273275
-117.615751567 34.4887180317 0.291691
-117.568440013 34.4664021337 0.303191
-117.521153468 34.4440676016 0.312406
-117.473891934 34.421714481 0.305627
-117.426655411 34.3993428172 0.277245
-117.379443902 34.3769526556 0.228693
-117.332257406 34.3545440417 0.175643
-117.285095925 34.3321170208 0.118795
-117.23795946 34.3096716385 0.0661321
-117.190848011 34.2872079402 0.0131287
-117.14376158 34.2647259713 -0.0370445
-117.096700165 34.2422257772 -0.0878397
-117.049663768 34.2197074036 -0.139355
-117.002652389 34.1971708957 -0.188837
-116.955666028 34.1746162992 -0.220128
-116.908704685 34.1520436595 -0.236599
