-119.336999976 34.1500010364 0.330327
-119.289458115 34.1283572771 0.332725
-119.241939758 34.1066940424 0.327813
-119.194444913 34.0850113761 0.301124
-119.146973585 34.063309322 0.185295
-119.099525778 34.041587924 -0.0241451
-119.052101499 34.019847226 -0.205258
-119.004700752 33.9980872718 -0.33715
-118.957323543 33.9763081053 -0.440095
-118.909969877 33.9545097704 -0.521453
-118.86263942 33.9326923162 -0.571434
-118.815332853 33.9108557762 -0.580441
-118.768049843 33.8890001996 -0.555506
-118.720790395 33.8671256304 -0.512889
-118.673554511 33.8452321126 -0.467671
-118.626342198 33.8233196901 -0.433034
-118.579153458 33.801388407 -0.421146
-118.531988297 33.7794383072 -0.440999
-118.484846717 33.7574694348 -0.492462
-118.437728722 33.7354818338 -0.540218
-118.390634316 33.7134755483 -0.464204
-118.343563503 33.6914506223 -0.272961
-118.296516285 33.6694071 -0.139579
-118.24949233 33.6473450287 -0.0650873
-118.202492314 33.6252644457 -0.0373695
-118.155515903 33.6031653985 -0.0397931
-118.1085631 33.5810479314 -0.0651838
-118.061633908 33.5589120884 -0.121151
-118.01472833 33.5367579137 -0.220584
-117.967846367 33.5145854513 -0.357778
-117.920988023 33.4923947456 -0.496749
-117.8741533 33.4701858406 -0.600843
-117.827342199 33.4479587805 -0.663339
-117.780554724 33.4257136095 -0.696996
-117.733790875 33.4034503717 -0.714172
-117.687050655 33.3811691115 -0.72472
-117.640334066 33.358869873 -0.738221
-117.593641108 33.3365527004 -0.75786
-117.546971785 33.314217638 -0.767807
-117.500326096 33.2918647299 -0.758777
-119.310966774 34.1895354099 0.352579
-119.263408189 34.1678823141 0.355533
-119.215873173 34.1462097316 0.355442
-119.168361732 34.1245177061 0.362255
-119.120873871 34.1028062817 0.204447
-119.073409595 34.0810755023 -0.105961
-119.02596891 34.0593254116 -0.27379
-118.978551822 34.0375560537 -0.381527
-118.931158334 34.0157674726 -0.474491
-118.883788453 33.9939597122 -0.561727
-118.836441844 33.9721328215 -0.60989
-118.789119188 33.9502868343 -0.593916
-118.741820153 33.9284217997 -0.535849
-118.694544742 33.9065377619 -0.462162
-118.64729296 33.8846347647 -0.388075
-118.600064768 33.8627105985 -0.327524
-118.552860257 33.8407698149 -0.296678
-118.505679386 33.8188102042 -0.30937
-118.458522159 33.7968318106 -0.374435
-118.411388581 33.774834678 -0.513063
-118.364278655 33.7528188505 -0.31609
-118.317192384 33.7307843724 -0.0114005
-118.270129771 33.7087312878 0.0780456
-118.223090483 33.686659644 0.121911
-118.176075197 33.6645694785 0.11531
-118.129083578 33.6424608389 0.0957031
-118.08211563 33.6203337694 0.0677714
-118.035171355 33.5981883141 0.00936972
-117.988250756 33.5760245173 -0.121427
-117.941353835 33.5538424231 -0.323797
-117.894480595 33.5316420757 -0.515516
-117.847631038 33.5094235195 -0.628505
-117.800805165 33.4871867986 -0.678127
-117.75400298 33.4649319572 -0.698416
-117.707224483 33.4426590396 -0.701932
-117.660469677 33.4203680901 -0.698729
-117.613738564 33.3980591529 -0.706111
-117.567031144 33.3757322724 -0.737101
-117.520347419 33.3533874927 -0.74919
-117.473687391 33.3310248582 -0.72839
-119.284909948 34.229062758 0.365388
-119.237334634 34.2074003001 0.356461
-119.189782954 34.1857183442 0.328231
-119.142254913 34.1640169341 0.263428
-119.094750515 34.1422961138 0.0426989
-119.047269766 34.1205559273 -0.217939
-118.999812672 34.0987964186 -0.336359
-118.952379238 34.0770176317 -0.398824
-118.904969468 34.0552196105 -0.478504
-118.857583368 34.0334023991 -0.595364
-118.810220604 34.0115660465 -0.649481
-118.762881857 33.9897105866 -0.58793
-118.715566793 33.9678360688 -0.492069
-118.668275416 33.9459425369 -0.388097
-118.621007732 33.9240300352 -0.281394
-118.573763743 33.9020986076 -0.185302
-118.526543455 33.8801482985 -0.122602
-118.47934687 33.8581791518 -0.107505
-118.432173992 33.8361912116 -0.121526
-118.385024826 33.8141845223 -0.0586443
-118.337899375 33.7921591279 0.386949
-118.290797641 33.7701150725 0.353182
-118.243719629 33.7480524005 0.366524
-118.196665003 33.7259711592 0.320238
-118.149634443 33.7038713862 0.260627
-118.102627612 33.6817531292 0.229138
-118.055644515 33.6596164323 0.212939
-118.008685154 33.6374613397 0.17987
-117.96174953 33.6152878958 0.0117529
-117.914837647 33.5930961448 -0.311045
-117.867949508 33.570886131 -0.576526
-117.821085113 33.5486578986 -0.666693
-117.774244465 33.526411492 -0.687972
-117.727427567 33.5041469553 -0.69681
-117.680634419 33.4818643331 -0.682363
-117.633865024 33.4595636695 -0.654237
-117.587119383 33.4372450088 -0.644571
-117.540397498 33.4149083955 -0.666399
-117.49369937 33.3925538738 -0.677135
-117.447025 33.3701814881 -0.6796
-119.258829555 34.2685875614 0.3769
-119.211237506 34.246915716 0.352362
-119.163669155 34.2252243613 0.281634
-119.116124506 34.2035135412 0.113816
-119.068603565 34.1817832997 -0.109472
-119.021106337 34.1600336808 -0.277953
-118.973632828 34.1382647287 -0.363732
-118.926183041 34.1164764873 -0.354377
-118.878756983 34.0946690007 -0.415474
-118.831354658 34.072842313 -0.59916
-118.783975733 34.0509964733 -0.655399
-118.736620888 34.0291315156 -0.528195
-118.68928979 34.0072474891 -0.418331
-118.641982443 33.985344438 -0.296442
-118.594698851 33.9634224064 -0.15608
-118.547439018 33.9414814386 -0.0116699
-118.500202948 33.9195215785 0.0937464
-118.452990646 33.8975428705 0.138198
-118.405802113 33.8755453588 0.179404
-118.358637356 33.8535290875 0.33531
-118.311496375 33.8314941009 0.493049
-118.264379176 33.8094404432 0.573376
-118.217285761 33.7873681587 0.631487
-118.170215796 33.7652772948 0.479126
-118.123169958 33.7431678892 0.386721
-118.076147913 33.7210399896 0.358285
-118.029149664 33.6988936402 0.363015
-117.982175213 33.6767288854 0.400907
-117.935224563 33.6545457694 0.190004
-117.888297716 33.6323443366 -0.325505
-117.841394674 33.6101246313 -0.661906
-117.79451544 33.5878866978 -0.687053
-117.747660015 33.5656305805 -0.689005
-117.700828402 33.5433563238 -0.699557
-117.654020602 33.5210639719 -0.659679
-117.607236616 33.4987535693 -0.59292
-117.560476447 33.4764251603 -0.562433
-117.513740095 33.4540787894 -0.572806
-117.467027562 33.4317145009 -0.595298
-117.42033885 33.4093323392 -0.633065
-119.23272541 34.3081052896 0.398791
-119.185116623 34.2864240311 0.410995
-119.137531596 34.264723252 0.338794
-119.089970336 34.2430029963 0.125026
-119.042432848 34.221263308 -0.0902924
-118.994919136 34.1995042312 -0.258228
-118.947429207 34.1777258102 -0.312567
-118.899963065 34.1559280888 -0.251865
-118.852520715 34.1341111114 -0.269909
-118.805102162 34.112274922 -0.396669
-118.757707072 34.0904195696 -0.435457
-118.710336127 34.0685450886 -0.401744
-118.662988991 34.0466515282 -0.329769
-118.61566567 34.0247389324 -0.207302
-118.568366168 34.0028073457 -0.0384721
-118.521090488 33.9808568121 0.178884
-118.473838635 33.9588873759 0.332508
-118.426610612 33.9368990813 0.364944
-118.379406423 33.9148919727 0.374757
-118.332226072 33.8928660942 0.431537
-118.285069561 33.8708214902 0.439019
-118.237936894 33.8487582049 0.571985
-118.190828074 33.8266762826 0.711085
-118.143742767 33.8045757709 0.629031
-118.09668165 33.7824567076 0.562212
-118.04964439 33.7603191403 0.528581
-118.002630987 33.7381631134 0.536567
-117.955641446 33.7159886712 0.524784
-117.908675768 33.693795858 0.290505
-117.861733956 33.6715847184 -0.135366
-117.814816012 33.6493552966 -0.511559
-117.767921937 33.627107637 -0.740622
-117.721051735 33.604841784 -0.741026
-117.674205406 33.5825577822 -0.706464
-117.627382952 33.5602556757 -0.635226
-117.580584376 33.5379355092 -0.550527
-117.533809678 33.515597327 -0.518831
-117.487058859 33.4932411736 -0.538593
-117.440331922 33.4708670934 -0.576954
-117.393628867 33.4484751309 -0.608031
-119.20659757 34.3476204235 0.408825
-119.158972036 34.3259297264 0.503108
-119.111370328 34.3042194974 0.448652
-119.063792449 34.2824897806 0.21211
-119.016238407 34.2607406202 0.0113336
-118.968708206 34.2389720601 -0.186351
-118.921201851 34.2171841447 -0.226775
-118.873719348 34.1953769181 -0.0778679
-118.8262607 34.1735504244 -0.043893
-118.778825913 34.1517047079 -0.102677
-118.731414652 34.1298398176 -0.186931
-118.6840276 34.107955788 -0.291353
-118.636664422 34.0860526683 -0.254855
-118.589325122 34.0641305027 -0.153152
-118.542009704 34.0421893354 -0.00710897
-118.494718173 34.0202292109 0.370211
-118.447450531 33.9982501733 0.57089
-118.400206783 33.9762522669 0.506591
-118.352986932 33.9542355362 0.452186
-118.305790982 33.9322000253 0.461057
-118.258618936 33.9101457787 0.515341
-118.211470797 33.8880728407 0.685049
-118.164346568 33.8659812556 0.783
-118.117245915 33.843871071 0.754887
-118.070169516 33.8217423248 0.70159
-118.023117035 33.7995950648 0.664675
-117.976088476 33.7774293352 0.647946
-117.929083841 33.7552451806 0.559703
-117.882103131 33.7330426453 0.390182
-117.835146351 33.7108217738 0.203797
-117.7882135 33.6885826105 -0.246244
-117.741304582 33.6663251999 -0.736772
-117.694419599 33.6440495864 -0.756211
-117.647558552 33.6217558144 -0.693366
-117.600721442 33.5994439286 -0.606625
-117.553908272 33.5771139732 -0.516056
-117.507119043 33.554765993 -0.495165
-117.460353756 33.5324000322 -0.550505
-117.413612411 33.5100161355 -0.588534
-117.366895012 33.4876143474 -0.591794
-119.180445852 34.3871284322 0.345574
-119.132803567 34.365428271 0.40271
-119.085185172 34.3437085665 0.359426
-119.037590672 34.321969363 0.27319
-118.990020072 34.3002107047 0.168018
-118.942473377 34.2784326358 -0.00787234
-118.894950593 34.2566352005 -0.0399132
-118.847451724 34.234818443 0.0909827
-118.799976775 34.2129824076 0.0922942
-118.752525751 34.1911271386 -0.032662
-118.705098317 34.1692526848 -0.18782
-118.657695155 34.1473590812 -0.236948
-118.610315931 34.1254463767 -0.153873
-118.56296065 34.1035146158 -0.184493
-118.515629314 34.0815638427 -0.20982
-118.468321928 34.0595941018 0.227606
-118.421038495 34.0376054374 0.564657
-118.37377902 34.015597894 0.484482
-118.326543505 33.9935715158 0.445163
-118.279331954 33.9715263473 0.525874
-118.232144371 33.9494624328 0.673136
-118.184980758 33.9273798168 0.805656
-118.137841119 33.9052785437 0.806603
-118.090725118 33.8831586609 0.73141
-118.043633435 33.8610202067 0.655029
-117.996565733 33.8388632287 0.631727
-117.949522015 33.8166877714 0.600487
-117.902502285 33.7944938792 0.523492
-117.855506543 33.7722815967 0.383838
-117.808534793 33.7500509682 0.182541
-117.761587036 33.7278020384 -0.242704
-117.714663274 33.7055348516 -0.614058
-117.667763509 33.6832494525 -0.692716
-117.620887743 33.6609458855 -0.635576
-117.574035977 33.6386241952 -0.55515
-117.527208214 33.6162844262 -0.495483
-117.480404453 33.5939266229 -0.495014
-117.433624696 33.5715508299 -0.538954
-117.386868946 33.5491570918 -0.560737
-117.340137201 33.5267454532 -0.565495
-119.154270307 34.4266337968 0.208467
-119.106611265 34.4049241458 0.176955
-119.058976177 34.3831949403 0.193408
-119.011365048 34.3614462247 0.333023
-118.963777884 34.3396780431 0.390267
-118.91621469 34.3178904399 0.220468
-118.86867547 34.2960834592 0.156898
-118.82116023 34.2742571455 0.269169
-118.773668974 34.2524115429 0.17829
-118.726201706 34.2305466959 -0.107874
-118.678758093 34.2086626534 -0.259025
-118.631338816 34.1867594503 -0.0864935
-118.583943542 34.1648371358 0.079894
-118.536572273 34.1428957542 -0.186409
-118.489225013 34.12093535 -0.163453
-118.441901768 34.0989559675 -0.0854493
-118.394602539 34.0769576511 0.112015
-118.347327332 34.0549404452 0.39284
-118.300076148 34.0329043944 0.377591
-118.252848993 34.010849543 0.561005
-118.205645868 33.9887759355 0.749954
-118.158466777 33.9666836163 0.80087
-118.111311723 33.9445726299 0.732106
-118.064180371 33.9224430238 0.576195
-118.017073399 33.9002948365 0.487851
-117.969990472 33.8781281155 0.48042
-117.922931593 33.8559429053 0.459226
-117.875896763 33.8337392505 0.424214
-117.828885986 33.8115171957 0.256624
-117.781899263 33.7892767852 -0.0861917
-117.734936596 33.7670180638 -0.410823
-117.687997987 33.744741076 -0.580115
-117.641083438 33.7224458663 -0.618356
-117.59419295 33.7001324793 -0.546516
-117.547326526 33.6778009596 -0.496642
-117.500484165 33.6554513519 -0.488543
-117.453665871 33.6330837006 -0.494743
-117.406871643 33.6106980506 -0.508449
-117.360101483 33.5882944462 -0.517634
-117.313355392 33.5658729322 -0.533362
-119.128070757 34.4661319862 0.0660559
-119.080394953 34.4444128197 0.0135668
-119.032743168 34.4226740877 0.0676803
-118.985115407 34.4009158342 0.279978
-118.937511675 34.3791381037 0.588305
-118.889931977 34.3573409405 0.592725
-118.842376318 34.335524389 0.502243
-118.794844703 34.3136884934 0.406251
-118.747337136 34.2918332981 0.205883
-118.699853622 34.2699588476 -0.0328391
-118.652393827 34.2480651908 -0.142986
-118.604958772 34.2261523583 -0.0526483
-118.557547104 34.2042204127 0.216891
-118.510159845 34.182269385 0.106219
-118.46279666 34.1602993242 0.118545
-118.415457552 34.1383102746 0.0757941
-118.368142526 34.1163022808 0.210199
-118.320851584 34.0942753872 0.351263
-118.27358473 34.0722296383 0.290629
-118.226341967 34.0501650787 0.37666
-118.179123299 34.0280817528 0.488388
-118.131928728 34.0059797052 0.587621
-118.084758258 33.9838589803 0.552233
-118.037611553 33.9617196257 0.450369
-117.990489291 33.93956168 0.370737
-117.943391138 33.9173851907 0.369938
-117.896317096 33.8951902025 0.338261
-117.849267167 33.8729767599 0.269245
-117.802241353 33.8507449075 0.0786641
-117.755239656 33.82849469 -0.215138
-117.708262079 33.8062261519 -0.41958
-117.661308622 33.7839393379 -0.496211
-117.614379288 33.7616342925 -0.49601
-117.567474079 33.7393110605 -0.476025
-117.520592995 33.7169696865 -0.4808
-117.473736039 33.6946102151 -0.500032
-117.42690321 33.672232691 -0.50585
-117.380094511 33.6498371588 -0.490118
-117.333309943 33.6274236633 -0.48652
-117.286549505 33.6049922491 -0.505378
-119.10184725 34.5056274814 -0.0431927
-119.054154678 34.4838987739 -0.112644
-119.006486189 34.4621504896 -0.0881937
-118.958841789 34.4403826728 0.0406329
-118.911221483 34.4185953679 0.520238
-118.863625275 34.3967886193 0.811784
-118.816053171 34.3749624713 0.748338
-118.768505175 34.3531169684 0.436397
-118.720981292 34.331252155 0.230674
-118.673481527 34.3093680755 0.146219
-118.626005883 34.2874647745 0.0511518
-118.578554365 34.2655422963 0.026003
-118.531126638 34.2436006897 0.166662
-118.483723384 34.2216399906 0.367087
-118.436344268 34.1996602478 0.502135
-118.388989293 34.1776615058 0.47259
-118.341658464 34.1556438093 0.496992
-118.294351783 34.1336072026 0.381396
-118.247069254 34.1115517305 0.278339
-118.19981088 34.0894774373 0.316371
-118.152576664 34.0673843678 0.368836
-118.105366609 34.0452725665 0.513834
-118.058180718 34.0231420779 0.569226
-118.011018656 34.0009929496 0.385677
-117.963881102 33.9788252203 0.282052
-117.916767719 33.9566389376 0.298694
-117.86967851 33.9344341463 0.224191
-117.822613478 33.9122108908 0.123199
-117.775572624 33.8899692158 -0.028216
-117.72855595 33.8677091661 -0.211493
-117.681563459 33.8454307863 -0.332544
-117.634595152 33.8231341211 -0.361142
-117.587651031 33.8008192151 -0.376793
-117.540731097 33.778486113 -0.425377
-117.493835351 33.7561348596 -0.477771
-117.446963796 33.7337654996 -0.520793
-117.400116431 33.7113780776 -0.519801
-117.353293259 33.6889726385 -0.46852
-117.306494279 33.6665492269 -0.457673
-117.259719494 33.6441078875 -0.486569
-119.075599609 34.5451157512 -0.106513
-119.027890264 34.523377477 -0.160203
-118.980205068 34.5016196148 -0.158822
-118.932544025 34.479842209 -0.0989916
-118.884907141 34.458045304 0.220905
-118.83729442 34.4362289442 0.569554
-118.789705867 34.4143931742 0.578581
-118.742141487 34.3925380384 0.406278
-118.694601285 34.3706635812 0.291597
-118.647085264 34.3487698472 0.218722
-118.59959343 34.326856881 0.114544
-118.552125786 34.3049247269 0.0599114
-118.504681997 34.2829734338 0.127743
-118.457262745 34.2610030377 0.389389
-118.409867696 34.2390135875 0.620751
-118.362496852 34.2170051277 0.573278
-118.315150218 34.1949777029 0.507652
-118.267827795 34.1729313578 0.291066
-118.220529589 34.150866137 0.164892
-118.173255602 34.128782085 0.219591
-118.126005837 34.1066792465 0.330846
-118.078780297 34.0845576662 0.513444
-118.031578984 34.0624173886 0.584451
-117.984401564 34.0402584612 0.401956
-117.937248715 34.0180809231 0.301096
-117.890120101 33.9958848218 0.220767
-117.843015725 33.973670202 0.138525
-117.795935588 33.9514371084 0.0723044
-117.748879694 33.9291855858 -0.00605495
-117.701848043 33.9069156787 -0.0971586
-117.654840638 33.884627432 -0.152839
-117.60785748 33.8623208904 -0.191311
-117.56089857 33.8399960987 -0.2513
-117.513963912 33.8176531015 -0.356262
-117.467053504 33.7952919437 -0.444469
-117.42016735 33.77291267 -0.48689
-117.37330545 33.7505153252 -0.481107
-117.326467804 33.7280999541 -0.44943
-117.279654414 33.7056666015 -0.452246
-117.232865281 33.6832153121 -0.48245
-119.04932788 34.5846012766 -0.129657
-119.001601757 34.5628534101 -0.145775
-118.953899846 34.5410859444 -0.162893
-118.906222154 34.5192989239 -0.166723
-118.858568686 34.4974923933 0.00406856
-118.810939445 34.4756663969 0.225794
-118.763334438 34.4538209793 0.320097
-118.715753669 34.431956185 0.364848
-118.668197141 34.4100720586 0.341576
-118.62066486 34.3881686446 0.223442
-118.57315683 34.3662459877 0.119664
-118.525673054 34.3443041323 0.0696238
-118.478213198 34.3223431273 0.0692312
-118.430777944 34.3003630088 0.224903
-118.383366956 34.2783638257 0.326106
-118.335980238 34.2563456228 0.242143
-118.288617794 34.2343084445 0.151856
-118.241279626 34.2122523356 0.0969584
-118.193965738 34.1901773407 0.0623025
-118.146676134 34.1680835046 0.125056
-118.099410815 34.1459708718 0.230828
-118.052169785 34.1238394872 0.359433
-118.004953047 34.1016893954 0.418289
-117.957760264 34.0795206437 0.40445
-117.910592117 34.0573332716 0.326952
-117.863448269 34.0351273265 0.157426
-117.816328722 34.0129028531 0.0905326
-117.769233478 33.9906598963 0.101791
-117.722162539 33.9683985007 0.0885144
-117.675115908 33.9461187112 0.0773711
-117.628093586 33.9238205726 0.0536849
-117.581095574 33.9015041296 0.0052745
-117.534121875 33.879169427 -0.0946028
-117.487172488 33.8568165097 -0.277336
-117.440247417 33.8344454225 -0.384662
-117.393346662 33.8120562101 -0.407147
-117.346470223 33.7896489175 -0.429453
-117.299618102 33.7672235895 -0.441145
-117.2527903 33.7447802709 -0.462216
-117.205986817 33.7223190065 -0.493964
-119.023031889 34.6240795263 -0.141906
-118.975288982 34.6023220417 -0.161155
-118.927570354 34.5805449467 -0.193427
-118.879876009 34.5587482859 -0.205325
-118.832205953 34.5369321038 -0.112203
-118.784560189 34.5150964451 0.00995929
-118.736938724 34.4932413542 0.155814
-118.689341562 34.4713668759 0.341408
-118.641768706 34.4494730546 0.397464
-118.594220161 34.427559935 0.313766
-118.546695932 34.4056275618 0.228642
-118.499196023 34.3836759796 0.152541
-118.451720097 34.361705237 0.117161
-118.404268837 34.3397153706 0.107564
-118.356841909 34.3177064292 0.085754
-118.309439315 34.2956784575 0.0181951
-118.262061059 34.2736315003 -0.0159173
-118.214707144 34.2515656021 -0.026034
-118.167377573 34.2294808078 -0.0238484
-118.120072349 34.2073771621 0.014955
-118.072791475 34.1852547097 0.0777113
-118.025534954 34.1631134954 0.150342
-117.978302789 34.140953564 0.193524
-117.931094643 34.1187749628 0.225397
-117.883911196 34.0965777313 0.18594
-117.836752112 34.074361917 0.129305
-117.789617394 34.0521275648 0.134924
-117.742507042 34.0298747195 0.15369
-117.695421059 34.0076034258 0.166382
-117.648359447 33.9853137287 0.188052
-117.601322207 33.9630056729 0.168642
-117.554309341 33.9406793033 0.109535
-117.507320851 33.9183346648 -0.00376959
-117.460356738 33.8959718023 -0.145123
-117.413417002 33.8735907606 -0.242736
-117.366501646 33.8511915845 -0.325211
-117.319610669 33.8287743191 -0.411915
-117.272744074 33.8063390091 -0.477231
-117.22590186 33.7838856995 -0.514978
-117.179084028 33.7614144352 -0.515547
-118.996711678 34.6635549813 -0.150642
-118.948951982 34.6417878529 -0.184359
-118.90121663 34.620001103 -0.209557
-118.853505626 34.5981947762 -0.198464
-118.805818976 34.5763689172 -0.142915
-118.758156684 34.5545235705 -0.0986921
-118.710518755 34.5326587808 0.0870885
-118.662905193 34.5107745928 0.401448
-118.615316004 34.4888710511 0.487654
-118.56775119 34.4669482004 0.429585
-118.520210757 34.4450060854 0.350181
-118.472694708 34.4230447508 0.254824
-118.425202707 34.4010642453 0.175578
-118.377735438 34.3790646055 0.0426261
-118.330292564 34.3570458804 -0.0332166
-118.282874089 34.3350081146 -0.0397342
-118.235480017 34.3129513529 -0.0541591
-118.188110349 34.2908756401 -0.0698256
-118.140765091 34.268781021 -0.0785901
-118.093444243 34.2466675403 -0.0862227
-118.046147811 34.224535243 -0.0679448
-117.998875795 34.2023841737 -0.0431682
-117.951628199 34.1802143774 -0.022598
-117.904404686 34.1580259013 -0.00948211
-117.857205936 34.1358187853 0.0225091
-117.810031613 34.1135930767 0.144775
-117.762881719 34.0913488204 0.201703
-117.715756256 34.0690860614 0.188736
-117.668655226 34.0468048444 0.215795
-117.62157863 34.0245052145 0.251284
-117.57452647 34.0021872165 0.231882
-117.527498748 33.9798508952 0.152027
-117.480495464 33.9574962957 0.0734454
-117.433516621 33.9351234628 0.0293457
-117.386562219 33.9127324415 -0.0813389
-117.339632259 33.8903232767 -0.264127
-117.292726743 33.8678960134 -0.424742
-117.245845671 33.8454506965 -0.546387
-117.198989043 33.822987371 -0.574601
-117.152156861 33.8005060818 -0.518154
-118.970367076 34.70302311 -0.141189
-118.922590586 34.681246312 -0.171005
-118.874838505 34.6594498814 -0.18362
-118.827110839 34.6376338629 -0.160629
-118.779407591 34.6157983011 -0.0778858
-118.731728767 34.5939432407 0.0700478
-118.684074372 34.5720687265 0.294596
-118.636444408 34.5501748031 0.456811
-118.588838882 34.5282615153 0.453329
-118.541257797 34.5063289078 0.380999
-118.493701157 34.4843770254 0.310062
-118.446168966 34.4624059128 0.287178
-118.398660888 34.4404156188 0.220241
-118.351177606 34.4184061801 0.074947
-118.303718785 34.3963776456 -0.00561602
-118.256284427 34.3743300601 -0.0236875
-118.208874536 34.3522634685 -0.041272
-118.161489115 34.3301779156 -0.0630415
-118.114128167 34.3080734462 -0.0815763
-118.066791695 34.2859501052 -0.101912
-118.019479701 34.2638079374 -0.101105
-117.972192189 34.2416469878 -0.100527
-117.924929161 34.2194673012 -0.0846286
-117.87769028 34.1972689249 -0.0650774
-117.830476226 34.1750518989 -0.00630114
-117.783286664 34.1528162707 0.103348
-117.736121594 34.1305620851 0.165549
-117.688981019 34.1082893871 0.218532
-117.641864941 34.0859982216 0.28091
-117.594773361 34.0636886337 0.312679
-117.54770628 34.0413606681 0.293646
-117.500663701 34.01901437 0.230033
-117.453645625 33.9966497843 0.191892
-117.406652052 33.974266956 0.158159
-117.359682983 33.95186593 0.00862952
-117.312738421 33.9294467514 -0.239524
-117.265818365 33.9070094651 -0.449089
-117.218922817 33.8845541163 -0.556232
-117.172051776 33.8620807498 -0.549142
-117.125205244 33.8395894107 -0.464579
-118.943998122 34.7424883935 -0.104357
-118.896204833 34.7207019002 -0.119983
-118.848436018 34.6988957632 -0.113271
-118.800691683 34.6770700273 -0.0865179
-118.752971832 34.6552247371 0.0583508
-118.70527647 34.6333599374 0.388965
-118.657605601 34.611475673 0.544709
-118.60995923 34.5895719887 0.445497
-118.562337362 34.5676489292 0.349004
-118.51474 34.5457065393 0.228924
-118.467167148 34.523744864 0.202498
-118.41961881 34.5017639479 0.309489
-118.372094649 34.4797638397 0.28452
-118.324595351 34.4577445766 0.147945
-118.277120577 34.4357062073 0.0654186
-118.229670332 34.4136487767 0.0301879
-118.182244618 34.3915723298 0.00481307
-118.134843438 34.3694769113 -0.018032
-118.087466797 34.3473625662 -0.0326949
-118.040114696 34.3252293395 -0.0424569
-117.992787138 34.303077276 -0.0479667
-117.945484125 34.2809064206 -0.0486544
-117.898205661 34.2587168184 -0.0390508
-117.850951409 34.2365085166 -0.0204292
-117.803722048 34.2142815554 0.00769156
-117.756517243 34.1920359822 0.0346128
-117.709336994 34.169771842 0.108297
-117.662181304 34.1474891798 0.259997
-117.615050175 34.1251880406 0.339631
-117.567943608 34.1028684694 0.356896
-117.520861604 34.0805305113 0.347451
-117.473804165 34.0581742111 0.312788
-117.426771293 34.0357996141 0.310231
-117.379762988 34.0134067652 0.279005
-117.332779251 33.9909957094 0.110658
-117.285820084 33.9685664919 -0.215866
-117.238885487 33.9461191577 -0.429791
-117.19197546 33.9236537518 -0.471878
-117.145090005 33.9011703193 -0.439236
-117.098229122 33.8786689054 -0.334735
-118.917604646 34.7819463001 -0.0407427
-118.869794553 34.7601500856 -0.000896408
-118.822009001 34.7383342164 0.0449075
-118.774247993 34.7164987372 0.0866508
-118.726511536 34.6946436928 0.237017
-118.678799632 34.6727691281 0.457056
-118.631112288 34.6508750877 0.494779
-118.583449507 34.6289616167 0.390992
-118.535811293 34.6070287598 0.295437
-118.488197651 34.5850765619 0.20348
-118.440608585 34.5631050679 0.219902
-118.393044097 34.5411143226 0.298432
-118.345503852 34.5191043748 0.277615
-118.297988534 34.4970752616 0.196642
-118.250497806 34.4750270319 0.134384
-118.203031672 34.4529597307 0.0887388
-118.155590133 34.4308734028 0.0628124
-118.108173194 34.4087680932 0.0578501
-118.060780857 34.386643847 0.057204
-118.013413126 34.364500709 0.0505417
-117.966070002 34.3423387242 0.0453301
-117.918751488 34.3201579377 0.0438628
-117.871457587 34.2979583945 0.047855
-117.824187962 34.2757401418 0.055445
-117.776943294 34.2535032199 0.0671234
-117.729723244 34.2312476765 0.077422
-117.682527816 34.2089735563 0.149359
-117.635357011 34.1866809046 0.259718
-117.58821083 34.1643697664 0.303132
-117.541089276 34.1420401867 0.310306
-117.493992349 34.1196922107 0.316753
-117.446920051 34.0973258833 0.362204
-117.399872383 34.0749412498 0.422827
-117.352849346 34.0525383551 0.438166
-117.305850941 34.0301172444 0.293755
-117.25887717 34.0076779629 -0.00981792
-117.211928032 33.9852205555 -0.168015
-117.165003528 33.9627450675 -0.18768
-117.118103659 33.940251544 -0.14778
-117.071228425 33.9177400302 -0.136549
-118.891186687 34.8214013107 0.0202349
-118.843359785 34.7995953494 0.134596
-118.795557488 34.7777697222 0.199015
-118.747779802 34.7559244741 0.232561
-118.700026732 34.7340596498 0.303149
-118.652298282 34.7121752942 0.332232
-118.604594456 34.6902714523 0.332537
-118.556915259 34.668348169 0.310813
-118.509260695 34.646405489 0.268771
-118.461630768 34.6244434575 0.237342
-118.414025481 34.6024621192 0.248822
-118.366444839 34.5804615192 0.25723
-118.318888505 34.5584417061 0.244777
-118.271357163 34.5364027173 0.224124
-118.223850476 34.5143446017 0.187228
-118.176368447 34.4922674043 0.133828
-118.12891108 34.47017117 0.121276
-118.081478377 34.4480559439 0.148478
-118.034070341 34.425921771 0.159363
-117.986686975 34.4037686964 0.153259
-117.939328281 34.381596765 0.153918
-117.891994263 34.3594060219 0.15232
-117.844684922 34.3371965123 0.154624
-117.79739992 34.3149682833 0.163318
-117.75013994 34.2927213756 0.173987
-117.702904644 34.2704558365 0.18769
-117.655694033 34.2481717111 0.216482
-117.60850811 34.2258690446 0.236767
-117.561346875 34.2035478821 0.236383
-117.51421033 34.1812082687 0.211249
-117.467098478 34.1588502496 0.244204
-117.420011318 34.1364738698 0.386464
-117.372948852 34.1140791745 0.496619
-117.325911081 34.091666209 0.598202
-117.278898007 34.0692350183 0.49655
-117.231909628 34.0467856475 0.231178
-117.184945948 34.024318142 0.128244
-117.138006965 34.0018325469 0.172772
-117.09109268 33.9793289073 0.182338
-117.044203094 33.9568072685 0.0458534
-118.864744076 34.8608488937 0.0230039
-118.816900359 34.8390331595 0.113045
-118.769081315 34.8171977485 0.149262
-118.721286948 34.7953427055 0.170293
-118.673517262 34.7734680755 0.178144
-118.625772261 34.7515739034 0.169257
-118.578051951 34.7296602341 0.173044
-118.530356336 34.7077271126 0.189366
-118.482685419 34.6857745839 0.192981
-118.435039204 34.6638026929 0.206247
-118.387417695 34.6418114847 0.217139
-118.339820897 34.6198010042 0.209542
-118.292248471 34.5977713002 0.206947
-118.244701103 34.5757224102 0.209852
-118.197178455 34.553654383 0.199677
-118.14968053 34.5315672638 0.184062
-118.102207332 34.5094610975 0.194178
-118.054758864 34.4873359293 0.210016
-118.007335127 34.4651918042 0.227
-117.959936125 34.4430287674 0.251001
-117.912561861 34.4208468638 0.268286
-117.865212336 34.3986461387 0.259585
-117.817887554 34.3764266372 0.267069
-117.770587175 34.3541884066 0.290035
-117.723311883 34.3319314875 0.307544
-117.67606134 34.3096559274 0.297349
-117.628835546 34.2873617714 0.290415
-117.581634503 34.2650490648 0.27117
-117.534458214 34.2427178527 0.253139
-117.48730668 34.2203681803 0.220154
-117.440179901 34.1980000928 0.256007
-117.39307788 34.1756136353 0.340323
-117.346000616 34.1532088531 0.412447
-117.298948112 34.1307857915 0.479217
-117.251920368 34.1083444955 0.370688
-117.204917384 34.0858850105 0.210061
-117.157939161 34.0634073816 0.181542
-117.1109857 34.0409116542 0.299005
-117.064057001 34.0183978735 0.292791
-117.017153064 33.9958660847 0.12243
-118.838276848 34.9002935298 -0.0400718
-118.790416312 34.8784679971 -0.0172235
-118.742580514 34.8566227765 -0.00595029
-118.694769459 34.8347579129 -0.00590101
-118.646983151 34.8128734514 -0.00680214
-118.599221595 34.790969437 -0.00154142
-118.551484795 34.7690459146 0.0112746
-118.503772756 34.7471029293 0.0467074
-118.45608548 34.7251405261 0.0765813
-118.408422972 34.7031587501 0.121909
-118.360785237 34.6811576463 0.136494
-118.313172277 34.6591372598 0.125454
-118.265583754 34.6370976392 0.129594
-118.218020356 34.6150388223 0.146004
-118.170481742 34.5929608581 0.164564
-118.122967918 34.5708637915 0.20077
-118.075478885 34.5487476677 0.216727
-118.028014646 34.5266125319 0.201244
-117.980575205 34.5044584291 0.230998
-117.933160564 34.4822854046 0.305131
-117.885770725 34.4600935035 0.329892
-117.838405691 34.437882771 0.303142
-117.791065463 34.4156532522 0.318829
-117.743749705 34.3934049944 0.375291
-117.696459098 34.3711380386 0.390679
-117.649193303 34.3488524322 0.348675
-117.601952323 34.3265482203 0.327822
-117.55473616 34.3042254483 0.309717
-117.507544813 34.2818841613 0.290051
-117.460378286 34.2595244045 0.262891
-117.413236579 34.2371462234 0.248765
-117.366119694 34.214749663 0.205925
-117.319027631 34.1923347687 0.200373
-117.271960391 34.1699015857 0.171235
-117.224917975 34.1474501593 0.0812621
-117.177900383 34.1249805349 -0.00974826
-117.130907617 34.1024927576 0.0351105
-117.083939676 34.0799868728 0.254871
-117.036996561 34.0574629258 0.267492
-116.990078272 34.0349209619 0.074353
-118.811784836 34.9397306873 -0.125503
-118.763907477 34.91789533 -0.135031
-118.716054922 34.8960402738 -0.136688
-118.668227177 34.8741655638 -0.134218
-118.620424244 34.8522712449 -0.127303
-118.57264613 34.8303573623 -0.12716
-118.524892837 34.808423961 -0.115645
-118.47716437 34.7864710861 -0.0918958
-118.429460734 34.7644987826 -0.0676032
-118.381781931 34.7425070958 -0.0391721
-118.334127966 34.7204960706 -0.0360342
-118.286498842 34.6984657523 -0.0335501
-118.238894222 34.6764161894 -0.0250262
-118.19131479 34.6543474201 -0.00252562
-118.14376021 34.632259493 0.0214657
-118.096230483 34.6101524535 0.0615564
-118.048725614 34.5880263465 0.0703306
-118.001245604 34.5658812175 0.0792194
-117.953790457 34.5437171115 0.11614
-117.906360175 34.5215340737 0.178547
-117.858954761 34.4993321495 0.186724
-117.811574216 34.477111384 0.181986
-117.764218543 34.4548718224 0.199523
-117.716887404 34.4326135121 0.250209
-117.66958148 34.4103364941 0.249176
-117.622300435 34.3880408159 0.230897
-117.575044269 34.3657265227 0.216769
-117.527812983 34.3433936598 0.219963
-117.48060658 34.3210422726 0.200133
-117.43342506 34.2986724062 0.168383
-117.386268425 34.2762841061 0.116994
-117.339136676 34.2538774175 0.0555394
-117.292029813 34.2314523858 0.0172561
-117.244947838 34.2090090563 -0.0444534
-117.197890751 34.1865474743 -0.113601
-117.150858553 34.1640676852 -0.171313
-117.103851244 34.1415697343 -0.109287
-117.056868824 34.119053667 0.0308046
-117.009911294 34.0965195286 0.0157621
-116.962978654 34.0739673645 -0.0825193
-118.785268074 34.979164847 -0.204179
-118.737373886 34.9573196393 -0.230281
-118.689504569 34.9354547218 -0.233793
-118.641660126 34.9135701395 -0.209911
-118.593840564 34.8916659375 -0.204794
-118.546045885 34.8697421609 -0.218835
-118.498276094 34.8477988549 -0.222443
-118.450531195 34.8258360646 -0.222354
-118.402811193 34.8038538352 -0.22144
-118.35511609 34.7818522118 -0.232339
-118.30744589 34.7598312396 -0.234533
-118.259800598 34.7377909638 -0.220997
-118.212179874 34.7157314331 -0.209178
-118.164584406 34.6936526856 -0.194718
-118.117013854 34.6715547702 -0.176986
-118.069468221 34.649437732 -0.160257
-118.021947511 34.6273016164 -0.141919
-117.974451727 34.6051464685 -0.104981
-117.92698087 34.5829723337 -0.0727247
-117.879534944 34.5607792573 -0.0540167
-117.83211395 34.5385672844 -0.0466763
-117.784717891 34.5163364604 -0.0364026
-117.737346769 34.4940868306 -0.019616
-117.690000246 34.4718184423 0.00144195
-117.642679004 34.4495313368 0.00811995
-117.595382704 34.4272255614 0.0165555
-117.548111349 34.4049011615 0.0263014
-117.500864939 34.3825581825 0.0519122
-117.453643476 34.3601966696 0.0388398
-117.406446961 34.3378166683 -0.00868993
-117.359275396 34.315418224 -0.0530707
-117.31212878 34.2930013819 -0.0766926
-117.265007116 34.2705661876 -0.115616
-117.217910404 34.2481126863 -0.17096
-117.170838644 34.2256409235 -0.230167
-117.123791837 34.2031509445 -0.275674
-117.076769984 34.1806427948 -0.273697
-117.029773084 34.1581165198 -0.287036
-116.982801138 34.135572165 -0.293426
-116.935854145 34.1130097756 -0.261061
-118.758726398 35.0185914768 -0.265688
-118.710815377 34.9967363928 -0.289681
-118.662929294 34.9748615879 -0.290563
-118.615068152 34.9529671074 -0.276263
-118.567231955 34.9310529963 -0.279302
-118.51942071 34.9091192999 -0.295612
-118.471634418 34.8871660633 -0.308457
-118.423873085 34.8651933318 -0.322092
-118.376136713 34.8432011505 -0.33541
-118.328425308 34.8211895648 -0.355971
-118.280738872 34.7991586198 -0.356986
-118.233077409 34.7771083608 -0.349607
-118.18544058 34.7550388363 -0.33811
-118.137829073 34.732950085 -0.330223
-118.090242548 34.7108421554 -0.315911
-118.042681008 34.688715093 -0.305999
-117.995144456 34.666568943 -0.27956
-117.947632895 34.6444037507 -0.247915
-117.900146327 34.6222195615 -0.223208
-117.852684755 34.6000164207 -0.216737
-117.805248181 34.5777943737 -0.204456
-117.757836608 34.5555534657 -0.195248
-117.710450036 34.5332937422 -0.178092
-117.663088128 34.5110152503 -0.1679
-117.615751567 34.4887180317 -0.150744
-117.568440013 34.4664021337 -0.136056
-117.521153468 34.4440676016 -0.112515
-117.473891934 34.421714481 -0.092384
-117.426655411 34.3993428172 -0.103332
-117.379443902 34.3769526556 -0.142095
-117.332257406 34.3545440417 -0.169368
-117.285095925 34.3321170208 -0.188085
-117.23795946 34.3096716385 -0.222767
-117.190848011 34.2872079402 -0.269823
-117.14376158 34.2647259713 -0.321514
-117.096700165 34.2422257772 -0.368526
-117.049663768 34.2197074036 -0.402353
-117.002652389 34.1971708957 -0.447157
-116.955666028 34.1746162992 -0.430357
-116.908704685 34.1520436595 -0.382016
