-119.336999976 34.1500010364 -0.401016
-119.289458115 34.1283572771 -0.409357
-119.241939758 34.1066940424 -0.416597
-119.194444913 34.0850113761 -0.421333
-119.146973585 34.063309322 -0.419959
-119.099525778 34.041587924 -0.410695
-119.052101499 34.019847226 -0.397174
-119.004700752 33.9980872718 -0.382113
-118.957323543 33.9763081053 -0.366719
-118.909969877 33.9545097704 -0.35111
-118.86263942 33.9326923162 -0.335158
-118.815332853 33.9108557762 -0.318999
-118.768049843 33.8890001996 -0.303281
-118.720790395 33.8671256304 -0.28892
-118.673554511 33.8452321126 -0.276793
-118.626342198 33.8233196901 -0.267601
-118.579153458 33.801388407 -0.261834
-118.531988297 33.7794383072 -0.25982
-118.484846717 33.7574694348 -0.261983
-118.437728722 33.7354818338 -0.268838
-118.390634316 33.7134755483 -0.260913
-118.343563503 33.6914506223 -0.241555
-118.296516285 33.6694071 -0.231402
-118.24949233 33.6473450287 -0.225916
-118.202492314 33.6252644457 -0.224433
-118.155515903 33.6031653985 -0.226353
-118.1085631 33.5810479314 -0.230854
-118.061633908 33.5589120884 -0.23728
-118.01472833 33.5367579137 -0.245198
-117.967846367 33.5145854513 -0.254235
-117.920988023 33.4923947456 -0.263908
-117.8741533 33.4701858406 -0.273749
-117.827342199 33.4479587805 -0.283472
-117.780554724 33.4257136095 -0.292967
-117.733790875 33.4034503717 -0.302198
-117.687050655 33.3811691115 -0.311087
-117.640334066 33.358869873 -0.319371
-117.593641108 33.3365527004 -0.326387
-117.546971785 33.314217638 -0.330767
-117.500326096 33.2918647299 -0.331976
-119.310966774 34.1895354099 -0.388266
-119.263408189 34.1678823141 -0.397403
-119.215873173 34.1462097316 -0.405381
-119.168361732 34.1245177061 -0.411725
-119.120873871 34.1028062817 -0.409193
-119.073409595 34.0810755023 -0.395997
-119.02596891 34.0593254116 -0.379259
-118.978551822 34.0375560537 -0.362611
-118.931158334 34.0157674726 -0.346432
-118.883788453 33.9939597122 -0.330098
-118.836441844 33.9721328215 -0.312967
-118.789119188 33.9502868343 -0.294987
-118.741820153 33.9284217997 -0.277255
-118.694544742 33.9065377619 -0.261078
-118.64729296 33.8846347647 -0.247491
-118.600064768 33.8627105985 -0.237242
-118.552860257 33.8407698149 -0.230678
-118.505679386 33.8188102042 -0.227656
-118.458522159 33.7968318106 -0.227473
-118.411388581 33.774834678 -0.227274
-118.364278655 33.7528188505 -0.21127
-118.317192384 33.7307843724 -0.202665
-118.270129771 33.7087312878 -0.199605
-118.223090483 33.686659644 -0.19737
-118.176075197 33.6645694785 -0.199148
-118.129083578 33.6424608389 -0.204001
-118.08211563 33.6203337694 -0.210884
-118.035171355 33.5981883141 -0.219212
-117.988250756 33.5760245173 -0.22878
-117.941353835 33.5538424231 -0.239431
-117.894480595 33.5316420757 -0.25047
-117.847631038 33.5094235195 -0.261313
-117.800805165 33.4871867986 -0.271755
-117.75400298 33.4649319572 -0.281848
-117.707224483 33.4426590396 -0.291728
-117.660469677 33.4203680901 -0.301459
-117.613738564 33.3980591529 -0.310861
-117.567031144 33.3757322724 -0.319337
-117.520347419 33.3533874927 -0.323856
-117.473687391 33.3310248582 -0.323624
-119.284909948 34.229062758 -0.371944
-119.237334634 34.2074003001 -0.381434
-119.189782954 34.1857183442 -0.388167
-119.142254913 34.1640169341 -0.389969
-119.094750515 34.1422961138 -0.383882
-119.047269766 34.1205559273 -0.371318
-118.999812672 34.0987964186 -0.354361
-118.952379238 34.0770176317 -0.338166
-118.904969468 34.0552196105 -0.322393
-118.857583368 34.0334023991 -0.306158
-118.810220604 34.0115660465 -0.288161
-118.762881857 33.9897105866 -0.267926
-118.715566793 33.9678360688 -0.247963
-118.668275416 33.9459425369 -0.229856
-118.621007732 33.9240300352 -0.214703
-118.573763743 33.9020986076 -0.203313
-118.526543455 33.8801482985 -0.195769
-118.47934687 33.8581791518 -0.191032
-118.432173992 33.8361912116 -0.186161
-118.385024826 33.8141845223 -0.173889
-118.337899375 33.7921591279 -0.155455
-118.290797641 33.7701150725 -0.162539
-118.243719629 33.7480524005 -0.165429
-118.196665003 33.7259711592 -0.16894
-118.149634443 33.7038713862 -0.174838
-118.102627612 33.6817531292 -0.183141
-118.055644515 33.6596164323 -0.192273
-118.008685154 33.6374613397 -0.202132
-117.96174953 33.6152878958 -0.212897
-117.914837647 33.5930961448 -0.225152
-117.867949508 33.570886131 -0.237239
-117.821085113 33.5486578986 -0.248634
-117.774244465 33.526411492 -0.259298
-117.727427567 33.5041469553 -0.269544
-117.680634419 33.4818643331 -0.279691
-117.633865024 33.4595636695 -0.289979
-117.587119383 33.4372450088 -0.300215
-117.540397498 33.4149083955 -0.309455
-117.49369937 33.3925538738 -0.313753
-117.447025 33.3701814881 -0.312728
-119.258829555 34.2685875614 -0.350945
-119.211237506 34.246915716 -0.360487
-119.163669155 34.2252243613 -0.36384
-119.116124506 34.2035135412 -0.357771
-119.068603565 34.1817832997 -0.348884
-119.021106337 34.1600336808 -0.337413
-118.973632828 34.1382647287 -0.323065
-118.926183041 34.1164764873 -0.30877
-118.878756983 34.0946690007 -0.29403
-118.831354658 34.072842313 -0.278773
-118.783975733 34.0509964733 -0.260162
-118.736620888 34.0291315156 -0.237232
-118.68928979 34.0072474891 -0.215393
-118.641982443 33.985344438 -0.195482
-118.594698851 33.9634224064 -0.178834
-118.547439018 33.9414814386 -0.16663
-118.500202948 33.9195215785 -0.158794
-118.452990646 33.8975428705 -0.153763
-118.405802113 33.8755453588 -0.148906
-118.358637356 33.8535290875 -0.142189
-118.311496375 33.8314941009 -0.135155
-118.264379176 33.8094404432 -0.132417
-118.217285761 33.7873681587 -0.13674
-118.170215796 33.7652772948 -0.145519
-118.123169958 33.7431678892 -0.155022
-118.076147913 33.7210399896 -0.166662
-118.029149664 33.6988936402 -0.177283
-117.982175213 33.6767288854 -0.187628
-117.935224563 33.6545457694 -0.198583
-117.888297716 33.6323443366 -0.212174
-117.841394674 33.6101246313 -0.22434
-117.79451544 33.5878866978 -0.235546
-117.747660015 33.5656305805 -0.245723
-117.700828402 33.5433563238 -0.255538
-117.654020602 33.5210639719 -0.265438
-117.607236616 33.4987535693 -0.275793
-117.560476447 33.4764251603 -0.286325
-117.513740095 33.4540787894 -0.296542
-117.467027562 33.4317145009 -0.300837
-117.42033885 33.4093323392 -0.298385
-119.23272541 34.3081052896 -0.323965
-119.185116623 34.2864240311 -0.330074
-119.137531596 34.264723252 -0.329445
-119.089970336 34.2430029963 -0.321752
-119.042432848 34.221263308 -0.312092
-118.994919136 34.1995042312 -0.300517
-118.947429207 34.1777258102 -0.287261
-118.899963065 34.1559280888 -0.273633
-118.852520715 34.1341111114 -0.259359
-118.805102162 34.112274922 -0.244334
-118.757707072 34.0904195696 -0.225298
-118.710336127 34.0685450886 -0.202827
-118.662988991 34.0466515282 -0.180224
-118.61566567 34.0247389324 -0.158722
-118.568366168 34.0028073457 -0.140789
-118.521090488 33.9808568121 -0.128531
-118.473838635 33.9588873759 -0.121868
-118.426610612 33.9368990813 -0.118667
-118.379406423 33.9148919727 -0.117727
-118.332226072 33.8928660942 -0.118163
-118.285069561 33.8708214902 -0.115911
-118.237936894 33.8487582049 -0.115772
-118.190828074 33.8266762826 -0.124635
-118.143742767 33.8045757709 -0.135087
-118.09668165 33.7824567076 -0.14707
-118.04964439 33.7603191403 -0.159592
-118.002630987 33.7381631134 -0.170974
-117.955641446 33.7159886712 -0.180052
-117.908675768 33.693795858 -0.189936
-117.861733956 33.6715847184 -0.200792
-117.814816012 33.6493552966 -0.211548
-117.767921937 33.627107637 -0.22167
-117.721051735 33.604841784 -0.230546
-117.674205406 33.5825577822 -0.239374
-117.627382952 33.5602556757 -0.248555
-117.580584376 33.5379355092 -0.257907
-117.533809678 33.515597327 -0.267873
-117.487058859 33.4932411736 -0.277578
-117.440331922 33.4708670934 -0.281415
-117.393628867 33.4484751309 -0.279638
-119.20659757 34.3476204235 -0.291269
-119.158972036 34.3259297264 -0.29318
-119.111370328 34.3042194974 -0.290331
-119.063792449 34.2824897806 -0.282781
-119.016238407 34.2607406202 -0.272987
-118.968708206 34.2389720601 -0.260861
-118.921201851 34.2171841447 -0.247718
-118.873719348 34.1953769181 -0.233973
-118.8262607 34.1735504244 -0.220178
-118.778825913 34.1517047079 -0.205526
-118.731414652 34.1298398176 -0.187617
-118.6840276 34.107955788 -0.166582
-118.636664422 34.0860526683 -0.144317
-118.589325122 34.0641305027 -0.121556
-118.542009704 34.0421893354 -0.103283
-118.494718173 34.0202292109 -0.0909555
-118.447450531 33.9982501733 -0.087745
-118.400206783 33.9762522669 -0.0868439
-118.352986932 33.9542355362 -0.0914386
-118.305790982 33.9322000253 -0.0977328
-118.258618936 33.9101457787 -0.103163
-118.211470797 33.8880728407 -0.112013
-118.164346568 33.8659812556 -0.121936
-118.117245915 33.843871071 -0.132466
-118.070169516 33.8217423248 -0.144412
-118.023117035 33.7995950648 -0.157465
-117.976088476 33.7774293352 -0.168007
-117.929083841 33.7552451806 -0.174508
-117.882103131 33.7330426453 -0.181196
-117.835146351 33.7108217738 -0.187533
-117.7882135 33.6885826105 -0.19561
-117.741304582 33.6663251999 -0.203974
-117.694419599 33.6440495864 -0.211416
-117.647558552 33.6217558144 -0.219289
-117.600721442 33.5994439286 -0.227374
-117.553908272 33.5771139732 -0.234849
-117.507119043 33.554765993 -0.243543
-117.460353756 33.5324000322 -0.252784
-117.413612411 33.5100161355 -0.257267
-117.366895012 33.4876143474 -0.256394
-119.180445852 34.3871284322 -0.254451
-119.132803567 34.365428271 -0.252047
-119.085185172 34.3437085665 -0.247088
-119.037590672 34.321969363 -0.240289
-118.990020072 34.3002107047 -0.230608
-118.942473377 34.2784326358 -0.218175
-118.894950593 34.2566352005 -0.205133
-118.847451724 34.234818443 -0.191986
-118.799976775 34.2129824076 -0.179373
-118.752525751 34.1911271386 -0.165927
-118.705098317 34.1692526848 -0.149781
-118.657695155 34.1473590812 -0.130681
-118.610315931 34.1254463767 -0.11028
-118.56296065 34.1035146158 -0.0905522
-118.515629314 34.0815638427 -0.0745427
-118.468321928 34.0595941018 -0.0634235
-118.421038495 34.0376054374 -0.0571854
-118.37377902 34.015597894 -0.0615277
-118.326543505 33.9935715158 -0.0734836
-118.279331954 33.9715263473 -0.0856539
-118.232144371 33.9494624328 -0.0976488
-118.184980758 33.9273798168 -0.110674
-118.137841119 33.9052785437 -0.118239
-118.090725118 33.8831586609 -0.127146
-118.043633435 33.8610202067 -0.137631
-117.996565733 33.8388632287 -0.149024
-117.949522015 33.8166877714 -0.157032
-117.902502285 33.7944938792 -0.161723
-117.855506543 33.7722815967 -0.165082
-117.808534793 33.7500509682 -0.167824
-117.761587036 33.7278020384 -0.172062
-117.714663274 33.7055348516 -0.178092
-117.667763509 33.6832494525 -0.18446
-117.620887743 33.6609458855 -0.19175
-117.574035977 33.6386241952 -0.198653
-117.527208214 33.6162844262 -0.204722
-117.480404453 33.5939266229 -0.211777
-117.433624696 33.5715508299 -0.219571
-117.386868946 33.5491570918 -0.224983
-117.340137201 33.5267454532 -0.229283
-119.154270307 34.4266337968 -0.215141
-119.106611265 34.4049241458 -0.208208
-119.058976177 34.3831949403 -0.201564
-119.011365048 34.3614462247 -0.195964
-118.963777884 34.3396780431 -0.185652
-118.91621469 34.3178904399 -0.172148
-118.86867547 34.2960834592 -0.159486
-118.82116023 34.2742571455 -0.147639
-118.773668974 34.2524115429 -0.137015
-118.726201706 34.2305466959 -0.125629
-118.678758093 34.2086626534 -0.111326
-118.631338816 34.1867594503 -0.0938721
-118.583943542 34.1648371358 -0.0764563
-118.536572273 34.1428957542 -0.0619125
-118.489225013 34.12093535 -0.0484641
-118.441901768 34.0989559675 -0.038691
-118.394602539 34.0769576511 -0.0356762
-118.347327332 34.0549404452 -0.0427876
-118.300076148 34.0329043944 -0.0603774
-118.252848993 34.010849543 -0.0760965
-118.205645868 33.9887759355 -0.0900205
-118.158466777 33.9666836163 -0.099976
-118.111311723 33.9445726299 -0.107615
-118.064180371 33.9224430238 -0.115223
-118.017073399 33.9002948365 -0.123968
-117.969990472 33.8781281155 -0.132258
-117.922931593 33.8559429053 -0.138335
-117.875896763 33.8337392505 -0.141711
-117.828885986 33.8115171957 -0.142594
-117.781899263 33.7892767852 -0.141519
-117.734936596 33.7670180638 -0.142124
-117.687997987 33.744741076 -0.14573
-117.641083438 33.7224458663 -0.150505
-117.59419295 33.7001324793 -0.157502
-117.547326526 33.6778009596 -0.163938
-117.500484165 33.6554513519 -0.168397
-117.453665871 33.6330837006 -0.174396
-117.406871643 33.6106980506 -0.180682
-117.360101483 33.5882944462 -0.189773
-117.313355392 33.5658729322 -0.201429
-119.128070757 34.4661319862 -0.175286
-119.080394953 34.4444128197 -0.165092
-119.032743168 34.4226740877 -0.156725
-118.985115407 34.4009158342 -0.149526
-118.937511675 34.3791381037 -0.135935
-118.889931977 34.3573409405 -0.120999
-118.842376318 34.335524389 -0.108862
-118.794844703 34.3136884934 -0.100297
-118.747337136 34.2918332981 -0.0923023
-118.699853622 34.2699588476 -0.0825722
-118.652393827 34.2480651908 -0.0691966
-118.604958772 34.2261523583 -0.0534663
-118.557547104 34.2042204127 -0.0379438
-118.510159845 34.182269385 -0.0266212
-118.46279666 34.1602993242 -0.0181673
-118.415457552 34.1383102746 -0.0132233
-118.368142526 34.1163022808 -0.0147489
-118.320851584 34.0942753872 -0.0250944
-118.27358473 34.0722296383 -0.041817
-118.226341967 34.0501650787 -0.0579915
-118.179123299 34.0280817528 -0.0714505
-118.131928728 34.0059797052 -0.0798926
-118.084758258 33.9838589803 -0.0875496
-118.037611553 33.9617196257 -0.0947939
-117.990489291 33.93956168 -0.102354
-117.943391138 33.9173851907 -0.109428
-117.896317096 33.8951902025 -0.11405
-117.849267167 33.8729767599 -0.115817
-117.802241353 33.8507449075 -0.114576
-117.755239656 33.82849469 -0.111129
-117.708262079 33.8062261519 -0.108188
-117.661308622 33.7839393379 -0.10674
-117.614379288 33.7616342925 -0.108678
-117.567474079 33.7393110605 -0.115756
-117.520592995 33.7169696865 -0.121862
-117.473736039 33.6946102151 -0.127085
-117.42690321 33.672232691 -0.133723
-117.380094511 33.6498371588 -0.143824
-117.333309943 33.6274236633 -0.158344
-117.286549505 33.6049922491 -0.176938
-119.10184725 34.5056274814 -0.136426
-119.054154678 34.4838987739 -0.123207
-119.006486189 34.4621504896 -0.113256
-118.958841789 34.4403826728 -0.105239
-118.911221483 34.4185953679 -0.0880212
-118.863625275 34.3967886193 -0.0689297
-118.816053171 34.3749624713 -0.0567074
-118.768505175 34.3531169684 -0.0524732
-118.720981292 34.331252155 -0.046739
-118.673481527 34.3093680755 -0.0377179
-118.626005883 34.2874647745 -0.0237884
-118.578554365 34.2655422963 -0.00661794
-118.531126638 34.2436006897 0.00687113
-118.483723384 34.2216399906 0.0131272
-118.436344268 34.1996602478 0.0159233
-118.388989293 34.1776615058 0.0165007
-118.341658464 34.1556438093 0.0127381
-118.294351783 34.1336072026 0.00283369
-118.247069254 34.1115517305 -0.0111385
-118.19981088 34.0894774373 -0.027037
-118.152576664 34.0673843678 -0.0402488
-118.105366609 34.0452725665 -0.0499759
-118.058180718 34.0231420779 -0.0588526
-118.011018656 34.0009929496 -0.0660656
-117.963881102 33.9788252203 -0.0734487
-117.916767719 33.9566389376 -0.0805534
-117.86967851 33.9344341463 -0.0845113
-117.822613478 33.9122108908 -0.0851304
-117.775572624 33.8899692158 -0.0830907
-117.72855595 33.8677091661 -0.0784564
-117.681563459 33.8454307863 -0.0727715
-117.634595152 33.8231341211 -0.0648231
-117.587651031 33.8008192151 -0.0656517
-117.540731097 33.778486113 -0.0749894
-117.493835351 33.7561348596 -0.0828681
-117.446963796 33.7337654996 -0.0892475
-117.400116431 33.7113780776 -0.0991018
-117.353293259 33.6889726385 -0.11505
-117.306494279 33.6665492269 -0.134211
-117.259719494 33.6441078875 -0.159653
-119.075599609 34.5451157512 -0.0996662
-119.027890264 34.523377477 -0.0877883
-118.980205068 34.5016196148 -0.077593
-118.932544025 34.479842209 -0.0645394
-118.884907141 34.458045304 -0.0448313
-118.83729442 34.4362289442 -0.0227972
-118.789705867 34.4143931742 -0.00997235
-118.742141487 34.3925380384 -0.00630525
-118.694601285 34.3706635812 -0.00119128
-118.647085264 34.3487698472 0.0087152
-118.59959343 34.326856881 0.0252236
-118.552125786 34.3049247269 0.0459283
-118.504681997 34.2829734338 0.058913
-118.457262745 34.2610030377 0.0575298
-118.409867696 34.2390135875 0.0569445
-118.362496852 34.2170051277 0.0559329
-118.315150218 34.1949777029 0.0523476
-118.267827795 34.1729313578 0.0437511
-118.220529589 34.150866137 0.0312114
-118.173255602 34.128782085 0.0154465
-118.126005837 34.1066792465 0.00162505
-118.078780297 34.0845576662 -0.010491
-118.031578984 34.0624173886 -0.0215921
-117.984401564 34.0402584612 -0.0290847
-117.937248715 34.0180809231 -0.036754
-117.890120101 33.9958848218 -0.0439534
-117.843015725 33.973670202 -0.0486373
-117.795935588 33.9514371084 -0.0496741
-117.748879694 33.9291855858 -0.048465
-117.701848043 33.9069156787 -0.0454236
-117.654840638 33.884627432 -0.0411189
-117.60785748 33.8623208904 -0.0361227
-117.56089857 33.8399960987 -0.0408211
-117.513963912 33.8176531015 -0.0516902
-117.467053504 33.7952919437 -0.0636475
-117.42016735 33.77291267 -0.0744605
-117.37330545 33.7505153252 -0.0901935
-117.326467804 33.7280999541 -0.108144
-117.279654414 33.7056666015 -0.129562
-117.232865281 33.6832153121 -0.15127
-119.04932788 34.5846012766 -0.0634669
-119.001601757 34.5628534101 -0.0550412
-118.953899846 34.5410859444 -0.0433287
-118.906222154 34.5192989239 -0.0246698
-118.858568686 34.4974923933 -0.00300679
-118.810939445 34.4756663969 0.0215957
-118.763334438 34.4538209793 0.0353695
-118.715753669 34.431956185 0.0375822
-118.668197141 34.4100720586 0.0435387
-118.62066486 34.3881686446 0.0548975
-118.57315683 34.3662459877 0.0739577
-118.525673054 34.3443041323 0.10108
-118.478213198 34.3223431273 0.115883
-118.430777944 34.3003630088 0.111501
-118.383366956 34.2783638257 0.11063
-118.335980238 34.2563456228 0.107009
-118.288617794 34.2343084445 0.101747
-118.241279626 34.2122523356 0.0927773
-118.193965738 34.1901773407 0.0795831
-118.146676134 34.1680835046 0.0636202
-118.099410815 34.1459708718 0.0495609
-118.052169785 34.1238394872 0.0363717
-118.004953047 34.1016893954 0.0253904
-117.957760264 34.0795206437 0.0163353
-117.910592117 34.0573332716 0.00814441
-117.863448269 34.0351273265 -0.000449255
-117.816328722 34.0129028531 -0.00748075
-117.769233478 33.9906598963 -0.00978728
-117.722162539 33.9683985007 -0.0119354
-117.675115908 33.9461187112 -0.0133117
-117.628093586 33.9238205726 -0.0146824
-117.581095574 33.9015041296 -0.0177307
-117.534121875 33.879169427 -0.0267673
-117.487172488 33.8568165097 -0.0414856
-117.440247417 33.8344454225 -0.057498
-117.393346662 33.8120562101 -0.0752227
-117.346470223 33.7896489175 -0.0943648
-117.299618102 33.7672235895 -0.113995
-117.2527903 33.7447802709 -0.132882
-117.205986817 33.7223190065 -0.146609
-119.023031889 34.6240795263 -0.0234037
-118.975288982 34.6023220417 -0.0131564
-118.927570354 34.5805449467 0.000638768
-118.879876009 34.5587482859 0.0186338
-118.832205953 34.5369321038 0.038961
-118.784560189 34.5150964451 0.0615916
-118.736938724 34.4932413542 0.0748426
-118.689341562 34.4713668759 0.0817399
-118.641768706 34.4494730546 0.0901742
-118.594220161 34.427559935 0.101899
-118.546695932 34.4056275618 0.120948
-118.499196023 34.3836759796 0.144475
-118.451720097 34.361705237 0.156673
-118.404268837 34.3397153706 0.159241
-118.356841909 34.3177064292 0.159359
-118.309439315 34.2956784575 0.157302
-118.262061059 34.2736315003 0.151499
-118.214707144 34.2515656021 0.14003
-118.167377573 34.2294808078 0.125939
-118.120072349 34.2073771621 0.112025
-118.072791475 34.1852547097 0.100056
-118.025534954 34.1631134954 0.0891426
-117.978302789 34.140953564 0.0804765
-117.931094643 34.1187749628 0.0731689
-117.883911196 34.0965777313 0.0659576
-117.836752112 34.074361917 0.0530169
-117.789617394 34.0521275648 0.042357
-117.742507042 34.0298747195 0.0346211
-117.695421059 34.0076034258 0.0268246
-117.648359447 33.9853137287 0.0187383
-117.601322207 33.9630056729 0.0101013
-117.554309341 33.9406793033 0.00027812
-117.507320851 33.9183346648 -0.0133893
-117.460356738 33.8959718023 -0.0307102
-117.413417002 33.8735907606 -0.0492831
-117.366501646 33.8511915845 -0.0698435
-117.319610669 33.8287743191 -0.0902745
-117.272744074 33.8063390091 -0.110985
-117.22590186 33.7838856995 -0.127641
-117.179084028 33.7614144352 -0.1395
-118.996711678 34.6635549813 0.0231359
-118.948951982 34.6417878529 0.0376609
-118.90121663 34.620001103 0.0535474
-118.853505626 34.5981947762 0.0684717
-118.805818976 34.5763689172 0.0844131
-118.758156684 34.5545235705 0.103666
-118.710518755 34.5326587808 0.116245
-118.662905193 34.5107745928 0.127797
-118.615316004 34.4888710511 0.136619
-118.56775119 34.4669482004 0.146607
-118.520210757 34.4450060854 0.161979
-118.472694708 34.4230447508 0.179789
-118.425202707 34.4010642453 0.191524
-118.377735438 34.3790646055 0.19756
-118.330292564 34.3570458804 0.200937
-118.282874089 34.3350081146 0.203002
-118.235480017 34.3129513529 0.196811
-118.188110349 34.2908756401 0.181286
-118.140765091 34.268781021 0.167663
-118.093444243 34.2466675403 0.15746
-118.046147811 34.224535243 0.148744
-117.998875795 34.2023841737 0.141979
-117.951628199 34.1802143774 0.137538
-117.904404686 34.1580259013 0.136037
-117.857205936 34.1358187853 0.128589
-117.810031613 34.1135930767 0.109989
-117.762881719 34.0913488204 0.0960474
-117.715756256 34.0690860614 0.0828286
-117.668655226 34.0468048444 0.0687248
-117.62157863 34.0245052145 0.053022
-117.57452647 34.0021872165 0.037137
-117.527498748 33.9798508952 0.0216511
-117.480495464 33.9574962957 0.0040865
-117.433516621 33.9351234628 -0.0146234
-117.386562219 33.9127324415 -0.0343837
-117.339632259 33.8903232767 -0.0550182
-117.292726743 33.8678960134 -0.0764997
-117.245845671 33.8454506965 -0.0983188
-117.198989043 33.822987371 -0.116001
-117.152156861 33.8005060818 -0.128272
-118.970367076 34.70302311 0.0764768
-118.922590586 34.681246312 0.10295
-118.874838505 34.6594498814 0.125241
-118.827110839 34.6376338629 0.136921
-118.779407591 34.6157983011 0.147706
-118.731728767 34.5939432407 0.158713
-118.684074372 34.5720687265 0.166498
-118.636444408 34.5501748031 0.174237
-118.588838882 34.5282615153 0.179319
-118.541257797 34.5063289078 0.187293
-118.493701157 34.4843770254 0.198029
-118.446168966 34.4624059128 0.211531
-118.398660888 34.4404156188 0.221226
-118.351177606 34.4184061801 0.229027
-118.303718785 34.3963776456 0.233123
-118.256284427 34.3743300601 0.23528
-118.208874536 34.3522634685 0.227318
-118.161489115 34.3301779156 0.213665
-118.114128167 34.3080734462 0.201266
-118.066791695 34.2859501052 0.19346
-118.019479701 34.2638079374 0.186448
-117.972192189 34.2416469878 0.182734
-117.924929161 34.2194673012 0.180419
-117.87769028 34.1972689249 0.181139
-117.830476226 34.1750518989 0.175811
-117.783286664 34.1528162707 0.16482
-117.736121594 34.1305620851 0.152841
-117.688981019 34.1082893871 0.136992
-117.641864941 34.0859982216 0.117959
-117.594773361 34.0636886337 0.0956694
-117.54770628 34.0413606681 0.0732797
-117.500663701 34.01901437 0.0515688
-117.453645625 33.9966497843 0.0304838
-117.406652052 33.974266956 0.0103989
-117.359682983 33.95186593 -0.00963582
-117.312738421 33.9294467514 -0.0302949
-117.265818365 33.9070094651 -0.0522424
-117.218922817 33.8845541163 -0.0751753
-117.172051776 33.8620807498 -0.0952457
-117.125205244 33.8395894107 -0.113896
-118.943998122 34.7424883935 0.132929
-118.896204833 34.7207019002 0.177734
-118.848436018 34.6988957632 0.209219
-118.800691683 34.6770700273 0.217033
-118.752971832 34.6552247371 0.222633
-118.70527647 34.6333599374 0.225367
-118.657605601 34.611475673 0.226369
-118.60995923 34.5895719887 0.226756
-118.562337362 34.5676489292 0.226923
-118.51474 34.5457065393 0.231809
-118.467167148 34.523744864 0.237843
-118.41961881 34.5017639479 0.247282
-118.372094649 34.4797638397 0.254515
-118.324595351 34.4577445766 0.261977
-118.277120577 34.4357062073 0.264507
-118.229670332 34.4136487767 0.264362
-118.182244618 34.3915723298 0.256066
-118.134843438 34.3694769113 0.244198
-118.087466797 34.3473625662 0.233373
-118.040114696 34.3252293395 0.226903
-117.992787138 34.303077276 0.221032
-117.945484125 34.2809064206 0.217888
-117.898205661 34.2587168184 0.217132
-117.850951409 34.2365085166 0.220025
-117.803722048 34.2142815554 0.221464
-117.756517243 34.1920359822 0.222223
-117.709336994 34.169771842 0.214557
-117.662181304 34.1474891798 0.1977
-117.615050175 34.1251880406 0.174943
-117.567943608 34.1028684694 0.146768
-117.520861604 34.0805305113 0.117521
-117.473804165 34.0581742111 0.0898594
-117.426771293 34.0357996141 0.0650403
-117.379762988 34.0134067652 0.0442179
-117.332779251 33.9909957094 0.0228149
-117.285820084 33.9685664919 0.00182715
-117.238885487 33.9461191577 -0.0228277
-117.19197546 33.9236537518 -0.0474013
-117.145090005 33.9011703193 -0.0733127
-117.098229122 33.8786689054 -0.100853
-118.917604646 34.7819463001 0.182628
-118.869794553 34.7601500856 0.248903
-118.822009001 34.7383342164 0.293845
-118.774247993 34.7164987372 0.306971
-118.726511536 34.6946436928 0.315075
-118.678799632 34.6727691281 0.313225
-118.631112288 34.6508750877 0.312758
-118.583449507 34.6289616167 0.305168
-118.535811293 34.6070287598 0.30303
-118.488197651 34.5850765619 0.300379
-118.440608585 34.5631050679 0.303681
-118.393044097 34.5411143226 0.306828
-118.345503852 34.5191043748 0.312447
-118.297988534 34.4970752616 0.314539
-118.250497806 34.4750270319 0.314993
-118.203031672 34.4529597307 0.31006
-118.155590133 34.4308734028 0.301788
-118.108173194 34.4087680932 0.290763
-118.060780857 34.386643847 0.28215
-118.013413126 34.364500709 0.275386
-117.966070002 34.3423387242 0.270487
-117.918751488 34.3201579377 0.267135
-117.871457587 34.2979583945 0.26838
-117.824187962 34.2757401418 0.273901
-117.776943294 34.2535032199 0.280598
-117.729723244 34.2312476765 0.28655
-117.682527816 34.2089735563 0.282528
-117.635357011 34.1866809046 0.267775
-117.58821083 34.1643697664 0.242765
-117.541089276 34.1420401867 0.209317
-117.493992349 34.1196922107 0.173657
-117.446920051 34.0973258833 0.140077
-117.399872383 34.0749412498 0.11201
-117.352849346 34.0525383551 0.0880923
-117.305850941 34.0301172444 0.0630631
-117.25887717 34.0076779629 0.0347421
-117.211928032 33.9852205555 0.00278251
-117.165003528 33.9627450675 -0.0293821
-117.118103659 33.940251544 -0.0625823
-117.071228425 33.9177400302 -0.0935313
-118.891186687 34.8214013107 0.209714
-118.843359785 34.7995953494 0.30046
-118.795557488 34.7777697222 0.352301
-118.747779802 34.7559244741 0.370653
-118.700026732 34.7340596498 0.382927
-118.652298282 34.7121752942 0.383943
-118.604594456 34.6902714523 0.384698
-118.556915259 34.668348169 0.37497
-118.509260695 34.646405489 0.371997
-118.461630768 34.6244434575 0.365968
-118.414025481 34.6024621192 0.367298
-118.366444839 34.5804615192 0.368446
-118.318888505 34.5584417061 0.372525
-118.271357163 34.5364027173 0.371519
-118.223850476 34.5143446017 0.370622
-118.176368447 34.4922674043 0.363009
-118.12891108 34.47017117 0.356039
-118.081478377 34.4480559439 0.347539
-118.034070341 34.425921771 0.340898
-117.986686975 34.4037686964 0.335273
-117.939328281 34.381596765 0.331355
-117.891994263 34.3594060219 0.328483
-117.844684922 34.3371965123 0.331289
-117.79739992 34.3149682833 0.339735
-117.75013994 34.2927213756 0.34938
-117.702904644 34.2704558365 0.359064
-117.655694033 34.2481717111 0.358584
-117.60850811 34.2258690446 0.346808
-117.561346875 34.2035478821 0.318462
-117.51421033 34.1812082687 0.278083
-117.467098478 34.1588502496 0.23342
-117.420011318 34.1364738698 0.19441
-117.372948852 34.1140791745 0.16147
-117.325911081 34.091666209 0.135015
-117.278898007 34.0692350183 0.102477
-117.231909628 34.0467856475 0.062658
-117.184945948 34.024318142 0.0206752
-117.138006965 34.0018325469 -0.0219694
-117.09109268 33.9793289073 -0.0605201
-117.044203094 33.9568072685 -0.092121
-118.864744076 34.8608488937 0.193735
-118.816900359 34.8390331595 0.261214
-118.769081315 34.8171977485 0.298477
-118.721286948 34.7953427055 0.327531
-118.673517262 34.7734680755 0.344026
-118.625772261 34.7515739034 0.360091
-118.578051951 34.7296602341 0.367289
-118.530356336 34.7077271126 0.373638
-118.482685419 34.6857745839 0.377026
-118.435039204 34.6638026929 0.379953
-118.387417695 34.6418114847 0.385041
-118.339820897 34.6198010042 0.392742
-118.292248471 34.5977713002 0.401022
-118.244701103 34.5757224102 0.406914
-118.197178455 34.553654383 0.411836
-118.14968053 34.5315672638 0.410833
-118.102207332 34.5094610975 0.411226
-118.054758864 34.4873359293 0.407111
-118.007335127 34.4651918042 0.406716
-117.959936125 34.4430287674 0.403682
-117.912561861 34.4208468638 0.405575
-117.865212336 34.3986461387 0.405083
-117.817887554 34.3764266372 0.413504
-117.770587175 34.3541884066 0.421288
-117.723311883 34.3319314875 0.435483
-117.67606134 34.3096559274 0.444951
-117.628835546 34.2873617714 0.449347
-117.581634503 34.2650490648 0.435825
-117.534458214 34.2427178527 0.403364
-117.48730668 34.2203681803 0.346205
-117.440179901 34.1980000928 0.291491
-117.39307788 34.1756136353 0.244389
-117.346000616 34.1532088531 0.206765
-117.298948112 34.1307857915 0.171146
-117.251920368 34.1083444955 0.129926
-117.204917384 34.0858850105 0.0801002
-117.157939161 34.0634073816 0.0299921
-117.1109857 34.0409116542 -0.0195417
-117.064057001 34.0183978735 -0.0614378
-117.017153064 33.9958660847 -0.096143
-118.838276848 34.9002935298 0.137915
-118.790416312 34.8784679971 0.159814
-118.742580514 34.8566227765 0.184412
-118.694769459 34.8347579129 0.217263
-118.646983151 34.8128734514 0.243561
-118.599221595 34.790969437 0.271291
-118.551484795 34.7690459146 0.292147
-118.503772756 34.7471029293 0.31576
-118.45608548 34.7251405261 0.330499
-118.408422972 34.7031587501 0.342765
-118.360785237 34.6811576463 0.355286
-118.313172277 34.6591372598 0.371585
-118.265583754 34.6370976392 0.38696
-118.218020356 34.6150388223 0.403479
-118.170481742 34.5929608581 0.415952
-118.122967918 34.5708637915 0.42594
-118.075478885 34.5487476677 0.432746
-118.028014646 34.5266125319 0.435593
-117.980575205 34.5044584291 0.439812
-117.933160564 34.4822854046 0.443008
-117.885770725 34.4600935035 0.449361
-117.838405691 34.437882771 0.455359
-117.791065463 34.4156532522 0.466089
-117.743749705 34.3934049944 0.475253
-117.696459098 34.3711380386 0.490069
-117.649193303 34.3488524322 0.50221
-117.601952323 34.3265482203 0.508164
-117.55473616 34.3042254483 0.496932
-117.507544813 34.2818841613 0.457733
-117.460378286 34.2595244045 0.379284
-117.413236579 34.2371462234 0.317295
-117.366119694 34.214749663 0.266946
-117.319027631 34.1923347687 0.224712
-117.271960391 34.1699015857 0.181237
-117.224917975 34.1474501593 0.134435
-117.177900383 34.1249805349 0.0770877
-117.130907617 34.1024927576 0.0238615
-117.083939676 34.0799868728 -0.028594
-117.036996561 34.0574629258 -0.071292
-116.990078272 34.0349209619 -0.107648
-118.811784836 34.9397306873 0.0711761
-118.763907477 34.91789533 0.0713408
-118.716054922 34.8960402738 0.0860711
-118.668227177 34.8741655638 0.11322
-118.620424244 34.8522712449 0.141604
-118.57264613 34.8303573623 0.169328
-118.524892837 34.808423961 0.193926
-118.47716437 34.7864710861 0.219751
-118.429460734 34.7644987826 0.236434
-118.381781931 34.7425070958 0.252525
-118.334127966 34.7204960706 0.265545
-118.286498842 34.6984657523 0.284168
-118.238894222 34.6764161894 0.298238
-118.19131479 34.6543474201 0.317191
-118.14376021 34.632259493 0.327844
-118.096230483 34.6101524535 0.343056
-118.048725614 34.5880263465 0.347898
-118.001245604 34.5658812175 0.357152
-117.953790457 34.5437171115 0.35912
-117.906360175 34.5215340737 0.369172
-117.858954761 34.4993321495 0.373458
-117.811574216 34.477111384 0.387259
-117.764218543 34.4548718224 0.394342
-117.716887404 34.4326135121 0.409158
-117.66958148 34.4103364941 0.418731
-117.622300435 34.3880408159 0.4353
-117.575044269 34.3657265227 0.436305
-117.527812983 34.3433936598 0.431142
-117.48060658 34.3210422726 0.387022
-117.43342506 34.2986724062 0.322931
-117.386268425 34.2762841061 0.26346
-117.339136676 34.2538774175 0.217829
-117.292029813 34.2314523858 0.172893
-117.244947838 34.2090090563 0.131968
-117.197890751 34.1865474743 0.0840895
-117.150858553 34.1640676852 0.034789
-117.103851244 34.1415697343 -0.0150956
-117.056868824 34.119053667 -0.0612867
-117.009911294 34.0965195286 -0.0993123
-116.962978654 34.0739673645 -0.126763
-118.785268074 34.979164847 0.0122709
-118.737373886 34.9573196393 -0.000491603
-118.689504569 34.9354547218 0.00542795
-118.641660126 34.9135701395 0.0283671
-118.593840564 34.8916659375 0.0514998
-118.546045885 34.8697421609 0.0724135
-118.498276094 34.8477988549 0.093107
-118.450531195 34.8258360646 0.112459
-118.402811193 34.8038538352 0.127397
-118.35511609 34.7818522118 0.139513
-118.30744589 34.7598312396 0.151209
-118.259800598 34.7377909638 0.164077
-118.212179874 34.7157314331 0.175642
-118.164584406 34.6936526856 0.186612
-118.117013854 34.6715547702 0.19601
-118.069468221 34.649437732 0.205945
-118.021947511 34.6273016164 0.211795
-117.974451727 34.6051464685 0.217627
-117.92698087 34.5829723337 0.221799
-117.879534944 34.5607792573 0.229119
-117.83211395 34.5385672844 0.236502
-117.784717891 34.5163364604 0.248904
-117.737346769 34.4940868306 0.25842
-117.690000246 34.4718184423 0.269872
-117.642679004 34.4495313368 0.280167
-117.595382704 34.4272255614 0.292107
-117.548111349 34.4049011615 0.295242
-117.500864939 34.3825581825 0.291235
-117.453643476 34.3601966696 0.259414
-117.406446961 34.3378166683 0.21382
-117.359275396 34.315418224 0.166599
-117.31212878 34.2930013819 0.126331
-117.265007116 34.2705661876 0.0866646
-117.217910404 34.2481126863 0.0498669
-117.170838644 34.2256409235 0.0102615
-117.123791837 34.2031509445 -0.0266163
-117.076769984 34.1806427948 -0.0670062
-117.029773084 34.1581165198 -0.105328
-116.982801138 34.135572165 -0.133448
-116.935854145 34.1130097756 -0.146785
-118.758726398 35.0185914768 -0.0318357
-118.710815377 34.9967363928 -0.044074
-118.662929294 34.9748615879 -0.0399533
-118.615068152 34.9529671074 -0.0256018
-118.567231955 34.9310529963 -0.00807956
-118.51942071 34.9091192999 0.00707209
-118.471634418 34.8871660633 0.0242044
-118.423873085 34.8651933318 0.0378969
-118.376136713 34.8432011505 0.0512401
-118.328425308 34.8211895648 0.060017
-118.280738872 34.7991586198 0.0711192
-118.233077409 34.7771083608 0.0792224
-118.18544058 34.7550388363 0.0894879
-118.137829073 34.732950085 0.0954861
-118.090242548 34.7108421554 0.104827
-118.042681008 34.688715093 0.110126
-117.995144456 34.666568943 0.117541
-117.947632895 34.6444037507 0.120483
-117.900146327 34.6222195615 0.127613
-117.852684755 34.6000164207 0.132193
-117.805248181 34.5777943737 0.14272
-117.757836608 34.5555534657 0.151283
-117.710450036 34.5332937422 0.163051
-117.663088128 34.5110152503 0.170658
-117.615751567 34.4887180317 0.182293
-117.568440013 34.4664021337 0.188503
-117.521153468 34.4440676016 0.19339
-117.473891934 34.421714481 0.186257
-117.426655411 34.3993428172 0.164612
-117.379443902 34.3769526556 0.129682
-117.332257406 34.3545440417 0.0945006
-117.285095925 34.3321170208 0.0585606
-117.23795946 34.3096716385 0.025804
-117.190848011 34.2872079402 -0.00772426
-117.14376158 34.2647259713 -0.0389606
-117.096700165 34.2422257772 -0.0701502
-117.049663768 34.2197074036 -0.101691
-117.002652389 34.1971708957 -0.131798
-116.955666028 34.1746162992 -0.150814
-116.908704685 34.1520436595 -0.160786
