-119.336999976 34.1500010364 -0.515537
-119.289458115 34.1283572771 -0.526558
-119.241939758 34.1066940424 -0.536361
-119.194444913 34.0850113761 -0.543174
-119.146973585 34.063309322 -0.54232
-119.099525778 34.041587924 -0.531415
-119.052101499 34.019847226 -0.515035
-119.004700752 33.9980872718 -0.496653
-118.957323543 33.9763081053 -0.477811
-118.909969877 33.9545097704 -0.458633
-118.86263942 33.9326923162 -0.438933
-118.815332853 33.9108557762 -0.418873
-118.768049843 33.8890001996 -0.399279
-118.720790395 33.8671256304 -0.381324
-118.673554511 33.8452321126 -0.366117
-118.626342198 33.8233196901 -0.354549
-118.579153458 33.801388407 -0.347253
-118.531988297 33.7794383072 -0.344678
-118.484846717 33.7574694348 -0.34742
-118.437728722 33.7354818338 -0.356202
-118.390634316 33.7134755483 -0.345192
-118.343563503 33.6914506223 -0.319097
-118.296516285 33.6694071 -0.305394
-118.24949233 33.6473450287 -0.297808
-118.202492314 33.6252644457 -0.295374
-118.155515903 33.6031653985 -0.297349
-118.1085631 33.5810479314 -0.302674
-118.061633908 33.5589120884 -0.310472
-118.01472833 33.5367579137 -0.320151
-117.967846367 33.5145854513 -0.331201
-117.920988023 33.4923947456 -0.342976
-117.8741533 33.4701858406 -0.354866
-117.827342199 33.4479587805 -0.366514
-117.780554724 33.4257136095 -0.377803
-117.733790875 33.4034503717 -0.388717
-117.687050655 33.3811691115 -0.399179
-117.640334066 33.358869873 -0.408874
-117.593641108 33.3365527004 -0.41695
-117.546971785 33.314217638 -0.421558
-117.500326096 33.2918647299 -0.421992
-119.310966774 34.1895354099 -0.499035
-119.263408189 34.1678823141 -0.51099
-119.215873173 34.1462097316 -0.521741
-119.168361732 34.1245177061 -0.530735
-119.120873871 34.1028062817 -0.528556
-119.073409595 34.0810755023 -0.512735
-119.02596891 34.0593254116 -0.492278
-118.978551822 34.0375560537 -0.471923
-118.931158334 34.0157674726 -0.452137
-118.883788453 33.9939597122 -0.432074
-118.836441844 33.9721328215 -0.410883
-118.789119188 33.9502868343 -0.388487
-118.741820153 33.9284217997 -0.366305
-118.694544742 33.9065377619 -0.346007
-118.64729296 33.8846347647 -0.328894
-118.600064768 33.8627105985 -0.315895
-118.552860257 33.8407698149 -0.307451
-118.505679386 33.8188102042 -0.303408
-118.458522159 33.7968318106 -0.302887
-118.411388581 33.774834678 -0.302134
-118.364278655 33.7528188505 -0.279963
-118.317192384 33.7307843724 -0.26833
-118.270129771 33.7087312878 -0.264198
-118.223090483 33.686659644 -0.260836
-118.176075197 33.6645694785 -0.262554
-118.129083578 33.6424608389 -0.268301
-118.08211563 33.6203337694 -0.276707
-118.035171355 33.5981883141 -0.286957
-117.988250756 33.5760245173 -0.298748
-117.941353835 33.5538424231 -0.311848
-117.894480595 33.5316420757 -0.325327
-117.847631038 33.5094235195 -0.33842
-117.800805165 33.4871867986 -0.350896
-117.75400298 33.4649319572 -0.362861
-117.707224483 33.4426590396 -0.374521
-117.660469677 33.4203680901 -0.385989
-117.613738564 33.3980591529 -0.397072
-117.567031144 33.3757322724 -0.407041
-117.520347419 33.3533874927 -0.411776
-117.473687391 33.3310248582 -0.410226
-119.284909948 34.229062758 -0.477981
-119.237334634 34.2074003001 -0.490222
-119.189782954 34.1857183442 -0.499368
-119.142254913 34.1640169341 -0.502746
-119.094750515 34.1422961138 -0.496195
-119.047269766 34.1205559273 -0.481252
-118.999812672 34.0987964186 -0.46057
-118.952379238 34.0770176317 -0.440887
-118.904969468 34.0552196105 -0.421693
-118.857583368 34.0334023991 -0.401796
-118.810220604 34.0115660465 -0.379505
-118.762881857 33.9897105866 -0.354196
-118.715566793 33.9678360688 -0.329146
-118.668275416 33.9459425369 -0.30637
-118.621007732 33.9240300352 -0.287214
-118.573763743 33.9020986076 -0.272651
-118.526543455 33.8801482985 -0.262769
-118.47934687 33.8581791518 -0.256277
-118.432173992 33.8361912116 -0.2494
-118.385024826 33.8141845223 -0.232322
-118.337899375 33.7921591279 -0.206417
-118.290797641 33.7701150725 -0.216663
-118.243719629 33.7480524005 -0.220256
-118.196665003 33.7259711592 -0.224056
-118.149634443 33.7038713862 -0.230937
-118.102627612 33.6817531292 -0.241154
-118.055644515 33.6596164323 -0.252461
-118.008685154 33.6374613397 -0.264664
-117.96174953 33.6152878958 -0.277954
-117.914837647 33.5930961448 -0.293079
-117.867949508 33.570886131 -0.307826
-117.821085113 33.5486578986 -0.3215
-117.774244465 33.526411492 -0.334145
-117.727427567 33.5041469553 -0.346196
-117.680634419 33.4818643331 -0.3581
-117.633865024 33.4595636695 -0.370179
-117.587119383 33.4372450088 -0.382233
-117.540397498 33.4149083955 -0.39305
-117.49369937 33.3925538738 -0.397411
-117.447025 33.3701814881 -0.394923
-119.258829555 34.2685875614 -0.451037
-119.211237506 34.246915716 -0.463056
-119.163669155 34.2252243613 -0.467847
-119.116124506 34.2035135412 -0.461458
-119.068603565 34.1817832997 -0.451463
-119.021106337 34.1600336808 -0.437889
-118.973632828 34.1382647287 -0.420657
-118.926183041 34.1164764873 -0.403531
-118.878756983 34.0946690007 -0.385719
-118.831354658 34.072842313 -0.367098
-118.783975733 34.0509964733 -0.344012
-118.736620888 34.0291315156 -0.315204
-118.68928979 34.0072474891 -0.287769
-118.641982443 33.985344438 -0.262706
-118.594698851 33.9634224064 -0.241614
-118.547439018 33.9414814386 -0.225891
-118.500202948 33.9195215785 -0.215394
-118.452990646 33.8975428705 -0.208254
-118.405802113 33.8755453588 -0.201383
-118.358637356 33.8535290875 -0.192409
-118.311496375 33.8314941009 -0.183102
-118.264379176 33.8094404432 -0.178735
-118.217285761 33.7873681587 -0.183614
-118.170215796 33.7652772948 -0.193732
-118.123169958 33.7431678892 -0.20513
-118.076147913 33.7210399896 -0.219735
-118.029149664 33.6988936402 -0.232879
-117.982175213 33.6767288854 -0.24562
-117.935224563 33.6545457694 -0.25903
-117.888297716 33.6323443366 -0.275807
-117.841394674 33.6101246313 -0.290517
-117.79451544 33.5878866978 -0.303766
-117.747660015 33.5656305805 -0.315665
-117.700828402 33.5433563238 -0.327048
-117.654020602 33.5210639719 -0.338536
-117.607236616 33.4987535693 -0.350581
-117.560476447 33.4764251603 -0.362888
-117.513740095 33.4540787894 -0.374761
-117.467027562 33.4317145009 -0.379136
-117.42033885 33.4093323392 -0.37499
-119.23272541 34.3081052896 -0.416685
-119.185116623 34.2864240311 -0.424104
-119.137531596 34.264723252 -0.423712
-119.089970336 34.2430029963 -0.415225
-119.042432848 34.221263308 -0.404336
-118.994919136 34.1995042312 -0.390732
-118.947429207 34.1777258102 -0.375006
-118.899963065 34.1559280888 -0.358771
-118.852520715 34.1341111114 -0.341552
-118.805102162 34.112274922 -0.323188
-118.757707072 34.0904195696 -0.299525
-118.710336127 34.0685450886 -0.271365
-118.662988991 34.0466515282 -0.24302
-118.61566567 34.0247389324 -0.215991
-118.568366168 34.0028073457 -0.193263
-118.521090488 33.9808568121 -0.177353
-118.473838635 33.9588873759 -0.168021
-118.426610612 33.9368990813 -0.162822
-118.379406423 33.9148919727 -0.161042
-118.332226072 33.8928660942 -0.16163
-118.285069561 33.8708214902 -0.157768
-118.237936894 33.8487582049 -0.156633
-118.190828074 33.8266762826 -0.168092
-118.143742767 33.8045757709 -0.180616
-118.09668165 33.7824567076 -0.195249
-118.04964439 33.7603191403 -0.210672
-118.002630987 33.7381631134 -0.22455
-117.955641446 33.7159886712 -0.23535
-117.908675768 33.693795858 -0.247114
-117.861733956 33.6715847184 -0.260067
-117.814816012 33.6493552966 -0.272713
-117.767921937 33.627107637 -0.284466
-117.721051735 33.604841784 -0.294585
-117.674205406 33.5825577822 -0.304625
-117.627382952 33.5602556757 -0.315091
-117.580584376 33.5379355092 -0.325796
-117.533809678 33.515597327 -0.337288
-117.487058859 33.4932411736 -0.34849
-117.440331922 33.4708670934 -0.352387
-117.393628867 33.4484751309 -0.349298
-119.20659757 34.3476204235 -0.375394
-119.158972036 34.3259297264 -0.377032
-119.111370328 34.3042194974 -0.373423
-119.063792449 34.2824897806 -0.365206
-119.016238407 34.2607406202 -0.354312
-118.968708206 34.2389720601 -0.340048
-118.921201851 34.2171841447 -0.324596
-118.873719348 34.1953769181 -0.308209
-118.8262607 34.1735504244 -0.291563
-118.778825913 34.1517047079 -0.27355
-118.731414652 34.1298398176 -0.251318
-118.6840276 34.107955788 -0.225067
-118.636664422 34.0860526683 -0.197226
-118.589325122 34.0641305027 -0.168683
-118.542009704 34.0421893354 -0.145509
-118.494718173 34.0202292109 -0.129463
-118.447450531 33.9982501733 -0.124019
-118.400206783 33.9762522669 -0.121179
-118.352986932 33.9542355362 -0.126608
-118.305790982 33.9322000253 -0.134624
-118.258618936 33.9101457787 -0.1409
-118.211470797 33.8880728407 -0.152222
-118.164346568 33.8659812556 -0.164879
-118.117245915 33.843871071 -0.177621
-118.070169516 33.8217423248 -0.192085
-118.023117035 33.7995950648 -0.207773
-117.976088476 33.7774293352 -0.220247
-117.929083841 33.7552451806 -0.227341
-117.882103131 33.7330426453 -0.234674
-117.835146351 33.7108217738 -0.24141
-117.7882135 33.6885826105 -0.250415
-117.741304582 33.6663251999 -0.25983
-117.694419599 33.6440495864 -0.268036
-117.647558552 33.6217558144 -0.276772
-117.600721442 33.5994439286 -0.285769
-117.553908272 33.5771139732 -0.294046
-117.507119043 33.554765993 -0.303867
-117.460353756 33.5324000322 -0.314532
-117.413612411 33.5100161355 -0.319452
-117.366895012 33.4876143474 -0.317814
-119.180445852 34.3871284322 -0.329477
-119.132803567 34.365428271 -0.324495
-119.085185172 34.3437085665 -0.317473
-119.037590672 34.321969363 -0.310458
-118.990020072 34.3002107047 -0.299688
-118.942473377 34.2784326358 -0.285389
-118.894950593 34.2566352005 -0.270219
-118.847451724 34.234818443 -0.254654
-118.799976775 34.2129824076 -0.239405
-118.752525751 34.1911271386 -0.222808
-118.705098317 34.1692526848 -0.202832
-118.657695155 34.1473590812 -0.179026
-118.610315931 34.1254463767 -0.153567
-118.56296065 34.1035146158 -0.128816
-118.515629314 34.0815638427 -0.108358
-118.468321928 34.0595941018 -0.0936612
-118.421038495 34.0376054374 -0.0835748
-118.37377902 34.015597894 -0.0883604
-118.326543505 33.9935715158 -0.103581
-118.279331954 33.9715263473 -0.118839
-118.232144371 33.9494624328 -0.133773
-118.184980758 33.9273798168 -0.150413
-118.137841119 33.9052785437 -0.159381
-118.090725118 33.8831586609 -0.169913
-118.043633435 33.8610202067 -0.18229
-117.996565733 33.8388632287 -0.195744
-117.949522015 33.8166877714 -0.204737
-117.902502285 33.7944938792 -0.209361
-117.855506543 33.7722815967 -0.212201
-117.808534793 33.7500509682 -0.214182
-117.761587036 33.7278020384 -0.218145
-117.714663274 33.7055348516 -0.224471
-117.667763509 33.6832494525 -0.231221
-117.620887743 33.6609458855 -0.239133
-117.574035977 33.6386241952 -0.246567
-117.527208214 33.6162844262 -0.252884
-117.480404453 33.5939266229 -0.260549
-117.433624696 33.5715508299 -0.26939
-117.386868946 33.5491570918 -0.275718
-117.340137201 33.5267454532 -0.281634
-119.154270307 34.4266337968 -0.282032
-119.106611265 34.4049241458 -0.269747
-119.058976177 34.3831949403 -0.260125
-119.011365048 34.3614462247 -0.254827
-118.963777884 34.3396780431 -0.242451
-118.91621469 34.3178904399 -0.227052
-118.86867547 34.2960834592 -0.212316
-118.82116023 34.2742571455 -0.198263
-118.773668974 34.2524115429 -0.185172
-118.726201706 34.2305466959 -0.170995
-118.678758093 34.2086626534 -0.15347
-118.631338816 34.1867594503 -0.131712
-118.583943542 34.1648371358 -0.110022
-118.536572273 34.1428957542 -0.0915359
-118.489225013 34.12093535 -0.0741386
-118.441901768 34.0989559675 -0.0613244
-118.394602539 34.0769576511 -0.0564744
-118.347327332 34.0549404452 -0.0649529
-118.300076148 34.0329043944 -0.0870092
-118.252848993 34.010849543 -0.106208
-118.205645868 33.9887759355 -0.123228
-118.158466777 33.9666836163 -0.135206
-118.111311723 33.9445726299 -0.144025
-118.064180371 33.9224430238 -0.152743
-118.017073399 33.9002948365 -0.162841
-117.969990472 33.8781281155 -0.17231
-117.922931593 33.8559429053 -0.178775
-117.875896763 33.8337392505 -0.181639
-117.828885986 33.8115171957 -0.181231
-117.781899263 33.7892767852 -0.178291
-117.734936596 33.7670180638 -0.177477
-117.687997987 33.744741076 -0.180609
-117.641083438 33.7224458663 -0.185238
-117.59419295 33.7001324793 -0.192741
-117.547326526 33.6778009596 -0.199799
-117.500484165 33.6554513519 -0.204102
-117.453665871 33.6330837006 -0.210935
-117.406871643 33.6106980506 -0.217704
-117.360101483 33.5882944462 -0.229016
-117.313355392 33.5658729322 -0.245617
-119.128070757 34.4661319862 -0.237077
-119.080394953 34.4444128197 -0.223872
-119.032743168 34.4226740877 -0.212452
-118.985115407 34.4009158342 -0.19957
-118.937511675 34.3791381037 -0.180818
-118.889931977 34.3573409405 -0.163482
-118.842376318 34.335524389 -0.148753
-118.794844703 34.3136884934 -0.13776
-118.747337136 34.2918332981 -0.126961
-118.699853622 34.2699588476 -0.115026
-118.652393827 34.2480651908 -0.0988772
-118.604958772 34.2261523583 -0.0800007
-118.557547104 34.2042204127 -0.0597483
-118.510159845 34.182269385 -0.044845
-118.46279666 34.1602993242 -0.0340376
-118.415457552 34.1383102746 -0.027543
-118.368142526 34.1163022808 -0.0290741
-118.320851584 34.0942753872 -0.0418246
-118.27358473 34.0722296383 -0.0624522
-118.226341967 34.0501650787 -0.0818185
-118.179123299 34.0280817528 -0.0977086
-118.131928728 34.0059797052 -0.107461
-118.084758258 33.9838589803 -0.116284
-118.037611553 33.9617196257 -0.124422
-117.990489291 33.93956168 -0.133
-117.943391138 33.9173851907 -0.140888
-117.896317096 33.8951902025 -0.145464
-117.849267167 33.8729767599 -0.146211
-117.802241353 33.8507449075 -0.143068
-117.755239656 33.82849469 -0.136994
-117.708262079 33.8062261519 -0.131394
-117.661308622 33.7839393379 -0.127781
-117.614379288 33.7616342925 -0.128675
-117.567474079 33.7393110605 -0.136259
-117.520592995 33.7169696865 -0.143823
-117.473736039 33.6946102151 -0.151722
-117.42690321 33.672232691 -0.161243
-117.380094511 33.6498371588 -0.173441
-117.333309943 33.6274236633 -0.191853
-117.286549505 33.6049922491 -0.215457
-119.10184725 34.5056274814 -0.195396
-119.054154678 34.4838987739 -0.184397
-119.006486189 34.4621504896 -0.169983
-118.958841789 34.4403826728 -0.147389
-118.911221483 34.4185953679 -0.122663
-118.863625275 34.3967886193 -0.1017
-118.816053171 34.3749624713 -0.0861608
-118.768505175 34.3531169684 -0.0784589
-118.720981292 34.331252155 -0.0692949
-118.673481527 34.3093680755 -0.0585614
-118.626005883 34.2874647745 -0.0420287
-118.578554365 34.2655422963 -0.0210261
-118.531126638 34.2436006897 -0.00143895
-118.483723384 34.2216399906 0.00745027
-118.436344268 34.1996602478 0.0107086
-118.388989293 34.1776615058 0.0120445
-118.341658464 34.1556438093 0.00739138
-118.294351783 34.1336072026 -0.00462876
-118.247069254 34.1115517305 -0.02113
-118.19981088 34.0894774373 -0.039744
-118.152576664 34.0673843678 -0.0552994
-118.105366609 34.0452725665 -0.06661
-118.058180718 34.0231420779 -0.0772668
-118.011018656 34.0009929496 -0.0852342
-117.963881102 33.9788252203 -0.0936351
-117.916767719 33.9566389376 -0.101607
-117.86967851 33.9344341463 -0.105412
-117.822613478 33.9122108908 -0.10471
-117.775572624 33.8899692158 -0.100778
-117.72855595 33.8677091661 -0.0931529
-117.681563459 33.8454307863 -0.0838929
-117.634595152 33.8231341211 -0.0711445
-117.587651031 33.8008192151 -0.0705492
-117.540731097 33.778486113 -0.0813314
-117.493835351 33.7561348596 -0.0927755
-117.446963796 33.7337654996 -0.106455
-117.400116431 33.7113780776 -0.121523
-117.353293259 33.6889726385 -0.141757
-117.306494279 33.6665492269 -0.165071
-117.259719494 33.6441078875 -0.194331
-119.075599609 34.5451157512 -0.154205
-119.027890264 34.523377477 -0.145354
-118.980205068 34.5016196148 -0.130615
-118.932544025 34.479842209 -0.106513
-118.884907141 34.458045304 -0.0810622
-118.83729442 34.4362289442 -0.0554926
-118.789705867 34.4143931742 -0.038425
-118.742141487 34.3925380384 -0.0285153
-118.694601285 34.3706635812 -0.0193787
-118.647085264 34.3487698472 -0.00742689
-118.59959343 34.326856881 0.0114158
-118.552125786 34.3049247269 0.0372946
-118.504681997 34.2829734338 0.0605442
-118.457262745 34.2610030377 0.0658931
-118.409867696 34.2390135875 0.0636924
-118.362496852 34.2170051277 0.0637718
-118.315150218 34.1949777029 0.0611557
-118.267827795 34.1729313578 0.0520102
-118.220529589 34.150866137 0.0382631
-118.173255602 34.128782085 0.0189481
-118.126005837 34.1066792465 0.00238496
-118.078780297 34.0845576662 -0.0130837
-118.031578984 34.0624173886 -0.0270737
-117.984401564 34.0402584612 -0.0343614
-117.937248715 34.0180809231 -0.0436588
-117.890120101 33.9958848218 -0.0522742
-117.843015725 33.973670202 -0.0571489
-117.795935588 33.9514371084 -0.0576374
-117.748879694 33.9291855858 -0.0555563
-117.701848043 33.9069156787 -0.0505669
-117.654840638 33.884627432 -0.0436775
-117.60785748 33.8623208904 -0.0350654
-117.56089857 33.8399960987 -0.0400618
-117.513963912 33.8176531015 -0.0533921
-117.467053504 33.7952919437 -0.0708301
-117.42016735 33.77291267 -0.0886742
-117.37330545 33.7505153252 -0.110268
-117.326467804 33.7280999541 -0.133075
-117.279654414 33.7056666015 -0.158306
-117.232865281 33.6832153121 -0.182536
-119.04932788 34.5846012766 -0.110046
-119.001601757 34.5628534101 -0.104852
-118.953899846 34.5410859444 -0.0917935
-118.906222154 34.5192989239 -0.0691978
-118.858568686 34.4974923933 -0.0435978
-118.810939445 34.4756663969 -0.0147525
-118.763334438 34.4538209793 0.00474107
-118.715753669 34.431956185 0.0159809
-118.668197141 34.4100720586 0.0258476
-118.62066486 34.3881686446 0.0381362
-118.57315683 34.3662459877 0.0586813
-118.525673054 34.3443041323 0.0895164
-118.478213198 34.3223431273 0.116106
-118.430777944 34.3003630088 0.120657
-118.383366956 34.2783638257 0.122536
-118.335980238 34.2563456228 0.127023
-118.288617794 34.2343084445 0.125579
-118.241279626 34.2122523356 0.115112
-118.193965738 34.1901773407 0.100262
-118.146676134 34.1680835046 0.080231
-118.099410815 34.1459708718 0.0637175
-118.052169785 34.1238394872 0.0468336
-118.004953047 34.1016893954 0.0371351
-117.957760264 34.0795206437 0.0272405
-117.910592117 34.0573332716 0.0149993
-117.863448269 34.0351273265 0.00489293
-117.816328722 34.0129028531 -0.00207831
-117.769233478 33.9906598963 -0.00508393
-117.722162539 33.9683985007 -0.00818454
-117.675115908 33.9461187112 -0.00980848
-117.628093586 33.9238205726 -0.0111518
-117.581095574 33.9015041296 -0.0143095
-117.534121875 33.879169427 -0.0253998
-117.487172488 33.8568165097 -0.0436925
-117.440247417 33.8344454225 -0.0649052
-117.393346662 33.8120562101 -0.087646
-117.346470223 33.7896489175 -0.112201
-117.299618102 33.7672235895 -0.136679
-117.2527903 33.7447802709 -0.158865
-117.205986817 33.7223190065 -0.173595
-119.023031889 34.6240795263 -0.0583453
-118.975288982 34.6023220417 -0.0511903
-118.927570354 34.5805449467 -0.038014
-118.879876009 34.5587482859 -0.0189529
-118.832205953 34.5369321038 0.00455266
-118.784560189 34.5150964451 0.0316145
-118.736938724 34.4932413542 0.0505532
-118.689341562 34.4713668759 0.0619099
-118.641768706 34.4494730546 0.0711969
-118.594220161 34.427559935 0.0824698
-118.546695932 34.4056275618 0.101242
-118.499196023 34.3836759796 0.126402
-118.451720097 34.361705237 0.145444
-118.404268837 34.3397153706 0.156361
-118.356841909 34.3177064292 0.162862
-118.309439315 34.2956784575 0.169671
-118.262061059 34.2736315003 0.166306
-118.214707144 34.2515656021 0.154638
-118.167377573 34.2294808078 0.138408
-118.120072349 34.2073771621 0.123917
-118.072791475 34.1852547097 0.11126
-118.025534954 34.1631134954 0.102287
-117.978302789 34.140953564 0.102071
-117.931094643 34.1187749628 0.0972163
-117.883911196 34.0965777313 0.0841235
-117.836752112 34.074361917 0.0735638
-117.789617394 34.0521275648 0.0653344
-117.742507042 34.0298747195 0.0553535
-117.695421059 34.0076034258 0.0450238
-117.648359447 33.9853137287 0.0340521
-117.601322207 33.9630056729 0.0232849
-117.554309341 33.9406793033 0.0106369
-117.507320851 33.9183346648 -0.00622963
-117.460356738 33.8959718023 -0.0279662
-117.413417002 33.8735907606 -0.0511197
-117.366501646 33.8511915845 -0.0764214
-117.319610669 33.8287743191 -0.101873
-117.272744074 33.8063390091 -0.127532
-117.22590186 33.7838856995 -0.147238
-117.179084028 33.7614144352 -0.160332
-118.996711678 34.6635549813 0.00395042
-118.948951982 34.6417878529 0.0161435
-118.90121663 34.620001103 0.0308691
-118.853505626 34.5981947762 0.0461679
-118.805818976 34.5763689172 0.0638252
-118.758156684 34.5545235705 0.0885047
-118.710518755 34.5326587808 0.103766
-118.662905193 34.5107745928 0.112569
-118.615316004 34.4888710511 0.119155
-118.56775119 34.4669482004 0.127187
-118.520210757 34.4450060854 0.140646
-118.472694708 34.4230447508 0.157538
-118.425202707 34.4010642453 0.17173
-118.377735438 34.3790646055 0.182757
-118.330292564 34.3570458804 0.190785
-118.282874089 34.3350081146 0.197714
-118.235480017 34.3129513529 0.193046
-118.188110349 34.2908756401 0.176833
-118.140765091 34.268781021 0.163132
-118.093444243 34.2466675403 0.15592
-118.046147811 34.224535243 0.149804
-117.998875795 34.2023841737 0.148634
-117.951628199 34.1802143774 0.152694
-117.904404686 34.1580259013 0.155516
-117.857205936 34.1358187853 0.151833
-117.810031613 34.1135930767 0.145395
-117.762881719 34.0913488204 0.136154
-117.715756256 34.0690860614 0.118631
-117.668655226 34.0468048444 0.101348
-117.62157863 34.0245052145 0.0813361
-117.57452647 34.0021872165 0.0623387
-117.527498748 33.9798508952 0.0429363
-117.480495464 33.9574962957 0.0216292
-117.433516621 33.9351234628 -0.0015881
-117.386562219 33.9127324415 -0.0259389
-117.339632259 33.8903232767 -0.051343
-117.292726743 33.8678960134 -0.0779429
-117.245845671 33.8454506965 -0.105163
-117.198989043 33.822987371 -0.126701
-117.152156861 33.8005060818 -0.141065
-118.970367076 34.70302311 0.0775378
-118.922590586 34.681246312 0.105275
-118.874838505 34.6594498814 0.127351
-118.827110839 34.6376338629 0.135889
-118.779407591 34.6157983011 0.145419
-118.731728767 34.5939432407 0.159696
-118.684074372 34.5720687265 0.167099
-118.636444408 34.5501748031 0.171519
-118.588838882 34.5282615153 0.173438
-118.541257797 34.5063289078 0.178789
-118.493701157 34.4843770254 0.186576
-118.446168966 34.4624059128 0.197321
-118.398660888 34.4404156188 0.206262
-118.351177606 34.4184061801 0.214632
-118.303718785 34.3963776456 0.22001
-118.256284427 34.3743300601 0.223628
-118.208874536 34.3522634685 0.21645
-118.161489115 34.3301779156 0.203279
-118.114128167 34.3080734462 0.192845
-118.066791695 34.2859501052 0.188013
-118.019479701 34.2638079374 0.184493
-117.972192189 34.2416469878 0.186024
-117.924929161 34.2194673012 0.190558
-117.87769028 34.1972689249 0.198489
-117.830476226 34.1750518989 0.201775
-117.783286664 34.1528162707 0.202321
-117.736121594 34.1305620851 0.194068
-117.688981019 34.1082893871 0.178139
-117.641864941 34.0859982216 0.157862
-117.594773361 34.0636886337 0.133851
-117.54770628 34.0413606681 0.10944
-117.500663701 34.01901437 0.0852929
-117.453645625 33.9966497843 0.0611583
-117.406652052 33.974266956 0.0370332
-117.359682983 33.95186593 0.0125693
-117.312738421 33.9294467514 -0.0126519
-117.265818365 33.9070094651 -0.0397519
-117.218922817 33.8845541163 -0.0683921
-117.172051776 33.8620807498 -0.0935345
-117.125205244 33.8395894107 -0.117466
-118.943998122 34.7424883935 0.15801
-118.896204833 34.7207019002 0.210419
-118.848436018 34.6988957632 0.24413
-118.800691683 34.6770700273 0.243373
-118.752971832 34.6552247371 0.245521
-118.70527647 34.6333599374 0.249906
-118.657605601 34.611475673 0.249736
-118.60995923 34.5895719887 0.248283
-118.562337362 34.5676489292 0.245374
-118.51474 34.5457065393 0.248179
-118.467167148 34.523744864 0.250385
-118.41961881 34.5017639479 0.255961
-118.372094649 34.4797638397 0.258914
-118.324595351 34.4577445766 0.263086
-118.277120577 34.4357062073 0.263209
-118.229670332 34.4136487767 0.262331
-118.182244618 34.3915723298 0.254054
-118.134843438 34.3694769113 0.245091
-118.087466797 34.3473625662 0.235911
-118.040114696 34.3252293395 0.23097
-117.992787138 34.303077276 0.227176
-117.945484125 34.2809064206 0.227744
-117.898205661 34.2587168184 0.23229
-117.850951409 34.2365085166 0.243452
-117.803722048 34.2142815554 0.25118
-117.756517243 34.1920359822 0.257194
-117.709336994 34.169771842 0.253692
-117.662181304 34.1474891798 0.242101
-117.615050175 34.1251880406 0.222005
-117.567943608 34.1028684694 0.195605
-117.520861604 34.0805305113 0.166591
-117.473804165 34.0581742111 0.138883
-117.426771293 34.0357996141 0.112098
-117.379762988 34.0134067652 0.0875048
-117.332779251 33.9909957094 0.0613461
-117.285820084 33.9685664919 0.035902
-117.238885487 33.9461191577 0.00511612
-117.19197546 33.9236537518 -0.0255304
-117.145090005 33.9011703193 -0.0590483
-117.098229122 33.8786689054 -0.09612
-118.917604646 34.7819463001 0.23252
-118.869794553 34.7601500856 0.317058
-118.822009001 34.7383342164 0.371215
-118.774247993 34.7164987372 0.379765
-118.726511536 34.6946436928 0.387351
-118.678799632 34.6727691281 0.38389
-118.631112288 34.6508750877 0.383277
-118.583449507 34.6289616167 0.372154
-118.535811293 34.6070287598 0.368573
-118.488197651 34.5850765619 0.362677
-118.440608585 34.5631050679 0.362529
-118.393044097 34.5411143226 0.358443
-118.345503852 34.5191043748 0.357968
-118.297988534 34.4970752616 0.353219
-118.250497806 34.4750270319 0.34989
-118.203031672 34.4529597307 0.341639
-118.155590133 34.4308734028 0.333397
-118.108173194 34.4087680932 0.323312
-118.060780857 34.386643847 0.315632
-118.013413126 34.364500709 0.308631
-117.966070002 34.3423387242 0.304932
-117.918751488 34.3201579377 0.303087
-117.871457587 34.2979583945 0.307737
-117.824187962 34.2757401418 0.316699
-117.776943294 34.2535032199 0.326081
-117.729723244 34.2312476765 0.334238
-117.682527816 34.2089735563 0.335212
-117.635357011 34.1866809046 0.327816
-117.58821083 34.1643697664 0.307869
-117.541089276 34.1420401867 0.277416
-117.493992349 34.1196922107 0.243013
-117.446920051 34.0973258833 0.210442
-117.399872383 34.0749412498 0.180894
-117.352849346 34.0525383551 0.152464
-117.305850941 34.0301172444 0.121159
-117.25887717 34.0076779629 0.084981
-117.211928032 33.9852205555 0.0437445
-117.165003528 33.9627450675 0.00227973
-117.118103659 33.940251544 -0.0416741
-117.071228425 33.9177400302 -0.0833256
-118.891186687 34.8214013107 0.278214
-118.843359785 34.7995953494 0.400955
-118.795557488 34.7777697222 0.467313
-118.747779802 34.7559244741 0.487334
-118.700026732 34.7340596498 0.500995
-118.652298282 34.7121752942 0.50051
-118.604594456 34.6902714523 0.501818
-118.556915259 34.668348169 0.488832
-118.509260695 34.646405489 0.486107
-118.461630768 34.6244434575 0.478379
-118.414025481 34.6024621192 0.476486
-118.366444839 34.5804615192 0.468543
-118.318888505 34.5584417061 0.465848
-118.271357163 34.5364027173 0.457368
-118.223850476 34.5143446017 0.45222
-118.176368447 34.4922674043 0.440895
-118.12891108 34.47017117 0.433283
-118.081478377 34.4480559439 0.424194
-118.034070341 34.425921771 0.417621
-117.986686975 34.4037686964 0.411166
-117.939328281 34.381596765 0.407494
-117.891994263 34.3594060219 0.405164
-117.844684922 34.3371965123 0.408296
-117.79739992 34.3149682833 0.414947
-117.75013994 34.2927213756 0.424479
-117.702904644 34.2704558365 0.435119
-117.655694033 34.2481717111 0.439753
-117.60850811 34.2258690446 0.437119
-117.561346875 34.2035478821 0.412934
-117.51421033 34.1812082687 0.374016
-117.467098478 34.1588502496 0.328133
-117.420011318 34.1364738698 0.290362
-117.372948852 34.1140791745 0.254262
-117.325911081 34.091666209 0.22152
-117.278898007 34.0692350183 0.17926
-117.231909628 34.0467856475 0.126273
-117.184945948 34.024318142 0.0709402
-117.138006965 34.0018325469 0.0145766
-117.09109268 33.9793289073 -0.0367257
-117.044203094 33.9568072685 -0.0789198
-118.864744076 34.8608488937 0.264142
-118.816900359 34.8390331595 0.354733
-118.769081315 34.8171977485 0.401235
-118.721286948 34.7953427055 0.437045
-118.673517262 34.7734680755 0.455844
-118.625772261 34.7515739034 0.477339
-118.578051951 34.7296602341 0.487895
-118.530356336 34.7077271126 0.49971
-118.482685419 34.6857745839 0.507277
-118.435039204 34.6638026929 0.514005
-118.387417695 34.6418114847 0.518257
-118.339820897 34.6198010042 0.522348
-118.292248471 34.5977713002 0.526898
-118.244701103 34.5757224102 0.529285
-118.197178455 34.553654383 0.532744
-118.14968053 34.5315672638 0.531166
-118.102207332 34.5094610975 0.533065
-118.054758864 34.4873359293 0.529538
-118.007335127 34.4651918042 0.530876
-117.959936125 34.4430287674 0.527773
-117.912561861 34.4208468638 0.531222
-117.865212336 34.3986461387 0.530383
-117.817887554 34.3764266372 0.539255
-117.770587175 34.3541884066 0.5447
-117.723311883 34.3319314875 0.560798
-117.67606134 34.3096559274 0.57153
-117.628835546 34.2873617714 0.583426
-117.581634503 34.2650490648 0.575377
-117.534458214 34.2427178527 0.544071
-117.48730668 34.2203681803 0.478615
-117.440179901 34.1980000928 0.416877
-117.39307788 34.1756136353 0.364337
-117.346000616 34.1532088531 0.3195
-117.298948112 34.1307857915 0.273599
-117.251920368 34.1083444955 0.219114
-117.204917384 34.0858850105 0.152832
-117.157939161 34.0634073816 0.0869331
-117.1109857 34.0409116542 0.021641
-117.064057001 34.0183978735 -0.0341539
-117.017153064 33.9958660847 -0.0821026
-118.838276848 34.9002935298 0.194361
-118.790416312 34.8784679971 0.220021
-118.742580514 34.8566227765 0.249177
-118.694769459 34.8347579129 0.288691
-118.646983151 34.8128734514 0.321508
-118.599221595 34.790969437 0.359939
-118.551484795 34.7690459146 0.390574
-118.503772756 34.7471029293 0.428097
-118.45608548 34.7251405261 0.452429
-118.408422972 34.7031587501 0.473121
-118.360785237 34.6811576463 0.489762
-118.313172277 34.6591372598 0.508933
-118.265583754 34.6370976392 0.525542
-118.218020356 34.6150388223 0.543639
-118.170481742 34.5929608581 0.558595
-118.122967918 34.5708637915 0.572777
-118.075478885 34.5487476677 0.583645
-118.028014646 34.5266125319 0.589938
-117.980575205 34.5044584291 0.597519
-117.933160564 34.4822854046 0.60302
-117.885770725 34.4600935035 0.611642
-117.838405691 34.437882771 0.618177
-117.791065463 34.4156532522 0.630158
-117.743749705 34.3934049944 0.640411
-117.696459098 34.3711380386 0.658826
-117.649193303 34.3488524322 0.675618
-117.601952323 34.3265482203 0.6884
-117.55473616 34.3042254483 0.680696
-117.507544813 34.2818841613 0.636626
-117.460378286 34.2595244045 0.537195
-117.413236579 34.2371462234 0.461321
-117.366119694 34.214749663 0.398694
-117.319027631 34.1923347687 0.345084
-117.271960391 34.1699015857 0.287537
-117.224917975 34.1474501593 0.225639
-117.177900383 34.1249805349 0.150237
-117.130907617 34.1024927576 0.0808514
-117.083939676 34.0799868728 0.0130366
-117.036996561 34.0574629258 -0.0443635
-116.990078272 34.0349209619 -0.0970498
-118.811784836 34.9397306873 0.110937
-118.763907477 34.91789533 0.108863
-118.716054922 34.8960402738 0.126285
-118.668227177 34.8741655638 0.158584
-118.620424244 34.8522712449 0.195486
-118.57264613 34.8303573623 0.233115
-118.524892837 34.808423961 0.26904
-118.47716437 34.7864710861 0.307582
-118.429460734 34.7644987826 0.333741
-118.381781931 34.7425070958 0.358477
-118.334127966 34.7204960706 0.376489
-118.286498842 34.6984657523 0.400666
-118.238894222 34.6764161894 0.417236
-118.19131479 34.6543474201 0.440551
-118.14376021 34.632259493 0.453987
-118.096230483 34.6101524535 0.475317
-118.048725614 34.5880263465 0.483059
-118.001245604 34.5658812175 0.497511
-117.953790457 34.5437171115 0.501164
-117.906360175 34.5215340737 0.515509
-117.858954761 34.4993321495 0.519755
-117.811574216 34.477111384 0.535737
-117.764218543 34.4548718224 0.542037
-117.716887404 34.4326135121 0.560813
-117.66958148 34.4103364941 0.571946
-117.622300435 34.3880408159 0.595169
-117.575044269 34.3657265227 0.598945
-117.527812983 34.3433936598 0.598135
-117.48060658 34.3210422726 0.544453
-117.43342506 34.2986724062 0.464292
-117.386268425 34.2762841061 0.389237
-117.339136676 34.2538774175 0.330721
-117.292029813 34.2314523858 0.271735
-117.244947838 34.2090090563 0.217719
-117.197890751 34.1865474743 0.154531
-117.150858553 34.1640676852 0.0902201
-117.103851244 34.1415697343 0.0251865
-117.056868824 34.119053667 -0.0344825
-117.009911294 34.0965195286 -0.0861217
-116.962978654 34.0739673645 -0.12507
-118.785268074 34.979164847 0.0396158
-118.737373886 34.9573196393 0.0242962
-118.689504569 34.9354547218 0.031521
-118.641660126 34.9135701395 0.0597132
-118.593840564 34.8916659375 0.0895413
-118.546045885 34.8697421609 0.117317
-118.498276094 34.8477988549 0.146102
-118.450531195 34.8258360646 0.172715
-118.402811193 34.8038538352 0.194337
-118.35511609 34.7818522118 0.211646
-118.30744589 34.7598312396 0.227754
-118.259800598 34.7377909638 0.244878
-118.212179874 34.7157314331 0.259427
-118.164584406 34.6936526856 0.273329
-118.117013854 34.6715547702 0.285567
-118.069468221 34.649437732 0.299075
-118.021947511 34.6273016164 0.307484
-117.974451727 34.6051464685 0.315842
-117.92698087 34.5829723337 0.321654
-117.879534944 34.5607792573 0.331139
-117.83211395 34.5385672844 0.338431
-117.784717891 34.5163364604 0.350232
-117.737346769 34.4940868306 0.359286
-117.690000246 34.4718184423 0.372523
-117.642679004 34.4495313368 0.384387
-117.595382704 34.4272255614 0.39925
-117.548111349 34.4049011615 0.404983
-117.500864939 34.3825581825 0.404062
-117.453643476 34.3601966696 0.36702
-117.406446961 34.3378166683 0.313564
-117.359275396 34.315418224 0.254603
-117.31212878 34.2930013819 0.20193
-117.265007116 34.2705661876 0.149724
-117.217910404 34.2481126863 0.10174
-117.170838644 34.2256409235 0.0498259
-117.123791837 34.2031509445 0.00171777
-117.076769984 34.1806427948 -0.0510544
-117.029773084 34.1581165198 -0.101407
-116.982801138 34.135572165 -0.138645
-116.935854145 34.1130097756 -0.155385
-118.758726398 35.0185914768 -0.0127838
-118.710815377 34.9967363928 -0.0267289
-118.662929294 34.9748615879 -0.0212903
-118.615068152 34.9529671074 -0.00309893
-118.567231955 34.9310529963 0.0192511
-118.51942071 34.9091192999 0.0391229
-118.471634418 34.8871660633 0.0617386
-118.423873085 34.8651933318 0.079746
-118.376136713 34.8432011505 0.0978888
-118.328425308 34.8211895648 0.109803
-118.280738872 34.7991586198 0.124906
-118.233077409 34.7771083608 0.135713
-118.18544058 34.7550388363 0.149116
-118.137829073 34.732950085 0.156765
-118.090242548 34.7108421554 0.168973
-118.042681008 34.688715093 0.175839
-117.995144456 34.666568943 0.185673
-117.947632895 34.6444037507 0.189221
-117.900146327 34.6222195615 0.19816
-117.852684755 34.6000164207 0.202766
-117.805248181 34.5777943737 0.213513
-117.757836608 34.5555534657 0.220061
-117.710450036 34.5332937422 0.232211
-117.663088128 34.5110152503 0.239507
-117.615751567 34.4887180317 0.253002
-117.568440013 34.4664021337 0.259683
-117.521153468 34.4440676016 0.267654
-117.473891934 34.421714481 0.261317
-117.426655411 34.3993428172 0.237903
-117.379443902 34.3769526556 0.197379
-117.332257406 34.3545440417 0.153928
-117.285095925 34.3321170208 0.107079
-117.23795946 34.3096716385 0.0644999
-117.190848011 34.2872079402 0.020826
-117.14376158 34.2647259713 -0.0197546
-117.096700165 34.2422257772 -0.0605379
-117.049663768 34.2197074036 -0.101588
-117.002652389 34.1971708957 -0.141104
-116.955666028 34.1746162992 -0.165092
-116.908704685 34.1520436595 -0.17661
