-119.336999976 34.1500010364 -0.626968
-119.289458115 34.1283572771 -0.642318
-119.241939758 34.1066940424 -0.656456
-119.194444913 34.0850113761 -0.667379
-119.146973585 34.063309322 -0.66958
-119.099525778 34.041587924 -0.6602
-119.052101499 34.019847226 -0.644559
-119.004700752 33.9980872718 -0.626689
-118.957323543 33.9763081053 -0.608338
-118.909969877 33.9545097704 -0.589593
-118.86263942 33.9326923162 -0.570191
-118.815332853 33.9108557762 -0.550317
-118.768049843 33.8890001996 -0.530955
-118.720790395 33.8671256304 -0.513466
-118.673554511 33.8452321126 -0.499065
-118.626342198 33.8233196901 -0.488657
-118.579153458 33.801388407 -0.48284
-118.531988297 33.7794383072 -0.482024
-118.484846717 33.7574694348 -0.486809
-118.437728722 33.7354818338 -0.497937
-118.390634316 33.7134755483 -0.485817
-118.343563503 33.6914506223 -0.45571
-118.296516285 33.6694071 -0.439233
-118.24949233 33.6473450287 -0.429537
-118.202492314 33.6252644457 -0.425172
-118.155515903 33.6031653985 -0.425169
-118.1085631 33.5810479314 -0.428316
-118.061633908 33.5589120884 -0.43364
-118.01472833 33.5367579137 -0.440525
-117.967846367 33.5145854513 -0.448485
-117.920988023 33.4923947456 -0.456888
-117.8741533 33.4701858406 -0.465101
-117.827342199 33.4479587805 -0.472722
-117.780554724 33.4257136095 -0.479613
-117.733790875 33.4034503717 -0.485805
-117.687050655 33.3811691115 -0.491317
-117.640334066 33.358869873 -0.495938
-117.593641108 33.3365527004 -0.498887
-117.546971785 33.314217638 -0.498255
-117.500326096 33.2918647299 -0.493399
-119.310966774 34.1895354099 -0.605505
-119.263408189 34.1678823141 -0.621812
-119.215873173 34.1462097316 -0.637009
-119.168361732 34.1245177061 -0.65057
-119.120873871 34.1028062817 -0.651334
-119.073409595 34.0810755023 -0.636283
-119.02596891 34.0593254116 -0.615964
-118.978551822 34.0375560537 -0.595899
-118.931158334 34.0157674726 -0.576558
-118.883788453 33.9939597122 -0.556863
-118.836441844 33.9721328215 -0.535768
-118.789119188 33.9502868343 -0.513203
-118.741820153 33.9284217997 -0.490934
-118.694544742 33.9065377619 -0.470934
-118.64729296 33.8846347647 -0.45459
-118.600064768 33.8627105985 -0.442783
-118.552860257 33.8407698149 -0.435851
-118.505679386 33.8188102042 -0.433513
-118.458522159 33.7968318106 -0.434715
-118.411388581 33.774834678 -0.435075
-118.364278655 33.7528188505 -0.410399
-118.317192384 33.7307843724 -0.396523
-118.270129771 33.7087312878 -0.390676
-118.223090483 33.686659644 -0.385931
-118.176075197 33.6645694785 -0.386173
-118.129083578 33.6424608389 -0.390292
-118.08211563 33.6203337694 -0.396732
-118.035171355 33.5981883141 -0.404562
-117.988250756 33.5760245173 -0.413519
-117.941353835 33.5538424231 -0.423475
-117.894480595 33.5316420757 -0.433542
-117.847631038 33.5094235195 -0.442913
-117.800805165 33.4871867986 -0.451254
-117.75400298 33.4649319572 -0.458609
-117.707224483 33.4426590396 -0.465284
-117.660469677 33.4203680901 -0.471533
-117.613738564 33.3980591529 -0.477308
-117.567031144 33.3757322724 -0.482031
-117.520347419 33.3533874927 -0.481295
-117.473687391 33.3310248582 -0.474128
-119.284909948 34.229062758 -0.57872
-119.237334634 34.2074003001 -0.595118
-119.189782954 34.1857183442 -0.608355
-119.142254913 34.1640169341 -0.615529
-119.094750515 34.1422961138 -0.611293
-119.047269766 34.1205559273 -0.597287
-118.999812672 34.0987964186 -0.576748
-118.952379238 34.0770176317 -0.557567
-118.904969468 34.0552196105 -0.538998
-118.857583368 34.0334023991 -0.519529
-118.810220604 34.0115660465 -0.497108
-118.762881857 33.9897105866 -0.471046
-118.715566793 33.9678360688 -0.445518
-118.668275416 33.9459425369 -0.422909
-118.621007732 33.9240300352 -0.404533
-118.573763743 33.9020986076 -0.391199
-118.526543455 33.8801482985 -0.382796
-118.47934687 33.8581791518 -0.377758
-118.432173992 33.8361912116 -0.371824
-118.385024826 33.8141845223 -0.354071
-118.337899375 33.7921591279 -0.326297
-118.290797641 33.7701150725 -0.336482
-118.243719629 33.7480524005 -0.339219
-118.196665003 33.7259711592 -0.342043
-118.149634443 33.7038713862 -0.347881
-118.102627612 33.6817531292 -0.356904
-118.055644515 33.6596164323 -0.366446
-118.008685154 33.6374613397 -0.376164
-117.96174953 33.6152878958 -0.386446
-117.914837647 33.5930961448 -0.398301
-117.867949508 33.570886131 -0.40957
-117.821085113 33.5486578986 -0.419498
-117.774244465 33.526411492 -0.427892
-117.727427567 33.5041469553 -0.43502
-117.680634419 33.4818643331 -0.441612
-117.633865024 33.4595636695 -0.448138
-117.587119383 33.4372450088 -0.454559
-117.540397498 33.4149083955 -0.459711
-117.49369937 33.3925538738 -0.458336
-117.447025 33.3701814881 -0.4503
-119.258829555 34.2685875614 -0.545226
-119.211237506 34.246915716 -0.560988
-119.163669155 34.2252243613 -0.569067
-119.116124506 34.2035135412 -0.565126
-119.068603565 34.1817832997 -0.556843
-119.021106337 34.1600336808 -0.54431
-118.973632828 34.1382647287 -0.527772
-118.926183041 34.1164764873 -0.511657
-118.878756983 34.0946690007 -0.494682
-118.831354658 34.072842313 -0.476641
-118.783975733 34.0509964733 -0.453099
-118.736620888 34.0291315156 -0.422669
-118.68928979 34.0072474891 -0.39448
-118.641982443 33.985344438 -0.369616
-118.594698851 33.9634224064 -0.349416
-118.547439018 33.9414814386 -0.335003
-118.500202948 33.9195215785 -0.325999
-118.452990646 33.8975428705 -0.320161
-118.405802113 33.8755453588 -0.314049
-118.358637356 33.8535290875 -0.305248
-118.311496375 33.8314941009 -0.295795
-118.264379176 33.8094404432 -0.290573
-118.217285761 33.7873681587 -0.294754
-118.170215796 33.7652772948 -0.304146
-118.123169958 33.7431678892 -0.314991
-118.076147913 33.7210399896 -0.328957
-118.029149664 33.6988936402 -0.340433
-117.982175213 33.6767288854 -0.350368
-117.935224563 33.6545457694 -0.360343
-117.888297716 33.6323443366 -0.373586
-117.841394674 33.6101246313 -0.384628
-117.79451544 33.5878866978 -0.394158
-117.747660015 33.5656305805 -0.401629
-117.700828402 33.5433563238 -0.407631
-117.654020602 33.5210639719 -0.413438
-117.607236616 33.4987535693 -0.419572
-117.560476447 33.4764251603 -0.42588
-117.513740095 33.4540787894 -0.431575
-117.467027562 33.4317145009 -0.430237
-117.42033885 33.4093323392 -0.420831
-119.23272541 34.3081052896 -0.503558
-119.185116623 34.2864240311 -0.514004
-119.137531596 34.264723252 -0.516022
-119.089970336 34.2430029963 -0.509244
-119.042432848 34.221263308 -0.499598
-118.994919136 34.1995042312 -0.486889
-118.947429207 34.1777258102 -0.471967
-118.899963065 34.1559280888 -0.456751
-118.852520715 34.1341111114 -0.4402
-118.805102162 34.112274922 -0.422082
-118.757707072 34.0904195696 -0.397444
-118.710336127 34.0685450886 -0.367665
-118.662988991 34.0466515282 -0.3386
-118.61566567 34.0247389324 -0.312077
-118.568366168 34.0028073457 -0.290426
-118.521090488 33.9808568121 -0.275933
-118.473838635 33.9588873759 -0.268279
-118.426610612 33.9368990813 -0.264393
-118.379406423 33.9148919727 -0.263477
-118.332226072 33.8928660942 -0.264553
-118.285069561 33.8708214902 -0.260501
-118.237936894 33.8487582049 -0.259023
-118.190828074 33.8266762826 -0.270701
-118.143742767 33.8045757709 -0.283291
-118.09668165 33.7824567076 -0.298016
-118.04964439 33.7603191403 -0.313118
-118.002630987 33.7381631134 -0.325231
-117.955641446 33.7159886712 -0.332569
-117.908675768 33.693795858 -0.340086
-117.861733956 33.6715847184 -0.348693
-117.814816012 33.6493552966 -0.357164
-117.767921937 33.627107637 -0.365011
-117.721051735 33.604841784 -0.37032
-117.674205406 33.5825577822 -0.374693
-117.627382952 33.5602556757 -0.379042
-117.580584376 33.5379355092 -0.383464
-117.533809678 33.515597327 -0.388637
-117.487058859 33.4932411736 -0.393884
-117.440331922 33.4708670934 -0.392441
-117.393628867 33.4484751309 -0.384698
-119.20659757 34.3476204235 -0.454421
-119.158972036 34.3259297264 -0.458322
-119.111370328 34.3042194974 -0.456474
-119.063792449 34.2824897806 -0.449475
-119.016238407 34.2607406202 -0.439371
-118.968708206 34.2389720601 -0.425639
-118.921201851 34.2171841447 -0.410719
-118.873719348 34.1953769181 -0.395059
-118.8262607 34.1735504244 -0.378685
-118.778825913 34.1517047079 -0.360325
-118.731414652 34.1298398176 -0.336836
-118.6840276 34.107955788 -0.308888
-118.636664422 34.0860526683 -0.280431
-118.589325122 34.0641305027 -0.252917
-118.542009704 34.0421893354 -0.230739
-118.494718173 34.0202292109 -0.216159
-118.447450531 33.9982501733 -0.212945
-118.400206783 33.9762522669 -0.211447
-118.352986932 33.9542355362 -0.217899
-118.305790982 33.9322000253 -0.226367
-118.258618936 33.9101457787 -0.233035
-118.211470797 33.8880728407 -0.245091
-118.164346568 33.8659812556 -0.258566
-118.117245915 33.843871071 -0.272199
-118.070169516 33.8217423248 -0.287236
-118.023117035 33.7995950648 -0.30299
-117.976088476 33.7774293352 -0.313451
-117.929083841 33.7552451806 -0.315902
-117.882103131 33.7330426453 -0.317859
-117.835146351 33.7108217738 -0.319026
-117.7882135 33.6885826105 -0.323158
-117.741304582 33.6663251999 -0.328467
-117.694419599 33.6440495864 -0.331616
-117.647558552 33.6217558144 -0.334328
-117.600721442 33.5994439286 -0.336965
-117.553908272 33.5771139732 -0.338515
-117.507119043 33.554765993 -0.342021
-117.460353756 33.5324000322 -0.347283
-117.413612411 33.5100161355 -0.347513
-117.366895012 33.4876143474 -0.34207
-119.180445852 34.3871284322 -0.400474
-119.132803567 34.365428271 -0.39735
-119.085185172 34.3437085665 -0.391679
-119.037590672 34.321969363 -0.385444
-118.990020072 34.3002107047 -0.375079
-118.942473377 34.2784326358 -0.360853
-118.894950593 34.2566352005 -0.345794
-118.847451724 34.234818443 -0.330351
-118.799976775 34.2129824076 -0.314908
-118.752525751 34.1911271386 -0.297588
-118.705098317 34.1692526848 -0.27604
-118.657695155 34.1473590812 -0.250237
-118.610315931 34.1254463767 -0.224031
-118.56296065 34.1035146158 -0.199868
-118.515629314 34.0815638427 -0.179516
-118.468321928 34.0595941018 -0.16648
-118.421038495 34.0376054374 -0.159135
-118.37377902 34.015597894 -0.165806
-118.326543505 33.9935715158 -0.182702
-118.279331954 33.9715263473 -0.199333
-118.232144371 33.9494624328 -0.215767
-118.184980758 33.9273798168 -0.23393
-118.137841119 33.9052785437 -0.243988
-118.090725118 33.8831586609 -0.255506
-118.043633435 33.8610202067 -0.268616
-117.996565733 33.8388632287 -0.282104
-117.949522015 33.8166877714 -0.288527
-117.902502285 33.7944938792 -0.287749
-117.855506543 33.7722815967 -0.284174
-117.808534793 33.7500509682 -0.27948
-117.761587036 33.7278020384 -0.277707
-117.714663274 33.7055348516 -0.279254
-117.667763509 33.6832494525 -0.280692
-117.620887743 33.6609458855 -0.2827
-117.574035977 33.6386241952 -0.283814
-117.527208214 33.6162844262 -0.283489
-117.480404453 33.5939266229 -0.284906
-117.433624696 33.5715508299 -0.288382
-117.386868946 33.5491570918 -0.290685
-117.340137201 33.5267454532 -0.294458
-119.154270307 34.4266337968 -0.344992
-119.106611265 34.4049241458 -0.334368
-119.058976177 34.3831949403 -0.325767
-119.011365048 34.3614462247 -0.3209
-118.963777884 34.3396780431 -0.308537
-118.91621469 34.3178904399 -0.292732
-118.86867547 34.2960834592 -0.277552
-118.82116023 34.2742571455 -0.263032
-118.773668974 34.2524115429 -0.249356
-118.726201706 34.2305466959 -0.234299
-118.678758093 34.2086626534 -0.214779
-118.631338816 34.1867594503 -0.190429
-118.583943542 34.1648371358 -0.166897
-118.536572273 34.1428957542 -0.148203
-118.489225013 34.12093535 -0.130289
-118.441901768 34.0989559675 -0.118493
-118.394602539 34.0769576511 -0.116138
-118.347327332 34.0549404452 -0.127915
-118.300076148 34.0329043944 -0.152997
-118.252848993 34.010849543 -0.174851
-118.205645868 33.9887759355 -0.194293
-118.158466777 33.9666836163 -0.20826
-118.111311723 33.9445726299 -0.218208
-118.064180371 33.9224430238 -0.22776
-118.017073399 33.9002948365 -0.238576
-117.969990472 33.8781281155 -0.247923
-117.922931593 33.8559429053 -0.251495
-117.875896763 33.8337392505 -0.248338
-117.828885986 33.8115171957 -0.240675
-117.781899263 33.7892767852 -0.229963
-117.734936596 33.7670180638 -0.22258
-117.687997987 33.744741076 -0.220447
-117.641083438 33.7224458663 -0.219744
-117.59419295 33.7001324793 -0.221766
-117.547326526 33.6778009596 -0.222984
-117.500484165 33.6554513519 -0.220943
-117.453665871 33.6330837006 -0.22162
-117.406871643 33.6106980506 -0.222707
-117.360101483 33.5882944462 -0.230984
-117.313355392 33.5658729322 -0.247721
-119.128070757 34.4661319862 -0.292024
-119.080394953 34.4444128197 -0.280283
-119.032743168 34.4226740877 -0.269597
-118.985115407 34.4009158342 -0.256851
-118.937511675 34.3791381037 -0.237806
-118.889931977 34.3573409405 -0.219683
-118.842376318 34.335524389 -0.204077
-118.794844703 34.3136884934 -0.192315
-118.747337136 34.2918332981 -0.180689
-118.699853622 34.2699588476 -0.167444
-118.652393827 34.2480651908 -0.148711
-118.604958772 34.2261523583 -0.12636
-118.557547104 34.2042204127 -0.102918
-118.510159845 34.182269385 -0.0859379
-118.46279666 34.1602993242 -0.0738699
-118.415457552 34.1383102746 -0.0676719
-118.368142526 34.1163022808 -0.0713693
-118.320851584 34.0942753872 -0.0883478
-118.27358473 34.0722296383 -0.113867
-118.226341967 34.0501650787 -0.136729
-118.179123299 34.0280817528 -0.155356
-118.131928728 34.0059797052 -0.167245
-118.084758258 33.9838589803 -0.17739
-118.037611553 33.9617196257 -0.186365
-117.990489291 33.93956168 -0.195797
-117.943391138 33.9173851907 -0.203676
-117.896317096 33.8951902025 -0.20514
-117.849267167 33.8729767599 -0.199541
-117.802241353 33.8507449075 -0.188588
-117.755239656 33.82849469 -0.174338
-117.708262079 33.8062261519 -0.161814
-117.661308622 33.7839393379 -0.152522
-117.614379288 33.7616342925 -0.148184
-117.567474079 33.7393110605 -0.151326
-117.520592995 33.7169696865 -0.153833
-117.473736039 33.6946102151 -0.155937
-117.42690321 33.672232691 -0.159873
-117.380094511 33.6498371588 -0.167437
-117.333309943 33.6274236633 -0.184161
-117.286549505 33.6049922491 -0.208548
-119.10184725 34.5056274814 -0.242451
-119.054154678 34.4838987739 -0.23284
-119.006486189 34.4621504896 -0.219056
-118.958841789 34.4403826728 -0.19608
-118.911221483 34.4185953679 -0.170495
-118.863625275 34.3967886193 -0.148426
-118.816053171 34.3749624713 -0.13175
-118.768505175 34.3531169684 -0.12322
-118.720981292 34.331252155 -0.112884
-118.673481527 34.3093680755 -0.100437
-118.626005883 34.2874647745 -0.0805004
-118.578554365 34.2655422963 -0.0548962
-118.531126638 34.2436006897 -0.0308974
-118.483723384 34.2216399906 -0.0179381
-118.436344268 34.1996602478 -0.0121782
-118.388989293 34.1776615058 -0.0102043
-118.341658464 34.1556438093 -0.0162349
-118.294351783 34.1336072026 -0.0333656
-118.247069254 34.1115517305 -0.0557846
-118.19981088 34.0894774373 -0.0776308
-118.152576664 34.0673843678 -0.0958934
-118.105366609 34.0452725665 -0.109924
-118.058180718 34.0231420779 -0.122316
-118.011018656 34.0009929496 -0.131523
-117.963881102 33.9788252203 -0.141301
-117.916767719 33.9566389376 -0.149913
-117.86967851 33.9344341463 -0.15084
-117.822613478 33.9122108908 -0.143391
-117.775572624 33.8899692158 -0.131667
-117.72855595 33.8677091661 -0.115891
-117.681563459 33.8454307863 -0.0998628
-117.634595152 33.8231341211 -0.0817536
-117.587651031 33.8008192151 -0.0765992
-117.540731097 33.778486113 -0.084145
-117.493835351 33.7561348596 -0.0913609
-117.446963796 33.7337654996 -0.099809
-117.400116431 33.7113780776 -0.110276
-117.353293259 33.6889726385 -0.127503
-117.306494279 33.6665492269 -0.149797
-117.259719494 33.6441078875 -0.180052
-119.075599609 34.5451157512 -0.193568
-119.027890264 34.523377477 -0.187221
-118.980205068 34.5016196148 -0.173371
-118.932544025 34.479842209 -0.147628
-118.884907141 34.458045304 -0.120236
-118.83729442 34.4362289442 -0.0930249
-118.789705867 34.4143931742 -0.0746534
-118.742141487 34.3925380384 -0.0635839
-118.694601285 34.3706635812 -0.0527907
-118.647085264 34.3487698472 -0.0380058
-118.59959343 34.326856881 -0.0146519
-118.552125786 34.3049247269 0.0169256
-118.504681997 34.2829734338 0.0454934
-118.457262745 34.2610030377 0.0557105
-118.409867696 34.2390135875 0.0569635
-118.362496852 34.2170051277 0.0586371
-118.315150218 34.1949777029 0.0556839
-118.267827795 34.1729313578 0.0420238
-118.220529589 34.150866137 0.0234422
-118.173255602 34.128782085 0.000406009
-118.126005837 34.1066792465 -0.0191559
-118.078780297 34.0845576662 -0.037397
-118.031578984 34.0624173886 -0.0533583
-117.984401564 34.0402584612 -0.0626651
-117.937248715 34.0180809231 -0.0738972
-117.890120101 33.9958848218 -0.0837799
-117.843015725 33.973670202 -0.086335
-117.795935588 33.9514371084 -0.0809093
-117.748879694 33.9291855858 -0.0717915
-117.701848043 33.9069156787 -0.0596983
-117.654840638 33.884627432 -0.0470636
-117.60785748 33.8623208904 -0.0339715
-117.56089857 33.8399960987 -0.0356383
-117.513963912 33.8176531015 -0.0462936
-117.467053504 33.7952919437 -0.060415
-117.42016735 33.77291267 -0.0740425
-117.37330545 33.7505153252 -0.0922613
-117.326467804 33.7280999541 -0.112891
-117.279654414 33.7056666015 -0.137474
-117.232865281 33.6832153121 -0.16205
-119.04932788 34.5846012766 -0.141196
-119.001601757 34.5628534101 -0.140435
-118.953899846 34.5410859444 -0.128144
-118.906222154 34.5192989239 -0.101977
-118.858568686 34.4974923933 -0.0733239
-118.810939445 34.4756663969 -0.0422904
-118.763334438 34.4538209793 -0.0209834
-118.715753669 34.431956185 -0.00833821
-118.668197141 34.4100720586 0.00387825
-118.62066486 34.3881686446 0.0202174
-118.57315683 34.3662459877 0.0460702
-118.525673054 34.3443041323 0.0837854
-118.478213198 34.3223431273 0.115917
-118.430777944 34.3003630088 0.125639
-118.383366956 34.2783638257 0.131424
-118.335980238 34.2563456228 0.138215
-118.288617794 34.2343084445 0.136415
-118.241279626 34.2122523356 0.122512
-118.193965738 34.1901773407 0.103979
-118.146676134 34.1680835046 0.080412
-118.099410815 34.1459708718 0.0611168
-118.052169785 34.1238394872 0.0416527
-118.004953047 34.1016893954 0.0299236
-117.957760264 34.0795206437 0.0178384
-117.910592117 34.0573332716 0.00325181
-117.863448269 34.0351273265 -0.00914622
-117.816328722 34.0129028531 -0.0147203
-117.769233478 33.9906598963 -0.0126384
-117.722162539 33.9683985007 -0.00994067
-117.675115908 33.9461187112 -0.00606855
-117.628093586 33.9238205726 -0.00281227
-117.581095574 33.9015041296 -0.00252281
-117.534121875 33.879169427 -0.0113438
-117.487172488 33.8568165097 -0.0281355
-117.440247417 33.8344454225 -0.0470234
-117.393346662 33.8120562101 -0.0665779
-117.346470223 33.7896489175 -0.0885912
-117.299618102 33.7672235895 -0.111573
-117.2527903 33.7447802709 -0.133017
-117.205986817 33.7223190065 -0.147141
-119.023031889 34.6240795263 -0.0791659
-118.975288982 34.6023220417 -0.076183
-118.927570354 34.5805449467 -0.0630819
-118.879876009 34.5587482859 -0.040488
-118.832205953 34.5369321038 -0.0132683
-118.784560189 34.5150964451 0.0170575
-118.736938724 34.4932413542 0.038697
-118.689341562 34.4713668759 0.0521494
-118.641768706 34.4494730546 0.0644538
-118.594220161 34.427559935 0.0798717
-118.546695932 34.4056275618 0.103873
-118.499196023 34.3836759796 0.135004
-118.451720097 34.361705237 0.159025
-118.404268837 34.3397153706 0.174367
-118.356841909 34.3177064292 0.184018
-118.309439315 34.2956784575 0.192782
-118.262061059 34.2736315003 0.188905
-118.214707144 34.2515656021 0.175197
-118.167377573 34.2294808078 0.156293
-118.120072349 34.2073771621 0.139319
-118.072791475 34.1852547097 0.124511
-118.025534954 34.1631134954 0.11383
-117.978302789 34.140953564 0.112077
-117.931094643 34.1187749628 0.105414
-117.883911196 34.0965777313 0.0899467
-117.836752112 34.074361917 0.0770886
-117.789617394 34.0521275648 0.0697888
-117.742507042 34.0298747195 0.0635243
-117.695421059 34.0076034258 0.0576756
-117.648359447 33.9853137287 0.0510166
-117.601322207 33.9630056729 0.0437441
-117.554309341 33.9406793033 0.033406
-117.507320851 33.9183346648 0.0177586
-117.460356738 33.8959718023 -0.00333445
-117.413417002 33.8735907606 -0.0248666
-117.366501646 33.8511915845 -0.0477545
-117.319610669 33.8287743191 -0.0711568
-117.272744074 33.8063390091 -0.0957312
-117.22590186 33.7838856995 -0.114688
-117.179084028 33.7614144352 -0.127337
-118.996711678 34.6635549813 -0.00369897
-118.948951982 34.6417878529 0.00517698
-118.90121663 34.620001103 0.0202152
-118.853505626 34.5981947762 0.0391252
-118.805818976 34.5763689172 0.0610747
-118.758156684 34.5545235705 0.0903145
-118.710518755 34.5326587808 0.109071
-118.662905193 34.5107745928 0.120562
-118.615316004 34.4888710511 0.130113
-118.56775119 34.4669482004 0.141819
-118.520210757 34.4450060854 0.159202
-118.472694708 34.4230447508 0.180089
-118.425202707 34.4010642453 0.197865
-118.377735438 34.3790646055 0.211939
-118.330292564 34.3570458804 0.222021
-118.282874089 34.3350081146 0.22987
-118.235480017 34.3129513529 0.224764
-118.188110349 34.2908756401 0.207485
-118.140765091 34.268781021 0.192126
-118.093444243 34.2466675403 0.183383
-118.046147811 34.224535243 0.175989
-117.998875795 34.2023841737 0.174257
-117.951628199 34.1802143774 0.177924
-117.904404686 34.1580259013 0.179944
-117.857205936 34.1358187853 0.174174
-117.810031613 34.1135930767 0.165722
-117.762881719 34.0913488204 0.157208
-117.715756256 34.0690860614 0.142389
-117.668655226 34.0468048444 0.128622
-117.62157863 34.0245052145 0.112119
-117.57452647 34.0021872165 0.0955905
-117.527498748 33.9798508952 0.077357
-117.480495464 33.9574962957 0.0563168
-117.433516621 33.9351234628 0.0329612
-117.386562219 33.9127324415 0.00961545
-117.339632259 33.8903232767 -0.0135622
-117.292726743 33.8678960134 -0.0384874
-117.245845671 33.8454506965 -0.064991
-117.198989043 33.822987371 -0.0863265
-117.152156861 33.8005060818 -0.1009
-118.970367076 34.70302311 0.0857149
-118.922590586 34.681246312 0.111827
-118.874838505 34.6594498814 0.135235
-118.827110839 34.6376338629 0.147477
-118.779407591 34.6157983011 0.161803
-118.731728767 34.5939432407 0.180986
-118.684074372 34.5720687265 0.192338
-118.636444408 34.5501748031 0.199519
-118.588838882 34.5282615153 0.203953
-118.541257797 34.5063289078 0.211552
-118.493701157 34.4843770254 0.221506
-118.446168966 34.4624059128 0.234334
-118.398660888 34.4404156188 0.245191
-118.351177606 34.4184061801 0.255191
-118.303718785 34.3963776456 0.261291
-118.256284427 34.3743300601 0.264695
-118.208874536 34.3522634685 0.256697
-118.161489115 34.3301779156 0.24276
-118.114128167 34.3080734462 0.2309
-118.066791695 34.2859501052 0.224661
-118.019479701 34.2638079374 0.220024
-117.972192189 34.2416469878 0.221815
-117.924929161 34.2194673012 0.226788
-117.87769028 34.1972689249 0.235708
-117.830476226 34.1750518989 0.237928
-117.783286664 34.1528162707 0.23813
-117.736121594 34.1305620851 0.231264
-117.688981019 34.1082893871 0.217829
-117.641864941 34.0859982216 0.200502
-117.594773361 34.0636886337 0.17921
-117.54770628 34.0413606681 0.156289
-117.500663701 34.01901437 0.132323
-117.453645625 33.9966497843 0.107658
-117.406652052 33.974266956 0.0828539
-117.359682983 33.95186593 0.0590619
-117.312738421 33.9294467514 0.0355986
-117.265818365 33.9070094651 0.00990025
-117.218922817 33.8845541163 -0.0183722
-117.172051776 33.8620807498 -0.0440874
-117.125205244 33.8395894107 -0.0699177
-118.943998122 34.7424883935 0.184158
-118.896204833 34.7207019002 0.236819
-118.848436018 34.6988957632 0.272685
-118.800691683 34.6770700273 0.276048
-118.752971832 34.6552247371 0.282984
-118.70527647 34.6333599374 0.292473
-118.657605601 34.611475673 0.296367
-118.60995923 34.5895719887 0.297471
-118.562337362 34.5676489292 0.296436
-118.51474 34.5457065393 0.299804
-118.467167148 34.523744864 0.302651
-118.41961881 34.5017639479 0.308582
-118.372094649 34.4797638397 0.312016
-118.324595351 34.4577445766 0.316618
-118.277120577 34.4357062073 0.316198
-118.229670332 34.4136487767 0.31377
-118.182244618 34.3915723298 0.304159
-118.134843438 34.3694769113 0.294439
-118.087466797 34.3473625662 0.283607
-118.040114696 34.3252293395 0.276457
-117.992787138 34.303077276 0.271493
-117.945484125 34.2809064206 0.272581
-117.898205661 34.2587168184 0.278175
-117.850951409 34.2365085166 0.291249
-117.803722048 34.2142815554 0.300193
-117.756517243 34.1920359822 0.308327
-117.709336994 34.169771842 0.3072
-117.662181304 34.1474891798 0.298251
-117.615050175 34.1251880406 0.280609
-117.567943608 34.1028684694 0.256208
-117.520861604 34.0805305113 0.227522
-117.473804165 34.0581742111 0.198963
-117.426771293 34.0357996141 0.170823
-117.379762988 34.0134067652 0.145001
-117.332779251 33.9909957094 0.118919
-117.285820084 33.9685664919 0.0949421
-117.238885487 33.9461191577 0.0651097
-117.19197546 33.9236537518 0.0345776
-117.145090005 33.9011703193 -0.000769561
-117.098229122 33.8786689054 -0.0420386
-118.917604646 34.7819463001 0.277972
-118.869794553 34.7601500856 0.364227
-118.822009001 34.7383342164 0.421166
-118.774247993 34.7164987372 0.433514
-118.726511536 34.6946436928 0.445383
-118.678799632 34.6727691281 0.446859
-118.631112288 34.6508750877 0.450246
-118.583449507 34.6289616167 0.442201
-118.535811293 34.6070287598 0.440359
-118.488197651 34.5850765619 0.434813
-118.440608585 34.5631050679 0.434629
-118.393044097 34.5411143226 0.430021
-118.345503852 34.5191043748 0.429208
-118.297988534 34.4970752616 0.423736
-118.250497806 34.4750270319 0.419103
-118.203031672 34.4529597307 0.408732
-118.155590133 34.4308734028 0.39903
-118.108173194 34.4087680932 0.387582
-118.060780857 34.386643847 0.378099
-118.013413126 34.364500709 0.368692
-117.966070002 34.3423387242 0.363988
-117.918751488 34.3201579377 0.362208
-117.871457587 34.2979583945 0.368214
-117.824187962 34.2757401418 0.379253
-117.776943294 34.2535032199 0.391175
-117.729723244 34.2312476765 0.402352
-117.682527816 34.2089735563 0.406424
-117.635357011 34.1866809046 0.401763
-117.58821083 34.1643697664 0.38366
-117.541089276 34.1420401867 0.353405
-117.493992349 34.1196922107 0.317726
-117.446920051 34.0973258833 0.283113
-117.399872383 34.0749412498 0.251291
-117.352849346 34.0525383551 0.220891
-117.305850941 34.0301172444 0.188853
-117.25887717 34.0076779629 0.152974
-117.211928032 33.9852205555 0.111733
-117.165003528 33.9627450675 0.069496
-117.118103659 33.940251544 0.0223417
-117.071228425 33.9177400302 -0.0247108
-118.891186687 34.8214013107 0.343861
-118.843359785 34.7995953494 0.469619
-118.795557488 34.7777697222 0.539319
-118.747779802 34.7559244741 0.562295
-118.700026732 34.7340596498 0.579631
-118.652298282 34.7121752942 0.583763
-118.604594456 34.6902714523 0.589315
-118.556915259 34.668348169 0.580168
-118.509260695 34.646405489 0.579568
-118.461630768 34.6244434575 0.572436
-118.414025481 34.6024621192 0.570169
-118.366444839 34.5804615192 0.561423
-118.318888505 34.5584417061 0.557726
-118.271357163 34.5364027173 0.547896
-118.223850476 34.5143446017 0.540972
-118.176368447 34.4922674043 0.527513
-118.12891108 34.47017117 0.518113
-118.081478377 34.4480559439 0.507412
-118.034070341 34.425921771 0.498811
-117.986686975 34.4037686964 0.490131
-117.939328281 34.381596765 0.484979
-117.891994263 34.3594060219 0.48229
-117.844684922 34.3371965123 0.486166
-117.79739992 34.3149682833 0.4948
-117.75013994 34.2927213756 0.506857
-117.702904644 34.2704558365 0.520671
-117.655694033 34.2481717111 0.528489
-117.60850811 34.2258690446 0.528769
-117.561346875 34.2035478821 0.505243
-117.51421033 34.1812082687 0.464022
-117.467098478 34.1588502496 0.415035
-117.420011318 34.1364738698 0.373972
-117.372948852 34.1140791745 0.334451
-117.325911081 34.091666209 0.298764
-117.278898007 34.0692350183 0.254465
-117.231909628 34.0467856475 0.200259
-117.184945948 34.024318142 0.143769
-117.138006965 34.0018325469 0.0856786
-117.09109268 33.9793289073 0.0303303
-117.044203094 33.9568072685 -0.0182745
-118.864744076 34.8608488937 0.350618
-118.816900359 34.8390331595 0.446555
-118.769081315 34.8171977485 0.49749
-118.721286948 34.7953427055 0.535817
-118.673517262 34.7734680755 0.557811
-118.625772261 34.7515739034 0.583246
-118.578051951 34.7296602341 0.598218
-118.530356336 34.7077271126 0.614038
-118.482685419 34.6857745839 0.623973
-118.435039204 34.6638026929 0.630804
-118.387417695 34.6418114847 0.634409
-118.339820897 34.6198010042 0.63724
-118.292248471 34.5977713002 0.640536
-118.244701103 34.5757224102 0.641217
-118.197178455 34.553654383 0.642828
-118.14968053 34.5315672638 0.638949
-118.102207332 34.5094610975 0.639109
-118.054758864 34.4873359293 0.633623
-118.007335127 34.4651918042 0.632903
-117.959936125 34.4430287674 0.627044
-117.912561861 34.4208468638 0.628518
-117.865212336 34.3986461387 0.626093
-117.817887554 34.3764266372 0.634869
-117.770587175 34.3541884066 0.641164
-117.723311883 34.3319314875 0.659124
-117.67606134 34.3096559274 0.672188
-117.628835546 34.2873617714 0.686815
-117.581634503 34.2650490648 0.680935
-117.534458214 34.2427178527 0.648958
-117.48730668 34.2203681803 0.579353
-117.440179901 34.1980000928 0.512911
-117.39307788 34.1756136353 0.455452
-117.346000616 34.1532088531 0.40582
-117.298948112 34.1307857915 0.35545
-117.251920368 34.1083444955 0.297433
-117.204917384 34.0858850105 0.228559
-117.157939161 34.0634073816 0.160256
-117.1109857 34.0409116542 0.0921861
-117.064057001 34.0183978735 0.0317343
-117.017153064 33.9958660847 -0.0220965
-118.838276848 34.9002935298 0.301401
-118.790416312 34.8784679971 0.33552
-118.742580514 34.8566227765 0.369995
-118.694769459 34.8347579129 0.411256
-118.646983151 34.8128734514 0.446288
-118.599221595 34.790969437 0.488108
-118.551484795 34.7690459146 0.522563
-118.503772756 34.7471029293 0.564358
-118.45608548 34.7251405261 0.590473
-118.408422972 34.7031587501 0.610292
-118.360785237 34.6811576463 0.625804
-118.313172277 34.6591372598 0.643453
-118.265583754 34.6370976392 0.658479
-118.218020356 34.6150388223 0.674722
-118.170481742 34.5929608581 0.687295
-118.122967918 34.5708637915 0.699072
-118.075478885 34.5487476677 0.707867
-118.028014646 34.5266125319 0.712123
-117.980575205 34.5044584291 0.717108
-117.933160564 34.4822854046 0.719185
-117.885770725 34.4600935035 0.724902
-117.838405691 34.437882771 0.728505
-117.791065463 34.4156532522 0.739158
-117.743749705 34.3934049944 0.748905
-117.696459098 34.3711380386 0.767909
-117.649193303 34.3488524322 0.785727
-117.601952323 34.3265482203 0.800228
-117.55473616 34.3042254483 0.794054
-117.507544813 34.2818841613 0.748221
-117.460378286 34.2595244045 0.642814
-117.413236579 34.2371462234 0.561212
-117.366119694 34.214749663 0.492315
-117.319027631 34.1923347687 0.43281
-117.271960391 34.1699015857 0.369125
-117.224917975 34.1474501593 0.302602
-117.177900383 34.1249805349 0.223533
-117.130907617 34.1024927576 0.150842
-117.083939676 34.0799868728 0.0793332
-117.036996561 34.0574629258 0.017636
-116.990078272 34.0349209619 -0.039766
-118.811784836 34.9397306873 0.236476
-118.763907477 34.91789533 0.244201
-118.716054922 34.8960402738 0.267143
-118.668227177 34.8741655638 0.300769
-118.620424244 34.8522712449 0.338662
-118.57264613 34.8303573623 0.378081
-118.524892837 34.808423961 0.416238
-118.47716437 34.7864710861 0.457538
-118.429460734 34.7644987826 0.483951
-118.381781931 34.7425070958 0.507581
-118.334127966 34.7204960706 0.523951
-118.286498842 34.6984657523 0.546939
-118.238894222 34.6764161894 0.561074
-118.19131479 34.6543474201 0.581127
-118.14376021 34.632259493 0.590582
-118.096230483 34.6101524535 0.609112
-118.048725614 34.5880263465 0.613593
-118.001245604 34.5658812175 0.62537
-117.953790457 34.5437171115 0.625027
-117.906360175 34.5215340737 0.635812
-117.858954761 34.4993321495 0.635941
-117.811574216 34.477111384 0.648865
-117.764218543 34.4548718224 0.652438
-117.716887404 34.4326135121 0.669854
-117.66958148 34.4103364941 0.679722
-117.622300435 34.3880408159 0.702843
-117.575044269 34.3657265227 0.70643
-117.527812983 34.3433936598 0.705986
-117.48060658 34.3210422726 0.649153
-117.43342506 34.2986724062 0.564186
-117.386268425 34.2762841061 0.483339
-117.339136676 34.2538774175 0.419005
-117.292029813 34.2314523858 0.353652
-117.244947838 34.2090090563 0.293557
-117.197890751 34.1865474743 0.225274
-117.150858553 34.1640676852 0.157107
-117.103851244 34.1415697343 0.0882083
-117.056868824 34.119053667 0.0247401
-117.009911294 34.0965195286 -0.0303609
-116.962978654 34.0739673645 -0.0715447
-118.785268074 34.979164847 0.18029
-118.737373886 34.9573196393 0.175736
-118.689504569 34.9354547218 0.188285
-118.641660126 34.9135701395 0.216414
-118.593840564 34.8916659375 0.24609
-118.546045885 34.8697421609 0.27356
-118.498276094 34.8477988549 0.302903
-118.450531195 34.8258360646 0.330057
-118.402811193 34.8038538352 0.350959
-118.35511609 34.7818522118 0.366386
-118.30744589 34.7598312396 0.380893
-118.259800598 34.7377909638 0.397142
-118.212179874 34.7157314331 0.408294
-118.164584406 34.6936526856 0.416071
-118.117013854 34.6715547702 0.423242
-118.069468221 34.649437732 0.4329
-118.021947511 34.6273016164 0.437205
-117.974451727 34.6051464685 0.441174
-117.92698087 34.5829723337 0.442392
-117.879534944 34.5607792573 0.447506
-117.83211395 34.5385672844 0.450513
-117.784717891 34.5163364604 0.458809
-117.737346769 34.4940868306 0.464575
-117.690000246 34.4718184423 0.475077
-117.642679004 34.4495313368 0.484536
-117.595382704 34.4272255614 0.49742
-117.548111349 34.4049011615 0.501564
-117.500864939 34.3825581825 0.499096
-117.453643476 34.3601966696 0.459119
-117.406446961 34.3378166683 0.402418
-117.359275396 34.315418224 0.338766
-117.31212878 34.2930013819 0.281059
-117.265007116 34.2705661876 0.223105
-117.217910404 34.2481126863 0.169474
-117.170838644 34.2256409235 0.11278
-117.123791837 34.2031509445 0.0611121
-117.076769984 34.1806427948 0.00449926
-117.029773084 34.1581165198 -0.0498142
-116.982801138 34.135572165 -0.0890361
-116.935854145 34.1130097756 -0.104849
-118.758726398 35.0185914768 0.138905
-118.710815377 34.9967363928 0.134138
-118.662929294 34.9748615879 0.143804
-118.615068152 34.9529671074 0.162528
-118.567231955 34.9310529963 0.18441
-118.51942071 34.9091192999 0.203443
-118.471634418 34.8871660633 0.225612
-118.423873085 34.8651933318 0.242892
-118.376136713 34.8432011505 0.259643
-118.328425308 34.8211895648 0.269387
-118.280738872 34.7991586198 0.282714
-118.233077409 34.7771083608 0.291502
-118.18544058 34.7550388363 0.300539
-118.137829073 34.732950085 0.301839
-118.090242548 34.7108421554 0.308734
-118.042681008 34.688715093 0.310707
-117.995144456 34.666568943 0.315813
-117.947632895 34.6444037507 0.314109
-117.900146327 34.6222195615 0.318229
-117.852684755 34.6000164207 0.31786
-117.805248181 34.5777943737 0.324319
-117.757836608 34.5555534657 0.326689
-117.710450036 34.5332937422 0.335223
-117.663088128 34.5110152503 0.338813
-117.615751567 34.4887180317 0.349298
-117.568440013 34.4664021337 0.352796
-117.521153468 34.4440676016 0.358478
-117.473891934 34.421714481 0.349382
-117.426655411 34.3993428172 0.323373
-117.379443902 34.3769526556 0.279594
-117.332257406 34.3545440417 0.232252
-117.285095925 34.3321170208 0.180692
-117.23795946 34.3096716385 0.133172
-117.190848011 34.2872079402 0.0843417
-117.14376158 34.2647259713 0.0396475
-117.096700165 34.2422257772 -0.00474839
-117.049663768 34.2197074036 -0.0491639
-117.002652389 34.1971708957 -0.0918781
-116.955666028 34.1746162992 -0.116473
-116.908704685 34.1520436595 -0.126801
