-119.336999976 34.1500010364 -0.423084
-119.289458115 34.1283572771 -0.430747
-119.241939758 34.1066940424 -0.437162
-119.194444913 34.0850113761 -0.440808
-119.146973585 34.063309322 -0.437787
-119.099525778 34.041587924 -0.426214
-119.052101499 34.019847226 -0.410118
-119.004700752 33.9980872718 -0.392509
-118.957323543 33.9763081053 -0.374734
-118.909969877 33.9545097704 -0.356944
-118.86263942 33.9326923162 -0.339003
-118.815332853 33.9108557762 -0.321014
-118.768049843 33.8890001996 -0.303569
-118.720790395 33.8671256304 -0.287543
-118.673554511 33.8452321126 -0.273803
-118.626342198 33.8233196901 -0.263087
-118.579153458 33.801388407 -0.255969
-118.531988297 33.7794383072 -0.252919
-118.484846717 33.7574694348 -0.254575
-118.437728722 33.7354818338 -0.261643
-118.390634316 33.7134755483 -0.251502
-118.343563503 33.6914506223 -0.228899
-118.296516285 33.6694071 -0.217687
-118.24949233 33.6473450287 -0.211298
-118.202492314 33.6252644457 -0.209309
-118.155515903 33.6031653985 -0.211539
-118.1085631 33.5810479314 -0.217327
-118.061633908 33.5589120884 -0.22598
-118.01472833 33.5367579137 -0.236859
-117.967846367 33.5145854513 -0.249319
-117.920988023 33.4923947456 -0.262659
-117.8741533 33.4701858406 -0.276312
-117.827342199 33.4479587805 -0.290027
-117.780554724 33.4257136095 -0.303774
-117.733790875 33.4034503717 -0.317572
-117.687050655 33.3811691115 -0.331346
-117.640334066 33.358869873 -0.344743
-117.593641108 33.3365527004 -0.356738
-117.546971785 33.314217638 -0.364915
-117.500326096 33.2918647299 -0.36824
-119.310966774 34.1895354099 -0.410415
-119.263408189 34.1678823141 -0.418946
-119.215873173 34.1462097316 -0.426133
-119.168361732 34.1245177061 -0.431466
-119.120873871 34.1028062817 -0.427096
-119.073409595 34.0810755023 -0.411159
-119.02596891 34.0593254116 -0.391511
-118.978551822 34.0375560537 -0.372157
-118.931158334 34.0157674726 -0.353537
-118.883788453 33.9939597122 -0.33501
-118.836441844 33.9721328215 -0.315904
-118.789119188 33.9502868343 -0.296111
-118.741820153 33.9284217997 -0.276624
-118.694544742 33.9065377619 -0.258669
-118.64729296 33.8846347647 -0.243259
-118.600064768 33.8627105985 -0.23117
-118.552860257 33.8407698149 -0.22282
-118.505679386 33.8188102042 -0.218194
-118.458522159 33.7968318106 -0.216687
-118.411388581 33.774834678 -0.215253
-118.364278655 33.7528188505 -0.194161
-118.317192384 33.7307843724 -0.185104
-118.270129771 33.7087312878 -0.183071
-118.223090483 33.686659644 -0.179807
-118.176075197 33.6645694785 -0.181009
-118.129083578 33.6424608389 -0.186285
-118.08211563 33.6203337694 -0.194778
-118.035171355 33.5981883141 -0.205854
-117.988250756 33.5760245173 -0.218924
-117.941353835 33.5538424231 -0.233432
-117.894480595 33.5316420757 -0.24839
-117.847631038 33.5094235195 -0.263131
-117.800805165 33.4871867986 -0.277617
-117.75400298 33.4649319572 -0.292082
-117.707224483 33.4426590396 -0.306739
-117.660469677 33.4203680901 -0.321688
-117.613738564 33.3980591529 -0.336767
-117.567031144 33.3757322724 -0.351236
-117.520347419 33.3533874927 -0.359751
-117.473687391 33.3310248582 -0.360859
-119.284909948 34.229062758 -0.393995
-119.237334634 34.2074003001 -0.402942
-119.189782954 34.1857183442 -0.408753
-119.142254913 34.1640169341 -0.409041
-119.094750515 34.1422961138 -0.400708
-119.047269766 34.1205559273 -0.385425
-118.999812672 34.0987964186 -0.365518
-118.952379238 34.0770176317 -0.34667
-118.904969468 34.0552196105 -0.328505
-118.857583368 34.0334023991 -0.310139
-118.810220604 34.0115660465 -0.290247
-118.762881857 33.9897105866 -0.268296
-118.715566793 33.9678360688 -0.246581
-118.668275416 33.9459425369 -0.226569
-118.621007732 33.9240300352 -0.20934
-118.573763743 33.9020986076 -0.195704
-118.526543455 33.8801482985 -0.185767
-118.47934687 33.8581791518 -0.178591
-118.432173992 33.8361912116 -0.171081
-118.385024826 33.8141845223 -0.153918
-118.337899375 33.7921591279 -0.127002
-118.290797641 33.7701150725 -0.141245
-118.243719629 33.7480524005 -0.145864
-118.196665003 33.7259711592 -0.148473
-118.149634443 33.7038713862 -0.153732
-118.102627612 33.6817531292 -0.162638
-118.055644515 33.6596164323 -0.173742
-118.008685154 33.6374613397 -0.187067
-117.96174953 33.6152878958 -0.201913
-117.914837647 33.5930961448 -0.21845
-117.867949508 33.570886131 -0.234578
-117.821085113 33.5486578986 -0.249722
-117.774244465 33.526411492 -0.26434
-117.727427567 33.5041469553 -0.278995
-117.680634419 33.4818643331 -0.294018
-117.633865024 33.4595636695 -0.309653
-117.587119383 33.4372450088 -0.325785
-117.540397498 33.4149083955 -0.3411
-117.49369937 33.3925538738 -0.349273
-117.447025 33.3701814881 -0.350022
-119.258829555 34.2685875614 -0.372618
-119.211237506 34.246915716 -0.381716
-119.163669155 34.2252243613 -0.38387
-119.116124506 34.2035135412 -0.375468
-119.068603565 34.1817832997 -0.364066
-119.021106337 34.1600336808 -0.349997
-118.973632828 34.1382647287 -0.332965
-118.926183041 34.1164764873 -0.316239
-118.878756983 34.0946690007 -0.299224
-118.831354658 34.072842313 -0.281947
-118.783975733 34.0509964733 -0.261583
-118.736620888 34.0291315156 -0.237133
-118.68928979 34.0072474891 -0.213562
-118.641982443 33.985344438 -0.191599
-118.594698851 33.9634224064 -0.172612
-118.547439018 33.9414814386 -0.157742
-118.500202948 33.9195215785 -0.146793
-118.452990646 33.8975428705 -0.138503
-118.405802113 33.8755453588 -0.130931
-118.358637356 33.8535290875 -0.122611
-118.311496375 33.8314941009 -0.114987
-118.264379176 33.8094404432 -0.111265
-118.217285761 33.7873681587 -0.115508
-118.170215796 33.7652772948 -0.122924
-118.123169958 33.7431678892 -0.131805
-118.076147913 33.7210399896 -0.144217
-118.029149664 33.6988936402 -0.157062
-117.982175213 33.6767288854 -0.171711
-117.935224563 33.6545457694 -0.187061
-117.888297716 33.6323443366 -0.20525
-117.841394674 33.6101246313 -0.221322
-117.79451544 33.5878866978 -0.235821
-117.747660015 33.5656305805 -0.249816
-117.700828402 33.5433563238 -0.26407
-117.654020602 33.5210639719 -0.278872
-117.607236616 33.4987535693 -0.294463
-117.560476447 33.4764251603 -0.310813
-117.513740095 33.4540787894 -0.326921
-117.467027562 33.4317145009 -0.335303
-117.42033885 33.4093323392 -0.335213
-119.23272541 34.3081052896 -0.344829
-119.185116623 34.2864240311 -0.350358
-119.137531596 34.264723252 -0.348297
-119.089970336 34.2430029963 -0.338225
-119.042432848 34.221263308 -0.326152
-118.994919136 34.1995042312 -0.312082
-118.947429207 34.1777258102 -0.296385
-118.899963065 34.1559280888 -0.28044
-118.852520715 34.1341111114 -0.264031
-118.805102162 34.112274922 -0.247136
-118.757707072 34.0904195696 -0.226542
-118.710336127 34.0685450886 -0.202697
-118.662988991 34.0466515282 -0.178383
-118.61566567 34.0247389324 -0.154637
-118.568366168 34.0028073457 -0.134178
-118.521090488 33.9808568121 -0.118985
-118.473838635 33.9588873759 -0.10831
-118.426610612 33.9368990813 -0.100771
-118.379406423 33.9148919727 -0.0975928
-118.332226072 33.8928660942 -0.0982619
-118.285069561 33.8708214902 -0.0936158
-118.237936894 33.8487582049 -0.0919089
-118.190828074 33.8266762826 -0.103283
-118.143742767 33.8045757709 -0.113313
-118.09668165 33.7824567076 -0.125136
-118.04964439 33.7603191403 -0.138204
-118.002630987 33.7381631134 -0.151881
-117.955641446 33.7159886712 -0.164669
-117.908675768 33.693795858 -0.178666
-117.861733956 33.6715847184 -0.193596
-117.814816012 33.6493552966 -0.207798
-117.767921937 33.627107637 -0.221079
-117.721051735 33.604841784 -0.233801
-117.674205406 33.5825577822 -0.247154
-117.627382952 33.5602556757 -0.261331
-117.580584376 33.5379355092 -0.276032
-117.533809678 33.515597327 -0.291836
-117.487058859 33.4932411736 -0.307189
-117.440331922 33.4708670934 -0.315155
-117.393628867 33.4484751309 -0.315905
-119.20659757 34.3476204235 -0.31082
-119.158972036 34.3259297264 -0.312013
-119.111370328 34.3042194974 -0.307697
-119.063792449 34.2824897806 -0.298008
-119.016238407 34.2607406202 -0.286159
-118.968708206 34.2389720601 -0.27176
-118.921201851 34.2171841447 -0.256416
-118.873719348 34.1953769181 -0.240476
-118.8262607 34.1735504244 -0.224678
-118.778825913 34.1517047079 -0.208331
-118.731414652 34.1298398176 -0.189024
-118.6840276 34.107955788 -0.166897
-118.636664422 34.0860526683 -0.142987
-118.589325122 34.0641305027 -0.117741
-118.542009704 34.0421893354 -0.0970208
-118.494718173 34.0202292109 -0.0818325
-118.447450531 33.9982501733 -0.0732406
-118.400206783 33.9762522669 -0.0662838
-118.352986932 33.9542355362 -0.0693112
-118.305790982 33.9322000253 -0.0757495
-118.258618936 33.9101457787 -0.0801041
-118.211470797 33.8880728407 -0.0911038
-118.164346568 33.8659812556 -0.103034
-118.117245915 33.843871071 -0.113361
-118.070169516 33.8217423248 -0.125125
-118.023117035 33.7995950648 -0.138397
-117.976088476 33.7774293352 -0.150702
-117.929083841 33.7552451806 -0.160074
-117.882103131 33.7330426453 -0.170348
-117.835146351 33.7108217738 -0.179993
-117.7882135 33.6885826105 -0.191255
-117.741304582 33.6663251999 -0.202705
-117.694419599 33.6440495864 -0.214072
-117.647558552 33.6217558144 -0.226638
-117.600721442 33.5994439286 -0.239813
-117.553908272 33.5771139732 -0.252856
-117.507119043 33.554765993 -0.267297
-117.460353756 33.5324000322 -0.282102
-117.413612411 33.5100161355 -0.290593
-117.366895012 33.4876143474 -0.292032
-119.180445852 34.3871284322 -0.272203
-119.132803567 34.365428271 -0.268391
-119.085185172 34.3437085665 -0.261831
-119.037590672 34.321969363 -0.253827
-118.990020072 34.3002107047 -0.242696
-118.942473377 34.2784326358 -0.228525
-118.894950593 34.2566352005 -0.213696
-118.847451724 34.234818443 -0.198622
-118.799976775 34.2129824076 -0.184204
-118.752525751 34.1911271386 -0.169061
-118.705098317 34.1692526848 -0.151695
-118.657695155 34.1473590812 -0.131606
-118.610315931 34.1254463767 -0.109798
-118.56296065 34.1035146158 -0.0879284
-118.515629314 34.0815638427 -0.0699916
-118.468321928 34.0595941018 -0.0555203
-118.421038495 34.0376054374 -0.0408105
-118.37377902 34.015597894 -0.0417669
-118.326543505 33.9935715158 -0.0539753
-118.279331954 33.9715263473 -0.066005
-118.232144371 33.9494624328 -0.0781992
-118.184980758 33.9273798168 -0.093179
-118.137841119 33.9052785437 -0.100442
-118.090725118 33.8831586609 -0.108751
-118.043633435 33.8610202067 -0.118648
-117.996565733 33.8388632287 -0.130142
-117.949522015 33.8166877714 -0.139532
-117.902502285 33.7944938792 -0.147103
-117.855506543 33.7722815967 -0.15387
-117.808534793 33.7500509682 -0.160052
-117.761587036 33.7278020384 -0.167628
-117.714663274 33.7055348516 -0.176982
-117.667763509 33.6832494525 -0.187372
-117.620887743 33.6609458855 -0.199285
-117.574035977 33.6386241952 -0.211263
-117.527208214 33.6162844262 -0.222649
-117.480404453 33.5939266229 -0.235347
-117.433624696 33.5715508299 -0.24838
-117.386868946 33.5491570918 -0.257532
-117.340137201 33.5267454532 -0.264011
-119.154270307 34.4266337968 -0.231021
-119.106611265 34.4049241458 -0.221755
-119.058976177 34.3831949403 -0.213687
-119.011365048 34.3614462247 -0.207929
-118.963777884 34.3396780431 -0.196444
-118.91621469 34.3178904399 -0.181769
-118.86867547 34.2960834592 -0.167744
-118.82116023 34.2742571455 -0.154299
-118.773668974 34.2524115429 -0.141992
-118.726201706 34.2305466959 -0.128893
-118.678758093 34.2086626534 -0.113731
-118.631338816 34.1867594503 -0.0956518
-118.583943542 34.1648371358 -0.0774733
-118.536572273 34.1428957542 -0.0611926
-118.489225013 34.12093535 -0.0462071
-118.441901768 34.0989559675 -0.0335808
-118.394602539 34.0769576511 -0.0252507
-118.347327332 34.0549404452 -0.0292466
-118.300076148 34.0329043944 -0.0466627
-118.252848993 34.010849543 -0.0608539
-118.205645868 33.9887759355 -0.0737669
-118.158466777 33.9666836163 -0.0827031
-118.111311723 33.9445726299 -0.0894153
-118.064180371 33.9224430238 -0.0961359
-118.017073399 33.9002948365 -0.104134
-117.969990472 33.8781281155 -0.112377
-117.922931593 33.8559429053 -0.119864
-117.875896763 33.8337392505 -0.126395
-117.828885986 33.8115171957 -0.130969
-117.781899263 33.7892767852 -0.133827
-117.734936596 33.7670180638 -0.137893
-117.687997987 33.744741076 -0.14493
-117.641083438 33.7224458663 -0.153461
-117.59419295 33.7001324793 -0.164793
-117.547326526 33.6778009596 -0.175912
-117.500484165 33.6554513519 -0.185414
-117.453665871 33.6330837006 -0.197133
-117.406871643 33.6106980506 -0.208397
-117.360101483 33.5882944462 -0.221112
-117.313355392 33.5658729322 -0.234764
-119.128070757 34.4661319862 -0.18992
-119.080394953 34.4444128197 -0.17867
-119.032743168 34.4226740877 -0.169239
-118.985115407 34.4009158342 -0.159689
-118.937511675 34.3791381037 -0.144335
-118.889931977 34.3573409405 -0.128747
-118.842376318 34.335524389 -0.115481
-118.794844703 34.3136884934 -0.10543
-118.747337136 34.2918332981 -0.0957656
-118.699853622 34.2699588476 -0.08505
-118.652393827 34.2480651908 -0.0715823
-118.604958772 34.2261523583 -0.0563593
-118.557547104 34.2042204127 -0.0401785
-118.510159845 34.182269385 -0.0280509
-118.46279666 34.1602993242 -0.0190482
-118.415457552 34.1383102746 -0.0123781
-118.368142526 34.1163022808 -0.0108597
-118.320851584 34.0942753872 -0.018391
-118.27358473 34.0722296383 -0.03232
-118.226341967 34.0501650787 -0.045725
-118.179123299 34.0280817528 -0.0569455
-118.131928728 34.0059797052 -0.0634724
-118.084758258 33.9838589803 -0.0698645
-118.037611553 33.9617196257 -0.0760937
-117.990489291 33.93956168 -0.0827401
-117.943391138 33.9173851907 -0.0894827
-117.896317096 33.8951902025 -0.0956215
-117.849267167 33.8729767599 -0.10065
-117.802241353 33.8507449075 -0.103378
-117.755239656 33.82849469 -0.103927
-117.708262079 33.8062261519 -0.103872
-117.661308622 33.7839393379 -0.10476
-117.614379288 33.7616342925 -0.109677
-117.567474079 33.7393110605 -0.119079
-117.520592995 33.7169696865 -0.129223
-117.473736039 33.6946102151 -0.140936
-117.42690321 33.672232691 -0.153722
-117.380094511 33.6498371588 -0.168609
-117.333309943 33.6274236633 -0.186674
-117.286549505 33.6049922491 -0.208486
-119.10184725 34.5056274814 -0.149728
-119.054154678 34.4838987739 -0.137839
-119.006486189 34.4621504896 -0.126142
-118.958841789 34.4403826728 -0.112044
-118.911221483 34.4185953679 -0.0931482
-118.863625275 34.3967886193 -0.0746526
-118.816053171 34.3749624713 -0.0618064
-118.768505175 34.3531169684 -0.0558401
-118.720981292 34.331252155 -0.0488036
-118.673481527 34.3093680755 -0.0397654
-118.626005883 34.2874647745 -0.0267267
-118.578554365 34.2655422963 -0.0105761
-118.531126638 34.2436006897 0.00409166
-118.483723384 34.2216399906 0.0100069
-118.436344268 34.1996602478 0.0116138
-118.388989293 34.1776615058 0.0133714
-118.341658464 34.1556438093 0.0113886
-118.294351783 34.1336072026 0.00514612
-118.247069254 34.1115517305 -0.00415863
-118.19981088 34.0894774373 -0.0171487
-118.152576664 34.0673843678 -0.0283066
-118.105366609 34.0452725665 -0.0356786
-118.058180718 34.0231420779 -0.0432306
-118.011018656 34.0009929496 -0.0490748
-117.963881102 33.9788252203 -0.0552448
-117.916767719 33.9566389376 -0.0616349
-117.86967851 33.9344341463 -0.0670256
-117.822613478 33.9122108908 -0.0710881
-117.775572624 33.8899692158 -0.0731369
-117.72855595 33.8677091661 -0.0725038
-117.681563459 33.8454307863 -0.0683855
-117.634595152 33.8231341211 -0.0590015
-117.587651031 33.8008192151 -0.0612588
-117.540731097 33.778486113 -0.0721274
-117.493835351 33.7561348596 -0.0848018
-117.446963796 33.7337654996 -0.10034
-117.400116431 33.7113780776 -0.116754
-117.353293259 33.6889726385 -0.136599
-117.306494279 33.6665492269 -0.159668
-117.259719494 33.6441078875 -0.190128
-119.075599609 34.5451157512 -0.109447
-119.027890264 34.523377477 -0.0971611
-118.980205068 34.5016196148 -0.084348
-118.932544025 34.479842209 -0.0685353
-118.884907141 34.458045304 -0.0494063
-118.83729442 34.4362289442 -0.0287685
-118.789705867 34.4143931742 -0.0162011
-118.742141487 34.3925380384 -0.0108719
-118.694601285 34.3706635812 -0.00540135
-118.647085264 34.3487698472 0.00332327
-118.59959343 34.326856881 0.0175734
-118.552125786 34.3049247269 0.0366306
-118.504681997 34.2829734338 0.0534448
-118.457262745 34.2610030377 0.0549313
-118.409867696 34.2390135875 0.0502238
-118.362496852 34.2170051277 0.0505143
-118.315150218 34.1949777029 0.0496593
-118.267827795 34.1729313578 0.0462036
-118.220529589 34.150866137 0.0383932
-118.173255602 34.128782085 0.0244749
-118.126005837 34.1066792465 0.0119963
-118.078780297 34.0845576662 0.000953144
-118.031578984 34.0624173886 -0.00926848
-117.984401564 34.0402584612 -0.014367
-117.937248715 34.0180809231 -0.021172
-117.890120101 33.9958848218 -0.0277302
-117.843015725 33.973670202 -0.0335091
-117.795935588 33.9514371084 -0.0378353
-117.748879694 33.9291855858 -0.0408241
-117.701848043 33.9069156787 -0.0412833
-117.654840638 33.884627432 -0.037707
-117.60785748 33.8623208904 -0.0305569
-117.56089857 33.8399960987 -0.0363973
-117.513963912 33.8176531015 -0.0500292
-117.467053504 33.7952919437 -0.068013
-117.42016735 33.77291267 -0.0867857
-117.37330545 33.7505153252 -0.108725
-117.326467804 33.7280999541 -0.130769
-117.279654414 33.7056666015 -0.156529
-117.232865281 33.6832153121 -0.182263
-119.04932788 34.5846012766 -0.0675612
-119.001601757 34.5628534101 -0.0553434
-118.953899846 34.5410859444 -0.0419238
-118.906222154 34.5192989239 -0.0261658
-118.858568686 34.4974923933 -0.00735593
-118.810939445 34.4756663969 0.0145936
-118.763334438 34.4538209793 0.0266634
-118.715753669 34.431956185 0.030081
-118.668197141 34.4100720586 0.0346415
-118.62066486 34.3881686446 0.0432395
-118.57315683 34.3662459877 0.0591927
-118.525673054 34.3443041323 0.0815157
-118.478213198 34.3223431273 0.100751
-118.430777944 34.3003630088 0.0998618
-118.383366956 34.2783638257 0.0976188
-118.335980238 34.2563456228 0.101325
-118.288617794 34.2343084445 0.102003
-118.241279626 34.2122523356 0.09745
-118.193965738 34.1901773407 0.0873996
-118.146676134 34.1680835046 0.0713409
-118.099410815 34.1459708718 0.0576219
-118.052169785 34.1238394872 0.0445173
-118.004953047 34.1016893954 0.0365906
-117.957760264 34.0795206437 0.0293597
-117.910592117 34.0573332716 0.0199363
-117.863448269 34.0351273265 0.0126708
-117.816328722 34.0129028531 0.0055956
-117.769233478 33.9906598963 -0.000255757
-117.722162539 33.9683985007 -0.00675903
-117.675115908 33.9461187112 -0.0115235
-117.628093586 33.9238205726 -0.0142681
-117.581095574 33.9015041296 -0.0174446
-117.534121875 33.879169427 -0.0281513
-117.487172488 33.8568165097 -0.0460876
-117.440247417 33.8344454225 -0.0673963
-117.393346662 33.8120562101 -0.0910011
-117.346470223 33.7896489175 -0.115827
-117.299618102 33.7672235895 -0.140267
-117.2527903 33.7447802709 -0.162952
-117.205986817 33.7223190065 -0.178604
-119.023031889 34.6240795263 -0.0219027
-118.975288982 34.6023220417 -0.00656989
-118.927570354 34.5805449467 0.00851988
-118.879876009 34.5587482859 0.0234133
-118.832205953 34.5369321038 0.0404051
-118.784560189 34.5150964451 0.0584208
-118.736938724 34.4932413542 0.0671271
-118.689341562 34.4713668759 0.0689536
-118.641768706 34.4494730546 0.0727698
-118.594220161 34.427559935 0.0824654
-118.546695932 34.4056275618 0.0997625
-118.499196023 34.3836759796 0.121251
-118.451720097 34.361705237 0.135735
-118.404268837 34.3397153706 0.138562
-118.356841909 34.3177064292 0.140553
-118.309439315 34.2956784575 0.146344
-118.262061059 34.2736315003 0.146266
-118.214707144 34.2515656021 0.139195
-118.167377573 34.2294808078 0.126713
-118.120072349 34.2073771621 0.113151
-118.072791475 34.1852547097 0.101288
-118.025534954 34.1631134954 0.0920062
-117.978302789 34.140953564 0.0896931
-117.931094643 34.1187749628 0.084094
-117.883911196 34.0965777313 0.0727379
-117.836752112 34.074361917 0.0642615
-117.789617394 34.0521275648 0.0555965
-117.742507042 34.0298747195 0.0439831
-117.695421059 34.0076034258 0.0315977
-117.648359447 33.9853137287 0.01981
-117.601322207 33.9630056729 0.00945745
-117.554309341 33.9406793033 -0.00204753
-117.507320851 33.9183346648 -0.0176813
-117.460356738 33.8959718023 -0.0383058
-117.413417002 33.8735907606 -0.0611977
-117.366501646 33.8511915845 -0.0869843
-117.319610669 33.8287743191 -0.112652
-117.272744074 33.8063390091 -0.138326
-117.22590186 33.7838856995 -0.158178
-117.179084028 33.7614144352 -0.171542
-118.996711678 34.6635549813 0.0287736
-118.948951982 34.6417878529 0.049347
-118.90121663 34.620001103 0.0671111
-118.853505626 34.5981947762 0.080749
-118.805818976 34.5763689172 0.093101
-118.758156684 34.5545235705 0.106233
-118.710518755 34.5326587808 0.109739
-118.662905193 34.5107745928 0.107851
-118.615316004 34.4888710511 0.11067
-118.56775119 34.4669482004 0.121564
-118.520210757 34.4450060854 0.138635
-118.472694708 34.4230447508 0.160201
-118.425202707 34.4010642453 0.172347
-118.377735438 34.3790646055 0.173304
-118.330292564 34.3570458804 0.1777
-118.282874089 34.3350081146 0.185826
-118.235480017 34.3129513529 0.18468
-118.188110349 34.2908756401 0.172597
-118.140765091 34.268781021 0.160504
-118.093444243 34.2466675403 0.151452
-118.046147811 34.224535243 0.143696
-117.998875795 34.2023841737 0.138478
-117.951628199 34.1802143774 0.136839
-117.904404686 34.1580259013 0.133798
-117.857205936 34.1358187853 0.128075
-117.810031613 34.1135930767 0.121909
-117.762881719 34.0913488204 0.110807
-117.715756256 34.0690860614 0.0915685
-117.668655226 34.0468048444 0.0722042
-117.62157863 34.0245052145 0.0532933
-117.57452647 34.0021872165 0.0360999
-117.527498748 33.9798508952 0.0185433
-117.480495464 33.9574962957 -0.000694262
-117.433516621 33.9351234628 -0.0221051
-117.386562219 33.9127324415 -0.0456371
-117.339632259 33.8903232767 -0.0711958
-117.292726743 33.8678960134 -0.0976421
-117.245845671 33.8454506965 -0.12442
-117.198989043 33.822987371 -0.145317
-117.152156861 33.8005060818 -0.159179
-118.970367076 34.70302311 0.0845209
-118.922590586 34.681246312 0.115048
-118.874838505 34.6594498814 0.139017
-118.827110839 34.6376338629 0.151425
-118.779407591 34.6157983011 0.157679
-118.731728767 34.5939432407 0.160824
-118.684074372 34.5720687265 0.156165
-118.636444408 34.5501748031 0.152562
-118.588838882 34.5282615153 0.153362
-118.541257797 34.5063289078 0.163617
-118.493701157 34.4843770254 0.177743
-118.446168966 34.4624059128 0.19495
-118.398660888 34.4404156188 0.203739
-118.351177606 34.4184061801 0.208473
-118.303718785 34.3963776456 0.214705
-118.256284427 34.3743300601 0.22194
-118.208874536 34.3522634685 0.21861
-118.161489115 34.3301779156 0.206675
-118.114128167 34.3080734462 0.196343
-118.066791695 34.2859501052 0.190771
-118.019479701 34.2638079374 0.186411
-117.972192189 34.2416469878 0.183357
-117.924929161 34.2194673012 0.181052
-117.87769028 34.1972689249 0.177818
-117.830476226 34.1750518989 0.177189
-117.783286664 34.1528162707 0.17451
-117.736121594 34.1305620851 0.161352
-117.688981019 34.1082893871 0.138153
-117.641864941 34.0859982216 0.113167
-117.594773361 34.0636886337 0.0899997
-117.54770628 34.0413606681 0.0680943
-117.500663701 34.01901437 0.0467412
-117.453645625 33.9966497843 0.0253883
-117.406652052 33.974266956 0.00357179
-117.359682983 33.95186593 -0.0197029
-117.312738421 33.9294467514 -0.0444319
-117.265818365 33.9070094651 -0.0708172
-117.218922817 33.8845541163 -0.0979955
-117.172051776 33.8620807498 -0.121263
-117.125205244 33.8395894107 -0.142886
-118.943998122 34.7424883935 0.143744
-118.896204833 34.7207019002 0.190128
-118.848436018 34.6988957632 0.226787
-118.800691683 34.6770700273 0.237758
-118.752971832 34.6552247371 0.238976
-118.70527647 34.6333599374 0.230599
-118.657605601 34.611475673 0.218656
-118.60995923 34.5895719887 0.212492
-118.562337362 34.5676489292 0.209013
-118.51474 34.5457065393 0.217257
-118.467167148 34.523744864 0.225399
-118.41961881 34.5017639479 0.235962
-118.372094649 34.4797638397 0.242172
-118.324595351 34.4577445766 0.250536
-118.277120577 34.4357062073 0.255834
-118.229670332 34.4136487767 0.261629
-118.182244618 34.3915723298 0.256535
-118.134843438 34.3694769113 0.244568
-118.087466797 34.3473625662 0.235782
-118.040114696 34.3252293395 0.234086
-117.992787138 34.303077276 0.231584
-117.945484125 34.2809064206 0.230062
-117.898205661 34.2587168184 0.228229
-117.850951409 34.2365085166 0.226639
-117.803722048 34.2142815554 0.228831
-117.756517243 34.1920359822 0.229022
-117.709336994 34.169771842 0.216014
-117.662181304 34.1474891798 0.188333
-117.615050175 34.1251880406 0.159695
-117.567943608 34.1028684694 0.134355
-117.520861604 34.0805305113 0.108583
-117.473804165 34.0581742111 0.0845045
-117.426771293 34.0357996141 0.0614239
-117.379762988 34.0134067652 0.0395309
-117.332779251 33.9909957094 0.0153396
-117.285820084 33.9685664919 -0.00911577
-117.238885487 33.9461191577 -0.0382437
-117.19197546 33.9236537518 -0.066143
-117.145090005 33.9011703193 -0.095912
-117.098229122 33.8786689054 -0.128346
-118.917604646 34.7819463001 0.199947
-118.869794553 34.7601500856 0.28025
-118.822009001 34.7383342164 0.340476
-118.774247993 34.7164987372 0.359215
-118.726511536 34.6946436928 0.365451
-118.678799632 34.6727691281 0.348055
-118.631112288 34.6508750877 0.334845
-118.583449507 34.6289616167 0.31551
-118.535811293 34.6070287598 0.308608
-118.488197651 34.5850765619 0.305058
-118.440608585 34.5631050679 0.307921
-118.393044097 34.5411143226 0.308039
-118.345503852 34.5191043748 0.311411
-118.297988534 34.4970752616 0.313125
-118.250497806 34.4750270319 0.315095
-118.203031672 34.4529597307 0.31378
-118.155590133 34.4308734028 0.306442
-118.108173194 34.4087680932 0.295584
-118.060780857 34.386643847 0.288499
-118.013413126 34.364500709 0.286084
-117.966070002 34.3423387242 0.283367
-117.918751488 34.3201579377 0.282326
-117.871457587 34.2979583945 0.282059
-117.824187962 34.2757401418 0.286158
-117.776943294 34.2535032199 0.292092
-117.729723244 34.2312476765 0.296297
-117.682527816 34.2089735563 0.28496
-117.635357011 34.1866809046 0.25803
-117.58821083 34.1643697664 0.227129
-117.541089276 34.1420401867 0.197083
-117.493992349 34.1196922107 0.166408
-117.446920051 34.0973258833 0.138925
-117.399872383 34.0749412498 0.114225
-117.352849346 34.0525383551 0.090203
-117.305850941 34.0301172444 0.0619536
-117.25887717 34.0076779629 0.0279055
-117.211928032 33.9852205555 -0.0105878
-117.165003528 33.9627450675 -0.0477459
-117.118103659 33.940251544 -0.0859679
-117.071228425 33.9177400302 -0.120672
-118.891186687 34.8214013107 0.23104
-118.843359785 34.7995953494 0.354223
-118.795557488 34.7777697222 0.425739
-118.747779802 34.7559244741 0.454387
-118.700026732 34.7340596498 0.464801
-118.652298282 34.7121752942 0.447554
-118.604594456 34.6902714523 0.434385
-118.556915259 34.668348169 0.407895
-118.509260695 34.646405489 0.398926
-118.461630768 34.6244434575 0.389519
-118.414025481 34.6024621192 0.388535
-118.366444839 34.5804615192 0.382897
-118.318888505 34.5584417061 0.383522
-118.271357163 34.5364027173 0.379647
-118.223850476 34.5143446017 0.379075
-118.176368447 34.4922674043 0.372099
-118.12891108 34.47017117 0.366057
-118.081478377 34.4480559439 0.357943
-118.034070341 34.425921771 0.35295
-117.986686975 34.4037686964 0.349637
-117.939328281 34.381596765 0.347842
-117.891994263 34.3594060219 0.346828
-117.844684922 34.3371965123 0.350297
-117.79739992 34.3149682833 0.36095
-117.75013994 34.2927213756 0.371985
-117.702904644 34.2704558365 0.38336
-117.655694033 34.2481717111 0.375786
-117.60850811 34.2258690446 0.349617
-117.561346875 34.2035478821 0.313774
-117.51421033 34.1812082687 0.276652
-117.467098478 34.1588502496 0.235663
-117.420011318 34.1364738698 0.204427
-117.372948852 34.1140791745 0.174913
-117.325911081 34.091666209 0.148723
-117.278898007 34.0692350183 0.110775
-117.231909628 34.0467856475 0.0607042
-117.184945948 34.024318142 0.00902481
-117.138006965 34.0018325469 -0.0415113
-117.09109268 33.9793289073 -0.0854312
-117.044203094 33.9568072685 -0.118426
-118.864744076 34.8608488937 0.201719
-118.816900359 34.8390331595 0.289811
-118.769081315 34.8171977485 0.337035
-118.721286948 34.7953427055 0.376814
-118.673517262 34.7734680755 0.389682
-118.625772261 34.7515739034 0.398923
-118.578051951 34.7296602341 0.396752
-118.530356336 34.7077271126 0.397652
-118.482685419 34.6857745839 0.399607
-118.435039204 34.6638026929 0.404042
-118.387417695 34.6418114847 0.408899
-118.339820897 34.6198010042 0.414266
-118.292248471 34.5977713002 0.421912
-118.244701103 34.5757224102 0.427405
-118.197178455 34.553654383 0.435191
-118.14968053 34.5315672638 0.436759
-118.102207332 34.5094610975 0.441557
-118.054758864 34.4873359293 0.439514
-118.007335127 34.4651918042 0.44385
-117.959936125 34.4430287674 0.443405
-117.912561861 34.4208468638 0.450397
-117.865212336 34.3986461387 0.451776
-117.817887554 34.3764266372 0.464785
-117.770587175 34.3541884066 0.474907
-117.723311883 34.3319314875 0.494238
-117.67606134 34.3096559274 0.505279
-117.628835546 34.2873617714 0.505378
-117.581634503 34.2650490648 0.478011
-117.534458214 34.2427178527 0.438214
-117.48730668 34.2203681803 0.374768
-117.440179901 34.1980000928 0.319345
-117.39307788 34.1756136353 0.274473
-117.346000616 34.1532088531 0.238048
-117.298948112 34.1307857915 0.199655
-117.251920368 34.1083444955 0.15044
-117.204917384 34.0858850105 0.0870097
-117.157939161 34.0634073816 0.0256058
-117.1109857 34.0409116542 -0.0330204
-117.064057001 34.0183978735 -0.0805335
-117.017153064 33.9958660847 -0.120024
-118.838276848 34.9002935298 0.115931
-118.790416312 34.8784679971 0.132222
-118.742580514 34.8566227765 0.157858
-118.694769459 34.8347579129 0.196482
-118.646983151 34.8128734514 0.224803
-118.599221595 34.790969437 0.256786
-118.551484795 34.7690459146 0.279713
-118.503772756 34.7471029293 0.311936
-118.45608548 34.7251405261 0.332933
-118.408422972 34.7031587501 0.353224
-118.360785237 34.6811576463 0.370469
-118.313172277 34.6591372598 0.391242
-118.265583754 34.6370976392 0.410226
-118.218020356 34.6150388223 0.431432
-118.170481742 34.5929608581 0.450101
-118.122967918 34.5708637915 0.468102
-118.075478885 34.5487476677 0.481911
-118.028014646 34.5266125319 0.4908
-117.980575205 34.5044584291 0.501553
-117.933160564 34.4822854046 0.511
-117.885770725 34.4600935035 0.523424
-117.838405691 34.437882771 0.533865
-117.791065463 34.4156532522 0.549455
-117.743749705 34.3934049944 0.562005
-117.696459098 34.3711380386 0.582245
-117.649193303 34.3488524322 0.598122
-117.601952323 34.3265482203 0.601978
-117.55473616 34.3042254483 0.580804
-117.507544813 34.2818841613 0.531533
-117.460378286 34.2595244045 0.436026
-117.413236579 34.2371462234 0.367333
-117.366119694 34.214749663 0.313767
-117.319027631 34.1923347687 0.269245
-117.271960391 34.1699015857 0.220272
-117.224917975 34.1474501593 0.163714
-117.177900383 34.1249805349 0.0903564
-117.130907617 34.1024927576 0.025787
-117.083939676 34.0799868728 -0.0342258
-117.036996561 34.0574629258 -0.0841969
-116.990078272 34.0349209619 -0.130626
-118.811784836 34.9397306873 0.020063
-118.763907477 34.91789533 0.00849367
-118.716054922 34.8960402738 0.0219258
-118.668227177 34.8741655638 0.0519263
-118.620424244 34.8522712449 0.0869578
-118.57264613 34.8303573623 0.121037
-118.524892837 34.808423961 0.153716
-118.47716437 34.7864710861 0.189314
-118.429460734 34.7644987826 0.214367
-118.381781931 34.7425070958 0.239109
-118.334127966 34.7204960706 0.257991
-118.286498842 34.6984657523 0.282962
-118.238894222 34.6764161894 0.301725
-118.19131479 34.6543474201 0.328096
-118.14376021 34.632259493 0.345285
-118.096230483 34.6101524535 0.369683
-118.048725614 34.5880263465 0.38029
-118.001245604 34.5658812175 0.397373
-117.953790457 34.5437171115 0.404306
-117.906360175 34.5215340737 0.422155
-117.858954761 34.4993321495 0.429866
-117.811574216 34.477111384 0.449132
-117.764218543 34.4548718224 0.457766
-117.716887404 34.4326135121 0.477693
-117.66958148 34.4103364941 0.489696
-117.622300435 34.3880408159 0.511785
-117.575044269 34.3657265227 0.509866
-117.527812983 34.3433936598 0.501825
-117.48060658 34.3210422726 0.447186
-117.43342506 34.2986724062 0.371884
-117.386268425 34.2762841061 0.304572
-117.339136676 34.2538774175 0.25488
-117.292029813 34.2314523858 0.204853
-117.244947838 34.2090090563 0.15904
-117.197890751 34.1865474743 0.1012
-117.150858553 34.1640676852 0.0402333
-117.103851244 34.1415697343 -0.0190688
-117.056868824 34.119053667 -0.0716122
-117.009911294 34.0965195286 -0.117529
-116.962978654 34.0739673645 -0.153293
-118.785268074 34.979164847 -0.0586004
-118.737373886 34.9573196393 -0.0803943
-118.689504569 34.9354547218 -0.0764983
-118.641660126 34.9135701395 -0.0488527
-118.593840564 34.8916659375 -0.0196975
-118.546045885 34.8697421609 0.0069894
-118.498276094 34.8477988549 0.0343221
-118.450531195 34.8258360646 0.0593346
-118.402811193 34.8038538352 0.080571
-118.35511609 34.7818522118 0.0983022
-118.30744589 34.7598312396 0.114849
-118.259800598 34.7377909638 0.131789
-118.212179874 34.7157314331 0.148269
-118.164584406 34.6936526856 0.165878
-118.117013854 34.6715547702 0.18133
-118.069468221 34.649437732 0.196831
-118.021947511 34.6273016164 0.207608
-117.974451727 34.6051464685 0.218435
-117.92698087 34.5829723337 0.226975
-117.879534944 34.5607792573 0.238918
-117.83211395 34.5385672844 0.24875
-117.784717891 34.5163364604 0.262478
-117.737346769 34.4940868306 0.273045
-117.690000246 34.4718184423 0.287007
-117.642679004 34.4495313368 0.299407
-117.595382704 34.4272255614 0.313852
-117.548111349 34.4049011615 0.317377
-117.500864939 34.3825581825 0.314913
-117.453643476 34.3601966696 0.279801
-117.406446961 34.3378166683 0.232142
-117.359275396 34.315418224 0.180685
-117.31212878 34.2930013819 0.135889
-117.265007116 34.2705661876 0.0918659
-117.217910404 34.2481126863 0.051294
-117.170838644 34.2256409235 0.00528352
-117.123791837 34.2031509445 -0.0377293
-117.076769984 34.1806427948 -0.0845268
-117.029773084 34.1581165198 -0.128471
-116.982801138 34.135572165 -0.162125
-116.935854145 34.1130097756 -0.179377
-118.758726398 35.0185914768 -0.115339
-118.710815377 34.9967363928 -0.133908
-118.662929294 34.9748615879 -0.130835
-118.615068152 34.9529671074 -0.112844
-118.567231955 34.9310529963 -0.0907842
-118.51942071 34.9091192999 -0.0709391
-118.471634418 34.8871660633 -0.0491001
-118.423873085 34.8651933318 -0.031541
-118.376136713 34.8432011505 -0.0135574
-118.328425308 34.8211895648 -0.00100736
-118.280738872 34.7991586198 0.0141549
-118.233077409 34.7771083608 0.025317
-118.18544058 34.7550388363 0.0405298
-118.137829073 34.732950085 0.0514461
-118.090242548 34.7108421554 0.0660362
-118.042681008 34.688715093 0.074895
-117.995144456 34.666568943 0.0866952
-117.947632895 34.6444037507 0.0925739
-117.900146327 34.6222195615 0.103611
-117.852684755 34.6000164207 0.110296
-117.805248181 34.5777943737 0.122849
-117.757836608 34.5555534657 0.130917
-117.710450036 34.5332937422 0.144246
-117.663088128 34.5110152503 0.152415
-117.615751567 34.4887180317 0.166738
-117.568440013 34.4664021337 0.174037
-117.521153468 34.4440676016 0.182275
-117.473891934 34.421714481 0.177432
-117.426655411 34.3993428172 0.157557
-117.379443902 34.3769526556 0.123137
-117.332257406 34.3545440417 0.0865259
-117.285095925 34.3321170208 0.0470911
-117.23795946 34.3096716385 0.0118106
-117.190848011 34.2872079402 -0.0248254
-117.14376158 34.2647259713 -0.0594677
-117.096700165 34.2422257772 -0.0945252
-117.049663768 34.2197074036 -0.130143
-117.002652389 34.1971708957 -0.164517
-116.955666028 34.1746162992 -0.186777
-116.908704685 34.1520436595 -0.199101
