-119.336999976 34.1500010364 -0.517213
-119.289458115 34.1283572771 -0.528319
-119.241939758 34.1066940424 -0.53817
-119.194444913 34.0850113761 -0.545056
-119.146973585 34.063309322 -0.544433
-119.099525778 34.041587924 -0.534047
-119.052101499 34.019847226 -0.518485
-119.004700752 33.9980872718 -0.501182
-118.957323543 33.9763081053 -0.483646
-118.909969877 33.9545097704 -0.465998
-118.86263942 33.9326923162 -0.448044
-118.815332853 33.9108557762 -0.429908
-118.768049843 33.8890001996 -0.412319
-118.720790395 33.8671256304 -0.396312
-118.673554511 33.8452321126 -0.382853
-118.626342198 33.8233196901 -0.372713
-118.579153458 33.801388407 -0.366452
-118.531988297 33.7794383072 -0.364521
-118.484846717 33.7574694348 -0.367565
-118.437728722 33.7354818338 -0.376326
-118.390634316 33.7134755483 -0.365085
-118.343563503 33.6914506223 -0.339054
-118.296516285 33.6694071 -0.325522
-118.24949233 33.6473450287 -0.317471
-118.202492314 33.6252644457 -0.31405
-118.155515903 33.6031653985 -0.314862
-118.1085631 33.5810479314 -0.319097
-118.061633908 33.5589120884 -0.325976
-118.01472833 33.5367579137 -0.334843
-117.967846367 33.5145854513 -0.345078
-117.920988023 33.4923947456 -0.355984
-117.8741533 33.4701858406 -0.366968
-117.827342199 33.4479587805 -0.377731
-117.780554724 33.4257136095 -0.388224
-117.733790875 33.4034503717 -0.398495
-117.687050655 33.3811691115 -0.408531
-117.640334066 33.358869873 -0.418055
-117.593641108 33.3365527004 -0.42611
-117.546971785 33.314217638 -0.430309
-117.500326096 33.2918647299 -0.429703
-119.310966774 34.1895354099 -0.500467
-119.263408189 34.1678823141 -0.512489
-119.215873173 34.1462097316 -0.523225
-119.168361732 34.1245177061 -0.53217
-119.120873871 34.1028062817 -0.530133
-119.073409595 34.0810755023 -0.514818
-119.02596891 34.0593254116 -0.495245
-118.978551822 34.0375560537 -0.476025
-118.931158334 34.0157674726 -0.457603
-118.883788453 33.9939597122 -0.439155
-118.836441844 33.9721328215 -0.419859
-118.789119188 33.9502868343 -0.399614
-118.741820153 33.9284217997 -0.379696
-118.694544742 33.9065377619 -0.361586
-118.64729296 33.8846347647 -0.346391
-118.600064768 33.8627105985 -0.334872
-118.552860257 33.8407698149 -0.327386
-118.505679386 33.8188102042 -0.32382
-118.458522159 33.7968318106 -0.323418
-118.411388581 33.774834678 -0.322601
-118.364278655 33.7528188505 -0.299283
-118.317192384 33.7307843724 -0.288264
-118.270129771 33.7087312878 -0.28479
-118.223090483 33.686659644 -0.280518
-118.176075197 33.6645694785 -0.280721
-118.129083578 33.6424608389 -0.284906
-118.08211563 33.6203337694 -0.292043
-118.035171355 33.5981883141 -0.301398
-117.988250756 33.5760245173 -0.312435
-117.941353835 33.5538424231 -0.324697
-117.894480595 33.5316420757 -0.337212
-117.847631038 33.5094235195 -0.349266
-117.800805165 33.4871867986 -0.36073
-117.75400298 33.4649319572 -0.371789
-117.707224483 33.4426590396 -0.382725
-117.660469677 33.4203680901 -0.393735
-117.613738564 33.3980591529 -0.404747
-117.567031144 33.3757322724 -0.41512
-117.520347419 33.3533874927 -0.419473
-117.473687391 33.3310248582 -0.416454
-119.284909948 34.229062758 -0.479342
-119.237334634 34.2074003001 -0.49167
-119.189782954 34.1857183442 -0.500794
-119.142254913 34.1640169341 -0.504126
-119.094750515 34.1422961138 -0.497662
-119.047269766 34.1205559273 -0.483136
-118.999812672 34.0987964186 -0.46331
-118.952379238 34.0770176317 -0.444762
-118.904969468 34.0552196105 -0.426932
-118.857583368 34.0334023991 -0.408682
-118.810220604 34.0115660465 -0.388407
-118.762881857 33.9897105866 -0.365519
-118.715566793 33.9678360688 -0.343027
-118.668275416 33.9459425369 -0.322711
-118.621007732 33.9240300352 -0.305659
-118.573763743 33.9020986076 -0.292594
-118.526543455 33.8801482985 -0.283487
-118.47934687 33.8581791518 -0.277173
-118.432173992 33.8361912116 -0.270131
-118.385024826 33.8141845223 -0.252136
-118.337899375 33.7921591279 -0.223555
-118.290797641 33.7701150725 -0.237496
-118.243719629 33.7480524005 -0.241427
-118.196665003 33.7259711592 -0.243453
-118.149634443 33.7038713862 -0.248128
-118.102627612 33.6817531292 -0.256336
-118.055644515 33.6596164323 -0.266256
-118.008685154 33.6374613397 -0.277795
-117.96174953 33.6152878958 -0.290471
-117.914837647 33.5930961448 -0.304694
-117.867949508 33.570886131 -0.318348
-117.821085113 33.5486578986 -0.330798
-117.774244465 33.526411492 -0.342307
-117.727427567 33.5041469553 -0.353326
-117.680634419 33.4818643331 -0.364389
-117.633865024 33.4595636695 -0.375853
-117.587119383 33.4372450088 -0.387695
-117.540397498 33.4149083955 -0.39864
-117.49369937 33.3925538738 -0.402465
-117.447025 33.3701814881 -0.399041
-119.258829555 34.2685875614 -0.452582
-119.211237506 34.246915716 -0.464787
-119.163669155 34.2252243613 -0.469672
-119.116124506 34.2035135412 -0.463304
-119.068603565 34.1817832997 -0.453326
-119.021106337 34.1600336808 -0.440094
-118.973632828 34.1382647287 -0.423577
-118.926183041 34.1164764873 -0.407547
-118.878756983 34.0946690007 -0.391035
-118.831354658 34.072842313 -0.373994
-118.783975733 34.0509964733 -0.352984
-118.736620888 34.0291315156 -0.326892
-118.68928979 34.0072474891 -0.302288
-118.641982443 33.985344438 -0.279988
-118.594698851 33.9634224064 -0.261216
-118.547439018 33.9414814386 -0.246958
-118.500202948 33.9195215785 -0.236865
-118.452990646 33.8975428705 -0.229362
-118.405802113 33.8755453588 -0.222162
-118.358637356 33.8535290875 -0.2137
-118.311496375 33.8314941009 -0.205638
-118.264379176 33.8094404432 -0.201098
-118.217285761 33.7873681587 -0.204863
-118.170215796 33.7652772948 -0.212007
-118.123169958 33.7431678892 -0.220729
-118.076147913 33.7210399896 -0.232919
-118.029149664 33.6988936402 -0.24465
-117.982175213 33.6767288854 -0.257214
-117.935224563 33.6545457694 -0.270055
-117.888297716 33.6323443366 -0.285764
-117.841394674 33.6101246313 -0.299221
-117.79451544 33.5878866978 -0.31104
-117.747660015 33.5656305805 -0.321775
-117.700828402 33.5433563238 -0.332043
-117.654020602 33.5210639719 -0.342609
-117.607236616 33.4987535693 -0.353789
-117.560476447 33.4764251603 -0.365615
-117.513740095 33.4540787894 -0.377059
-117.467027562 33.4317145009 -0.381074
-117.42033885 33.4093323392 -0.376866
-119.23272541 34.3081052896 -0.418747
-119.185116623 34.2864240311 -0.426853
-119.137531596 34.264723252 -0.426871
-119.089970336 34.2430029963 -0.418301
-119.042432848 34.221263308 -0.407311
-118.994919136 34.1995042312 -0.393983
-118.947429207 34.1777258102 -0.378897
-118.899963065 34.1559280888 -0.363668
-118.852520715 34.1341111114 -0.347644
-118.805102162 34.112274922 -0.330739
-118.757707072 34.0904195696 -0.3091
-118.710336127 34.0685450886 -0.283609
-118.662988991 34.0466515282 -0.258254
-118.61566567 34.0247389324 -0.234342
-118.568366168 34.0028073457 -0.214188
-118.521090488 33.9808568121 -0.199678
-118.473838635 33.9588873759 -0.190058
-118.426610612 33.9368990813 -0.183426
-118.379406423 33.9148919727 -0.18082
-118.332226072 33.8928660942 -0.181736
-118.285069561 33.8708214902 -0.176865
-118.237936894 33.8487582049 -0.174837
-118.190828074 33.8266762826 -0.1864
-118.143742767 33.8045757709 -0.196698
-118.09668165 33.7824567076 -0.20885
-118.04964439 33.7603191403 -0.221913
-118.002630987 33.7381631134 -0.234394
-117.955641446 33.7159886712 -0.244596
-117.908675768 33.693795858 -0.255466
-117.861733956 33.6715847184 -0.267238
-117.814816012 33.6493552966 -0.278417
-117.767921937 33.627107637 -0.288835
-117.721051735 33.604841784 -0.297957
-117.674205406 33.5825577822 -0.307063
-117.627382952 33.5602556757 -0.316655
-117.580584376 33.5379355092 -0.326636
-117.533809678 33.515597327 -0.337672
-117.487058859 33.4932411736 -0.348521
-117.440331922 33.4708670934 -0.352345
-117.393628867 33.4484751309 -0.349379
-119.20659757 34.3476204235 -0.378194
-119.158972036 34.3259297264 -0.381387
-119.111370328 34.3042194974 -0.378672
-119.063792449 34.2824897806 -0.370141
-119.016238407 34.2607406202 -0.359049
-118.968708206 34.2389720601 -0.345128
-118.921201851 34.2171841447 -0.33021
-118.873719348 34.1953769181 -0.314779
-118.8262607 34.1735504244 -0.299089
-118.778825913 34.1517047079 -0.282302
-118.731414652 34.1298398176 -0.261763
-118.6840276 34.107955788 -0.237949
-118.636664422 34.0860526683 -0.213073
-118.589325122 34.0641305027 -0.187998
-118.542009704 34.0421893354 -0.167497
-118.494718173 34.0202292109 -0.152997
-118.447450531 33.9982501733 -0.146003
-118.400206783 33.9762522669 -0.140124
-118.352986932 33.9542355362 -0.144002
-118.305790982 33.9322000253 -0.150855
-118.258618936 33.9101457787 -0.155597
-118.211470797 33.8880728407 -0.167187
-118.164346568 33.8659812556 -0.179785
-118.117245915 33.843871071 -0.190942
-118.070169516 33.8217423248 -0.20334
-118.023117035 33.7995950648 -0.216868
-117.976088476 33.7774293352 -0.227771
-117.929083841 33.7552451806 -0.233662
-117.882103131 33.7330426453 -0.239899
-117.835146351 33.7108217738 -0.245358
-117.7882135 33.6885826105 -0.252996
-117.741304582 33.6663251999 -0.261362
-117.694419599 33.6440495864 -0.268876
-117.647558552 33.6217558144 -0.276877
-117.600721442 33.5994439286 -0.285236
-117.553908272 33.5771139732 -0.293156
-117.507119043 33.554765993 -0.302788
-117.460353756 33.5324000322 -0.313465
-117.413612411 33.5100161355 -0.318288
-117.366895012 33.4876143474 -0.316624
-119.180445852 34.3871284322 -0.3328
-119.132803567 34.365428271 -0.330669
-119.085185172 34.3437085665 -0.3254
-119.037590672 34.321969363 -0.318228
-118.990020072 34.3002107047 -0.307567
-118.942473377 34.2784326358 -0.293553
-118.894950593 34.2566352005 -0.278856
-118.847451724 34.234818443 -0.263874
-118.799976775 34.2129824076 -0.249245
-118.752525751 34.1911271386 -0.233418
-118.705098317 34.1692526848 -0.214626
-118.657695155 34.1473590812 -0.192687
-118.610315931 34.1254463767 -0.169866
-118.56296065 34.1035146158 -0.14793
-118.515629314 34.0815638427 -0.12961
-118.468321928 34.0595941018 -0.115997
-118.421038495 34.0376054374 -0.103243
-118.37377902 34.015597894 -0.105734
-118.326543505 33.9935715158 -0.119428
-118.279331954 33.9715263473 -0.132721
-118.232144371 33.9494624328 -0.146235
-118.184980758 33.9273798168 -0.162508
-118.137841119 33.9052785437 -0.170632
-118.090725118 33.8831586609 -0.179778
-118.043633435 33.8610202067 -0.19036
-117.996565733 33.8388632287 -0.202017
-117.949522015 33.8166877714 -0.209521
-117.902502285 33.7944938792 -0.212991
-117.855506543 33.7722815967 -0.214852
-117.808534793 33.7500509682 -0.215909
-117.761587036 33.7278020384 -0.219075
-117.714663274 33.7055348516 -0.224751
-117.667763509 33.6832494525 -0.231047
-117.620887743 33.6609458855 -0.238445
-117.574035977 33.6386241952 -0.245578
-117.527208214 33.6162844262 -0.251842
-117.480404453 33.5939266229 -0.259705
-117.433624696 33.5715508299 -0.268593
-117.386868946 33.5491570918 -0.274578
-117.340137201 33.5267454532 -0.279343
-119.154270307 34.4266337968 -0.284749
-119.106611265 34.4049241458 -0.277003
-119.058976177 34.3831949403 -0.269986
-119.011365048 34.3614462247 -0.264797
-118.963777884 34.3396780431 -0.253483
-118.91621469 34.3178904399 -0.238621
-118.86867547 34.2960834592 -0.224341
-118.82116023 34.2742571455 -0.210592
-118.773668974 34.2524115429 -0.197818
-118.726201706 34.2305466959 -0.183962
-118.678758093 34.2086626534 -0.167097
-118.631338816 34.1867594503 -0.146783
-118.583943542 34.1648371358 -0.126873
-118.536572273 34.1428957542 -0.110084
-118.489225013 34.12093535 -0.094298
-118.441901768 34.0989559675 -0.0820923
-118.394602539 34.0769576511 -0.0755312
-118.347327332 34.0549404452 -0.0821129
-118.300076148 34.0329043944 -0.10217
-118.252848993 34.010849543 -0.118675
-118.205645868 33.9887759355 -0.133642
-118.158466777 33.9666836163 -0.144202
-118.111311723 33.9445726299 -0.151813
-118.064180371 33.9224430238 -0.159211
-118.017073399 33.9002948365 -0.167814
-117.969990472 33.8781281155 -0.175995
-117.922931593 33.8559429053 -0.181285
-117.875896763 33.8337392505 -0.183197
-117.828885986 33.8115171957 -0.182151
-117.781899263 33.7892767852 -0.178929
-117.734936596 33.7670180638 -0.177831
-117.687997987 33.744741076 -0.180726
-117.641083438 33.7224458663 -0.185085
-117.59419295 33.7001324793 -0.192193
-117.547326526 33.6778009596 -0.198814
-117.500484165 33.6554513519 -0.203342
-117.453665871 33.6330837006 -0.210247
-117.406871643 33.6106980506 -0.217072
-117.360101483 33.5882944462 -0.227449
-117.313355392 33.5658729322 -0.241318
-119.128070757 34.4661319862 -0.236724
-119.080394953 34.4444128197 -0.226905
-119.032743168 34.4226740877 -0.218357
-118.985115407 34.4009158342 -0.209144
-118.937511675 34.3791381037 -0.193706
-118.889931977 34.3573409405 -0.177639
-118.842376318 34.335524389 -0.163828
-118.794844703 34.3136884934 -0.153276
-118.747337136 34.2918332981 -0.142991
-118.699853622 34.2699588476 -0.131197
-118.652393827 34.2480651908 -0.115594
-118.604958772 34.2261523583 -0.0974957
-118.557547104 34.2042204127 -0.0786476
-118.510159845 34.182269385 -0.0646778
-118.46279666 34.1602993242 -0.0544244
-118.415457552 34.1383102746 -0.0477578
-118.368142526 34.1163022808 -0.0478338
-118.320851584 34.0942753872 -0.0587102
-118.27358473 34.0722296383 -0.0766626
-118.226341967 34.0501650787 -0.0929975
-118.179123299 34.0280817528 -0.106485
-118.131928728 34.0059797052 -0.114706
-118.084758258 33.9838589803 -0.122135
-118.037611553 33.9617196257 -0.129018
-117.990489291 33.93956168 -0.136323
-117.943391138 33.9173851907 -0.143043
-117.896317096 33.8951902025 -0.146764
-117.849267167 33.8729767599 -0.146872
-117.802241353 33.8507449075 -0.143484
-117.755239656 33.82849469 -0.13755
-117.708262079 33.8062261519 -0.131936
-117.661308622 33.7839393379 -0.128213
-117.614379288 33.7616342925 -0.128935
-117.567474079 33.7393110605 -0.134976
-117.520592995 33.7169696865 -0.141247
-117.473736039 33.6946102151 -0.148429
-117.42690321 33.672232691 -0.156844
-117.380094511 33.6498371588 -0.168119
-117.333309943 33.6274236633 -0.184969
-117.286549505 33.6049922491 -0.207621
-119.10184725 34.5056274814 -0.189584
-119.054154678 34.4838987739 -0.179175
-119.006486189 34.4621504896 -0.168327
-118.958841789 34.4403826728 -0.154183
-118.911221483 34.4185953679 -0.134766
-118.863625275 34.3967886193 -0.115531
-118.816053171 34.3749624713 -0.101955
-118.768505175 34.3531169684 -0.0954739
-118.720981292 34.331252155 -0.0875653
-118.673481527 34.3093680755 -0.0771333
-118.626005883 34.2874647745 -0.0613584
-118.578554365 34.2655422963 -0.0414914
-118.531126638 34.2436006897 -0.0232758
-118.483723384 34.2216399906 -0.0140964
-118.436344268 34.1996602478 -0.0103923
-118.388989293 34.1776615058 -0.00806737
-118.341658464 34.1556438093 -0.0111066
-118.294351783 34.1336072026 -0.021329
-118.247069254 34.1115517305 -0.0353512
-118.19981088 34.0894774373 -0.051033
-118.152576664 34.0673843678 -0.0643856
-118.105366609 34.0452725665 -0.0739001
-118.058180718 34.0231420779 -0.08281
-118.011018656 34.0009929496 -0.0895967
-117.963881102 33.9788252203 -0.0967979
-117.916767719 33.9566389376 -0.103639
-117.86967851 33.9344341463 -0.106758
-117.822613478 33.9122108908 -0.105561
-117.775572624 33.8899692158 -0.101466
-117.72855595 33.8677091661 -0.0942954
-117.681563459 33.8454307863 -0.0846512
-117.634595152 33.8231341211 -0.070757
-117.587651031 33.8008192151 -0.0693119
-117.540731097 33.778486113 -0.0778369
-117.493835351 33.7561348596 -0.0873293
-117.446963796 33.7337654996 -0.0988249
-117.400116431 33.7113780776 -0.11168
-117.353293259 33.6889726385 -0.129206
-117.306494279 33.6665492269 -0.151641
-117.259719494 33.6441078875 -0.183227
-119.075599609 34.5451157512 -0.142292
-119.027890264 34.523377477 -0.132341
-118.980205068 34.5016196148 -0.120589
-118.932544025 34.479842209 -0.103817
-118.884907141 34.458045304 -0.083409
-118.83729442 34.4362289442 -0.0616701
-118.789705867 34.4143931742 -0.0482549
-118.742141487 34.3925380384 -0.0421394
-118.694601285 34.3706635812 -0.0354381
-118.647085264 34.3487698472 -0.0245307
-118.59959343 34.326856881 -0.00676479
-118.552125786 34.3049247269 0.016761
-118.504681997 34.2829734338 0.0377262
-118.457262745 34.2610030377 0.0431289
-118.409867696 34.2390135875 0.0412165
-118.362496852 34.2170051277 0.0427256
-118.315150218 34.1949777029 0.0415759
-118.267827795 34.1729313578 0.0345528
-118.220529589 34.150866137 0.0228988
-118.173255602 34.128782085 0.0060203
-118.126005837 34.1066792465 -0.00881619
-118.078780297 34.0845576662 -0.0220403
-118.031578984 34.0624173886 -0.0338151
-117.984401564 34.0402584612 -0.040417
-117.937248715 34.0180809231 -0.0486598
-117.890120101 33.9958848218 -0.0561398
-117.843015725 33.973670202 -0.0600694
-117.795935588 33.9514371084 -0.0597729
-117.748879694 33.9291855858 -0.0571939
-117.701848043 33.9069156787 -0.0519339
-117.654840638 33.884627432 -0.0436276
-117.60785748 33.8623208904 -0.0326952
-117.56089857 33.8399960987 -0.0358587
-117.513963912 33.8176531015 -0.0475324
-117.467053504 33.7952919437 -0.0630879
-117.42016735 33.77291267 -0.078713
-117.37330545 33.7505153252 -0.0981635
-117.326467804 33.7280999541 -0.118625
-117.279654414 33.7056666015 -0.144101
-117.232865281 33.6832153121 -0.17036
-119.04932788 34.5846012766 -0.0927137
-119.001601757 34.5628534101 -0.084265
-118.953899846 34.5410859444 -0.0718223
-118.906222154 34.5192989239 -0.0536602
-118.858568686 34.4974923933 -0.0328108
-118.810939445 34.4756663969 -0.00943014
-118.763334438 34.4538209793 0.00385157
-118.715753669 34.431956185 0.00826654
-118.668197141 34.4100720586 0.014523
-118.62066486 34.3881686446 0.0261254
-118.57315683 34.3662459877 0.0461159
-118.525673054 34.3443041323 0.0737291
-118.478213198 34.3223431273 0.0971882
-118.430777944 34.3003630088 0.100442
-118.383366956 34.2783638257 0.101285
-118.335980238 34.2563456228 0.106792
-118.288617794 34.2343084445 0.107124
-118.241279626 34.2122523356 0.0997658
-118.193965738 34.1901773407 0.0867977
-118.146676134 34.1680835046 0.0680481
-118.099410815 34.1459708718 0.0521867
-118.052169785 34.1238394872 0.0370718
-118.004953047 34.1016893954 0.0276047
-117.957760264 34.0795206437 0.0187224
-117.910592117 34.0573332716 0.00753797
-117.863448269 34.0351273265 -0.00143044
-117.816328722 34.0129028531 -0.0073485
-117.769233478 33.9906598963 -0.00923076
-117.722162539 33.9683985007 -0.0111578
-117.675115908 33.9461187112 -0.011516
-117.628093586 33.9238205726 -0.0105031
-117.581095574 33.9015041296 -0.010777
-117.534121875 33.879169427 -0.0196806
-117.487172488 33.8568165097 -0.0365928
-117.440247417 33.8344454225 -0.056304
-117.393346662 33.8120562101 -0.0777139
-117.346470223 33.7896489175 -0.100816
-117.299618102 33.7672235895 -0.124336
-117.2527903 33.7447802709 -0.146637
-117.205986817 33.7223190065 -0.161893
-119.023031889 34.6240795263 -0.0374136
-118.975288982 34.6023220417 -0.0255376
-118.927570354 34.5805449467 -0.0108627
-118.879876009 34.5587482859 0.00634052
-118.832205953 34.5369321038 0.0257833
-118.784560189 34.5150964451 0.0460246
-118.736938724 34.4932413542 0.0565699
-118.689341562 34.4713668759 0.0597856
-118.641768706 34.4494730546 0.0656869
-118.594220161 34.427559935 0.0783859
-118.546695932 34.4056275618 0.0995863
-118.499196023 34.3836759796 0.125594
-118.451720097 34.361705237 0.143867
-118.404268837 34.3397153706 0.150132
-118.356841909 34.3177064292 0.154559
-118.309439315 34.2956784575 0.161817
-118.262061059 34.2736315003 0.161224
-118.214707144 34.2515656021 0.152462
-118.167377573 34.2294808078 0.13787
-118.120072349 34.2073771621 0.122419
-118.072791475 34.1852547097 0.108882
-118.025534954 34.1631134954 0.0983063
-117.978302789 34.140953564 0.0948779
-117.931094643 34.1187749628 0.087959
-117.883911196 34.0965777313 0.0748193
-117.836752112 34.074361917 0.064719
-117.789617394 34.0521275648 0.0569054
-117.742507042 34.0298747195 0.0482271
-117.695421059 34.0076034258 0.0393586
-117.648359447 33.9853137287 0.0309308
-117.601322207 33.9630056729 0.0233395
-117.554309341 33.9406793033 0.0137028
-117.507320851 33.9183346648 -0.00103703
-117.460356738 33.8959718023 -0.0213258
-117.413417002 33.8735907606 -0.0432151
-117.366501646 33.8511915845 -0.0674553
-117.319610669 33.8287743191 -0.091844
-117.272744074 33.8063390091 -0.116965
-117.22590186 33.7838856995 -0.136393
-117.179084028 33.7614144352 -0.149439
-118.996711678 34.6635549813 0.0254618
-118.948951982 34.6417878529 0.0434231
-118.90121663 34.620001103 0.0611785
-118.853505626 34.5981947762 0.0770946
-118.805818976 34.5763689172 0.0922018
-118.758156684 34.5545235705 0.10857
-118.710518755 34.5326587808 0.114377
-118.662905193 34.5107745928 0.114118
-118.615316004 34.4888710511 0.118843
-118.56775119 34.4669482004 0.132334
-118.520210757 34.4450060854 0.15224
-118.472694708 34.4230447508 0.176719
-118.425202707 34.4010642453 0.191542
-118.377735438 34.3790646055 0.194841
-118.330292564 34.3570458804 0.200743
-118.282874089 34.3350081146 0.209414
-118.235480017 34.3129513529 0.207789
-118.188110349 34.2908756401 0.194831
-118.140765091 34.268781021 0.181401
-118.093444243 34.2466675403 0.17111
-118.046147811 34.224535243 0.162315
-117.998875795 34.2023841737 0.156677
-117.951628199 34.1802143774 0.15478
-117.904404686 34.1580259013 0.151209
-117.857205936 34.1358187853 0.144029
-117.810031613 34.1135930767 0.136605
-117.762881719 34.0913488204 0.126263
-117.715756256 34.0690860614 0.109212
-117.668655226 34.0468048444 0.0925578
-117.62157863 34.0245052145 0.0762088
-117.57452647 34.0021872165 0.0608089
-117.527498748 33.9798508952 0.0440666
-117.480495464 33.9574962957 0.0249015
-117.433516621 33.9351234628 0.00319825
-117.386562219 33.9127324415 -0.0198183
-117.339632259 33.8903232767 -0.0439806
-117.292726743 33.8678960134 -0.069471
-117.245845671 33.8454506965 -0.0960076
-117.198989043 33.822987371 -0.116944
-117.152156861 33.8005060818 -0.131003
-118.970367076 34.70302311 0.0958601
-118.922590586 34.681246312 0.125694
-118.874838505 34.6594498814 0.150749
-118.827110839 34.6376338629 0.165283
-118.779407591 34.6157983011 0.174468
-118.731728767 34.5939432407 0.180866
-118.684074372 34.5720687265 0.178641
-118.636444408 34.5501748031 0.176557
-118.588838882 34.5282615153 0.178775
-118.541257797 34.5063289078 0.190486
-118.493701157 34.4843770254 0.206038
-118.446168966 34.4624059128 0.224699
-118.398660888 34.4404156188 0.23485
-118.351177606 34.4184061801 0.240773
-118.303718785 34.3963776456 0.247405
-118.256284427 34.3743300601 0.25428
-118.208874536 34.3522634685 0.250178
-118.161489115 34.3301779156 0.237596
-118.114128167 34.3080734462 0.226079
-118.066791695 34.2859501052 0.219296
-118.019479701 34.2638079374 0.21397
-117.972192189 34.2416469878 0.211062
-117.924929161 34.2194673012 0.20909
-117.87769028 34.1972689249 0.20668
-117.830476226 34.1750518989 0.205438
-117.783286664 34.1528162707 0.202783
-117.736121594 34.1305620851 0.19089
-117.688981019 34.1082893871 0.169761
-117.641864941 34.0859982216 0.146984
-117.594773361 34.0636886337 0.125665
-117.54770628 34.0413606681 0.104646
-117.500663701 34.01901437 0.083214
-117.453645625 33.9966497843 0.0612523
-117.406652052 33.974266956 0.0387133
-117.359682983 33.95186593 0.0157037
-117.312738421 33.9294467514 -0.00799034
-117.265818365 33.9070094651 -0.0336543
-117.218922817 33.8845541163 -0.060932
-117.172051776 33.8620807498 -0.0849408
-117.125205244 33.8395894107 -0.10829
-118.943998122 34.7424883935 0.171607
-118.896204833 34.7207019002 0.219732
-118.848436018 34.6988957632 0.258534
-118.800691683 34.6770700273 0.27158
-118.752971832 34.6552247371 0.275565
-118.70527647 34.6333599374 0.270425
-118.657605601 34.611475673 0.260875
-118.60995923 34.5895719887 0.255913
-118.562337362 34.5676489292 0.253232
-118.51474 34.5457065393 0.26162
-118.467167148 34.523744864 0.269945
-118.41961881 34.5017639479 0.280667
-118.372094649 34.4797638397 0.287044
-118.324595351 34.4577445766 0.295611
-118.277120577 34.4357062073 0.300244
-118.229670332 34.4136487767 0.304643
-118.182244618 34.3915723298 0.298331
-118.134843438 34.3694769113 0.285736
-118.087466797 34.3473625662 0.275533
-118.040114696 34.3252293395 0.271954
-117.992787138 34.303077276 0.268382
-117.945484125 34.2809064206 0.267151
-117.898205661 34.2587168184 0.266081
-117.850951409 34.2365085166 0.266047
-117.803722048 34.2142815554 0.269328
-117.756517243 34.1920359822 0.271335
-117.709336994 34.169771842 0.260331
-117.662181304 34.1474891798 0.23489
-117.615050175 34.1251880406 0.208002
-117.567943608 34.1028684694 0.183819
-117.520861604 34.0805305113 0.157858
-117.473804165 34.0581742111 0.132798
-117.426771293 34.0357996141 0.108384
-117.379762988 34.0134067652 0.0853441
-117.332779251 33.9909957094 0.0609016
-117.285820084 33.9685664919 0.037235
-117.238885487 33.9461191577 0.00834745
-117.19197546 33.9236537518 -0.019964
-117.145090005 33.9011703193 -0.0516913
-117.098229122 33.8786689054 -0.087945
-118.917604646 34.7819463001 0.245053
-118.869794553 34.7601500856 0.329285
-118.822009001 34.7383342164 0.392804
-118.774247993 34.7164987372 0.41377
-118.726511536 34.6946436928 0.422729
-118.678799632 34.6727691281 0.408473
-118.631112288 34.6508750877 0.397806
-118.583449507 34.6289616167 0.37988
-118.535811293 34.6070287598 0.373723
-118.488197651 34.5850765619 0.369843
-118.440608585 34.5631050679 0.372336
-118.393044097 34.5411143226 0.371646
-118.345503852 34.5191043748 0.374483
-118.297988534 34.4970752616 0.375269
-118.250497806 34.4750270319 0.37593
-118.203031672 34.4529597307 0.372613
-118.155590133 34.4308734028 0.363921
-118.108173194 34.4087680932 0.351826
-118.060780857 34.386643847 0.343176
-118.013413126 34.364500709 0.338694
-117.966070002 34.3423387242 0.335059
-117.918751488 34.3201579377 0.333939
-117.871457587 34.2979583945 0.33472
-117.824187962 34.2757401418 0.340491
-117.776943294 34.2535032199 0.348537
-117.729723244 34.2312476765 0.35519
-117.682527816 34.2089735563 0.346435
-117.635357011 34.1866809046 0.321697
-117.58821083 34.1643697664 0.291941
-117.541089276 34.1420401867 0.261423
-117.493992349 34.1196922107 0.2291
-117.446920051 34.0973258833 0.199506
-117.399872383 34.0749412498 0.172647
-117.352849346 34.0525383551 0.146733
-117.305850941 34.0301172444 0.117442
-117.25887717 34.0076779629 0.0829883
-117.211928032 33.9852205555 0.0436895
-117.165003528 33.9627450675 0.00508255
-117.118103659 33.940251544 -0.0364758
-117.071228425 33.9177400302 -0.0761102
-118.891186687 34.8214013107 0.292976
-118.843359785 34.7995953494 0.422327
-118.795557488 34.7777697222 0.49801
-118.747779802 34.7559244741 0.528655
-118.700026732 34.7340596498 0.54174
-118.652298282 34.7121752942 0.527889
-118.604594456 34.6902714523 0.517696
-118.556915259 34.668348169 0.49326
-118.509260695 34.646405489 0.485392
-118.461630768 34.6244434575 0.475739
-118.414025481 34.6024621192 0.474062
-118.366444839 34.5804615192 0.467235
-118.318888505 34.5584417061 0.46676
-118.271357163 34.5364027173 0.461365
-118.223850476 34.5143446017 0.459102
-118.176368447 34.4922674043 0.450027
-118.12891108 34.47017117 0.442353
-118.081478377 34.4480559439 0.432739
-118.034070341 34.425921771 0.426016
-117.986686975 34.4037686964 0.420845
-117.939328281 34.381596765 0.417821
-117.891994263 34.3594060219 0.416479
-117.844684922 34.3371965123 0.420573
-117.79739992 34.3149682833 0.432893
-117.75013994 34.2927213756 0.446052
-117.702904644 34.2704558365 0.460041
-117.655694033 34.2481717111 0.455116
-117.60850811 34.2258690446 0.431208
-117.561346875 34.2035478821 0.395347
-117.51421033 34.1812082687 0.355455
-117.467098478 34.1588502496 0.310978
-117.420011318 34.1364738698 0.276455
-117.372948852 34.1140791745 0.243648
-117.325911081 34.091666209 0.214608
-117.278898007 34.0692350183 0.174294
-117.231909628 34.0467856475 0.122216
-117.184945948 34.024318142 0.0684241
-117.138006965 34.0018325469 0.0152278
-117.09109268 33.9793289073 -0.0329603
-117.044203094 33.9568072685 -0.0717605
-118.864744076 34.8608488937 0.278888
-118.816900359 34.8390331595 0.373852
-118.769081315 34.8171977485 0.425491
-118.721286948 34.7953427055 0.467676
-118.673517262 34.7734680755 0.483197
-118.625772261 34.7515739034 0.495995
-118.578051951 34.7296602341 0.497235
-118.530356336 34.7077271126 0.501214
-118.482685419 34.6857745839 0.504818
-118.435039204 34.6638026929 0.50918
-118.387417695 34.6418114847 0.51336
-118.339820897 34.6198010042 0.51763
-118.292248471 34.5977713002 0.524242
-118.244701103 34.5757224102 0.528321
-118.197178455 34.553654383 0.534649
-118.14968053 34.5315672638 0.534293
-118.102207332 34.5094610975 0.537743
-118.054758864 34.4873359293 0.534056
-118.007335127 34.4651918042 0.536845
-117.959936125 34.4430287674 0.534227
-117.912561861 34.4208468638 0.539817
-117.865212336 34.3986461387 0.539999
-117.817887554 34.3764266372 0.553172
-117.770587175 34.3541884066 0.564112
-117.723311883 34.3319314875 0.585252
-117.67606134 34.3096559274 0.598365
-117.628835546 34.2873617714 0.600982
-117.581634503 34.2650490648 0.575246
-117.534458214 34.2427178527 0.534183
-117.48730668 34.2203681803 0.465699
-117.440179901 34.1980000928 0.405016
-117.39307788 34.1756136353 0.355132
-117.346000616 34.1532088531 0.31408
-117.298948112 34.1307857915 0.27131
-117.251920368 34.1083444955 0.218253
-117.204917384 34.0858850105 0.151349
-117.157939161 34.0634073816 0.0865402
-117.1109857 34.0409116542 0.024151
-117.064057001 34.0183978735 -0.0282967
-117.017153064 33.9958660847 -0.0734632
-118.838276848 34.9002935298 0.206202
-118.790416312 34.8784679971 0.229612
-118.742580514 34.8566227765 0.259861
-118.694769459 34.8347579129 0.30063
-118.646983151 34.8128734514 0.331324
-118.599221595 34.790969437 0.366806
-118.551484795 34.7690459146 0.393319
-118.503772756 34.7471029293 0.429683
-118.45608548 34.7251405261 0.452499
-118.408422972 34.7031587501 0.472519
-118.360785237 34.6811576463 0.489194
-118.313172277 34.6591372598 0.509232
-118.265583754 34.6370976392 0.527373
-118.218020356 34.6150388223 0.547587
-118.170481742 34.5929608581 0.564795
-118.122967918 34.5708637915 0.581276
-118.075478885 34.5487476677 0.593765
-118.028014646 34.5266125319 0.60122
-117.980575205 34.5044584291 0.610203
-117.933160564 34.4822854046 0.617175
-117.885770725 34.4600935035 0.627651
-117.838405691 34.437882771 0.636044
-117.791065463 34.4156532522 0.650981
-117.743749705 34.3934049944 0.663429
-117.696459098 34.3711380386 0.684662
-117.649193303 34.3488524322 0.701877
-117.601952323 34.3265482203 0.707652
-117.55473616 34.3042254483 0.687878
-117.507544813 34.2818841613 0.636161
-117.460378286 34.2595244045 0.53312
-117.413236579 34.2371462234 0.457918
-117.366119694 34.214749663 0.398
-117.319027631 34.1923347687 0.347765
-117.271960391 34.1699015857 0.292878
-117.224917975 34.1474501593 0.23143
-117.177900383 34.1249805349 0.153464
-117.130907617 34.1024927576 0.0846854
-117.083939676 34.0799868728 0.0201032
-117.036996561 34.0574629258 -0.0346354
-116.990078272 34.0349209619 -0.0860979
-118.811784836 34.9397306873 0.121322
-118.763907477 34.91789533 0.116916
-118.716054922 34.8960402738 0.134737
-118.668227177 34.8741655638 0.166379
-118.620424244 34.8522712449 0.20295
-118.57264613 34.8303573623 0.23925
-118.524892837 34.808423961 0.274458
-118.47716437 34.7864710861 0.313098
-118.429460734 34.7644987826 0.338901
-118.381781931 34.7425070958 0.363376
-118.334127966 34.7204960706 0.381376
-118.286498842 34.6984657523 0.406073
-118.238894222 34.6764161894 0.423381
-118.19131479 34.6543474201 0.447957
-118.14376021 34.632259493 0.462483
-118.096230483 34.6101524535 0.485384
-118.048725614 34.5880263465 0.493729
-118.001245604 34.5658812175 0.50923
-117.953790457 34.5437171115 0.513262
-117.906360175 34.5215340737 0.528877
-117.858954761 34.4993321495 0.533645
-117.811574216 34.477111384 0.55112
-117.764218543 34.4548718224 0.557948
-117.716887404 34.4326135121 0.577466
-117.66958148 34.4103364941 0.588959
-117.622300435 34.3880408159 0.611822
-117.575044269 34.3657265227 0.610212
-117.527812983 34.3433936598 0.602853
-117.48060658 34.3210422726 0.544395
-117.43342506 34.2986724062 0.463046
-117.386268425 34.2762841061 0.389194
-117.339136676 34.2538774175 0.333575
-117.292029813 34.2314523858 0.277302
-117.244947838 34.2090090563 0.225724
-117.197890751 34.1865474743 0.162587
-117.150858553 34.1640676852 0.0972134
-117.103851244 34.1415697343 0.0334288
-117.056868824 34.119053667 -0.0234631
-117.009911294 34.0965195286 -0.0733732
-116.962978654 34.0739673645 -0.112022
-118.785268074 34.979164847 0.0514239
-118.737373886 34.9573196393 0.0369929
-118.689504569 34.9354547218 0.0447766
-118.641660126 34.9135701395 0.0728407
-118.593840564 34.8916659375 0.102441
-118.546045885 34.8697421609 0.129451
-118.498276094 34.8477988549 0.157815
-118.450531195 34.8258360646 0.183799
-118.402811193 34.8038538352 0.204924
-118.35511609 34.7818522118 0.22157
-118.30744589 34.7598312396 0.237234
-118.259800598 34.7377909638 0.253913
-118.212179874 34.7157314331 0.268209
-118.164584406 34.6936526856 0.281654
-118.117013854 34.6715547702 0.293681
-118.069468221 34.649437732 0.306761
-118.021947511 34.6273016164 0.314763
-117.974451727 34.6051464685 0.322641
-117.92698087 34.5829723337 0.327993
-117.879534944 34.5607792573 0.337063
-117.83211395 34.5385672844 0.344015
-117.784717891 34.5163364604 0.355617
-117.737346769 34.4940868306 0.364139
-117.690000246 34.4718184423 0.376632
-117.642679004 34.4495313368 0.387776
-117.595382704 34.4272255614 0.401417
-117.548111349 34.4049011615 0.404231
-117.500864939 34.3825581825 0.400872
-117.453643476 34.3601966696 0.362584
-117.406446961 34.3378166683 0.310892
-117.359275396 34.315418224 0.254212
-117.31212878 34.2930013819 0.204204
-117.265007116 34.2705661876 0.154578
-117.217910404 34.2481126863 0.108716
-117.170838644 34.2256409235 0.0579777
-117.123791837 34.2031509445 0.01129
-117.076769984 34.1806427948 -0.039556
-117.029773084 34.1581165198 -0.087575
-116.982801138 34.135572165 -0.12372
-116.935854145 34.1130097756 -0.140983
-118.758726398 35.0185914768 0.000955517
-118.710815377 34.9967363928 -0.0114339
-118.662929294 34.9748615879 -0.00535676
-118.615068152 34.9529671074 0.0132017
-118.567231955 34.9310529963 0.0352613
-118.51942071 34.9091192999 0.0547721
-118.471634418 34.8871660633 0.0767034
-118.423873085 34.8651933318 0.0940045
-118.376136713 34.8432011505 0.111289
-118.328425308 34.8211895648 0.122372
-118.280738872 34.7991586198 0.136526
-118.233077409 34.7771083608 0.146386
-118.18544058 34.7550388363 0.158715
-118.137829073 34.732950085 0.16512
-118.090242548 34.7108421554 0.176172
-118.042681008 34.688715093 0.181661
-117.995144456 34.666568943 0.190339
-117.947632895 34.6444037507 0.192523
-117.900146327 34.6222195615 0.200377
-117.852684755 34.6000164207 0.203643
-117.805248181 34.5777943737 0.213494
-117.757836608 34.5555534657 0.218834
-117.710450036 34.5332937422 0.230036
-117.663088128 34.5110152503 0.235887
-117.615751567 34.4887180317 0.248594
-117.568440013 34.4664021337 0.253965
-117.521153468 34.4440676016 0.260989
-117.473891934 34.421714481 0.254115
-117.426655411 34.3993428172 0.231717
-117.379443902 34.3769526556 0.193699
-117.332257406 34.3545440417 0.152956
-117.285095925 34.3321170208 0.108732
-117.23795946 34.3096716385 0.0687329
-117.190848011 34.2872079402 0.0272649
-117.14376158 34.2647259713 -0.0112879
-117.096700165 34.2422257772 -0.0498661
-117.049663768 34.2197074036 -0.088842
-117.002652389 34.1971708957 -0.126452
-116.955666028 34.1746162992 -0.149846
-116.908704685 34.1520436595 -0.161805
