-119.336999976 34.1500010364 -0.611455
-119.289458115 34.1283572771 -0.626848
-119.241939758 34.1066940424 -0.640758
-119.194444913 34.0850113761 -0.651228
-119.146973585 34.063309322 -0.653203
-119.099525778 34.041587924 -0.644063
-119.052101499 34.019847226 -0.628599
-119.004700752 33.9980872718 -0.610457
-118.957323543 33.9763081053 -0.591252
-118.909969877 33.9545097704 -0.571132
-118.86263942 33.9326923162 -0.549969
-118.815332853 33.9108557762 -0.528082
-118.768049843 33.8890001996 -0.506552
-118.720790395 33.8671256304 -0.486822
-118.673554511 33.8452321126 -0.470199
-118.626342198 33.8233196901 -0.457661
-118.579153458 33.801388407 -0.449824
-118.531988297 33.7794383072 -0.447046
-118.484846717 33.7574694348 -0.4498
-118.437728722 33.7354818338 -0.458627
-118.390634316 33.7134755483 -0.446202
-118.343563503 33.6914506223 -0.417772
-118.296516285 33.6694071 -0.402606
-118.24949233 33.6473450287 -0.393852
-118.202492314 33.6252644457 -0.390275
-118.155515903 33.6031653985 -0.39116
-118.1085631 33.5810479314 -0.395427
-118.061633908 33.5589120884 -0.402077
-118.01472833 33.5367579137 -0.410341
-117.967846367 33.5145854513 -0.419583
-117.920988023 33.4923947456 -0.429113
-117.8741533 33.4701858406 -0.438295
-117.827342199 33.4479587805 -0.446716
-117.780554724 33.4257136095 -0.45421
-117.733790875 33.4034503717 -0.460778
-117.687050655 33.3811691115 -0.466403
-117.640334066 33.358869873 -0.470862
-117.593641108 33.3365527004 -0.473591
-117.546971785 33.314217638 -0.473594
-117.500326096 33.2918647299 -0.470605
-119.310966774 34.1895354099 -0.592023
-119.263408189 34.1678823141 -0.608573
-119.215873173 34.1462097316 -0.623646
-119.168361732 34.1245177061 -0.636574
-119.120873871 34.1028062817 -0.637257
-119.073409595 34.0810755023 -0.622966
-119.02596891 34.0593254116 -0.603171
-118.978551822 34.0375560537 -0.582868
-118.931158334 34.0157674726 -0.562515
-118.883788453 33.9939597122 -0.541202
-118.836441844 33.9721328215 -0.518112
-118.789119188 33.9502868343 -0.493356
-118.741820153 33.9284217997 -0.468762
-118.694544742 33.9065377619 -0.446392
-118.64729296 33.8846347647 -0.427777
-118.600064768 33.8627105985 -0.413919
-118.552860257 33.8407698149 -0.405182
-118.505679386 33.8188102042 -0.40122
-118.458522159 33.7968318106 -0.400911
-118.411388581 33.774834678 -0.400255
-118.364278655 33.7528188505 -0.375604
-118.317192384 33.7307843724 -0.362445
-118.270129771 33.7087312878 -0.35784
-118.223090483 33.686659644 -0.353692
-118.176075197 33.6645694785 -0.354438
-118.129083578 33.6424608389 -0.359351
-118.08211563 33.6203337694 -0.367023
-118.035171355 33.5981883141 -0.376443
-117.988250756 33.5760245173 -0.387002
-117.941353835 33.5538424231 -0.398331
-117.894480595 33.5316420757 -0.409553
-117.847631038 33.5094235195 -0.419927
-117.800805165 33.4871867986 -0.429093
-117.75400298 33.4649319572 -0.437064
-117.707224483 33.4426590396 -0.444108
-117.660469677 33.4203680901 -0.450409
-117.613738564 33.3980591529 -0.455772
-117.567031144 33.3757322724 -0.459531
-117.520347419 33.3533874927 -0.459426
-117.473687391 33.3310248582 -0.454951
-119.284909948 34.229062758 -0.567405
-119.237334634 34.2074003001 -0.584416
-119.189782954 34.1857183442 -0.597911
-119.142254913 34.1640169341 -0.604972
-119.094750515 34.1422961138 -0.601094
-119.047269766 34.1205559273 -0.587795
-118.999812672 34.0987964186 -0.567779
-118.952379238 34.0770176317 -0.548125
-118.904969468 34.0552196105 -0.528253
-118.857583368 34.0334023991 -0.506814
-118.810220604 34.0115660465 -0.482138
-118.762881857 33.9897105866 -0.45376
-118.715566793 33.9678360688 -0.425742
-118.668275416 33.9459425369 -0.400611
-118.621007732 33.9240300352 -0.379945
-118.573763743 33.9020986076 -0.364759
-118.526543455 33.8801482985 -0.354971
-118.47934687 33.8581791518 -0.348912
-118.432173992 33.8361912116 -0.342263
-118.385024826 33.8141845223 -0.324073
-118.337899375 33.7921591279 -0.294777
-118.290797641 33.7701150725 -0.307236
-118.243719629 33.7480524005 -0.311018
-118.196665003 33.7259711592 -0.313864
-118.149634443 33.7038713862 -0.319795
-118.102627612 33.6817531292 -0.329536
-118.055644515 33.6596164323 -0.340491
-118.008685154 33.6374613397 -0.352271
-117.96174953 33.6152878958 -0.364405
-117.914837647 33.5930961448 -0.377615
-117.867949508 33.570886131 -0.390007
-117.821085113 33.5486578986 -0.401001
-117.774244465 33.526411492 -0.410252
-117.727427567 33.5041469553 -0.418043
-117.680634419 33.4818643331 -0.425076
-117.633865024 33.4595636695 -0.431824
-117.587119383 33.4372450088 -0.437983
-117.540397498 33.4149083955 -0.442575
-117.49369937 33.3925538738 -0.442135
-117.447025 33.3701814881 -0.436098
-119.258829555 34.2685875614 -0.536111
-119.211237506 34.246915716 -0.553012
-119.163669155 34.2252243613 -0.561924
-119.116124506 34.2035135412 -0.558638
-119.068603565 34.1817832997 -0.551087
-119.021106337 34.1600336808 -0.539262
-118.973632828 34.1382647287 -0.522914
-118.926183041 34.1164764873 -0.505919
-118.878756983 34.0946690007 -0.487379
-118.831354658 34.072842313 -0.466972
-118.783975733 34.0509964733 -0.440996
-118.736620888 34.0291315156 -0.408211
-118.68928979 34.0072474891 -0.377279
-118.641982443 33.985344438 -0.349663
-118.594698851 33.9634224064 -0.327169
-118.547439018 33.9414814386 -0.311252
-118.500202948 33.9195215785 -0.3015
-118.452990646 33.8975428705 -0.295407
-118.405802113 33.8755453588 -0.289282
-118.358637356 33.8535290875 -0.280447
-118.311496375 33.8314941009 -0.271582
-118.264379176 33.8094404432 -0.267379
-118.217285761 33.7873681587 -0.272122
-118.170215796 33.7652772948 -0.280696
-118.123169958 33.7431678892 -0.291382
-118.076147913 33.7210399896 -0.306081
-118.029149664 33.6988936402 -0.319214
-117.982175213 33.6767288854 -0.331922
-117.935224563 33.6545457694 -0.343865
-117.888297716 33.6323443366 -0.358239
-117.841394674 33.6101246313 -0.370374
-117.79451544 33.5878866978 -0.381081
-117.747660015 33.5656305805 -0.389414
-117.700828402 33.5433563238 -0.396121
-117.654020602 33.5210639719 -0.40248
-117.607236616 33.4987535693 -0.409216
-117.560476447 33.4764251603 -0.415665
-117.513740095 33.4540787894 -0.421623
-117.467027562 33.4317145009 -0.420949
-117.42033885 33.4093323392 -0.412374
-119.23272541 34.3081052896 -0.496465
-119.185116623 34.2864240311 -0.508425
-119.137531596 34.264723252 -0.511715
-119.089970336 34.2430029963 -0.506057
-119.042432848 34.221263308 -0.49733
-118.994919136 34.1995042312 -0.485352
-118.947429207 34.1777258102 -0.470435
-118.899963065 34.1559280888 -0.454358
-118.852520715 34.1341111114 -0.436277
-118.805102162 34.112274922 -0.415963
-118.757707072 34.0904195696 -0.388932
-118.710336127 34.0685450886 -0.356374
-118.662988991 34.0466515282 -0.324155
-118.61566567 34.0247389324 -0.294532
-118.568366168 34.0028073457 -0.270592
-118.521090488 33.9808568121 -0.255174
-118.473838635 33.9588873759 -0.247672
-118.426610612 33.9368990813 -0.244432
-118.379406423 33.9148919727 -0.244312
-118.332226072 33.8928660942 -0.246325
-118.285069561 33.8708214902 -0.242145
-118.237936894 33.8487582049 -0.240922
-118.190828074 33.8266762826 -0.254046
-118.143742767 33.8045757709 -0.266304
-118.09668165 33.7824567076 -0.28123
-118.04964439 33.7603191403 -0.29728
-118.002630987 33.7381631134 -0.311327
-117.955641446 33.7159886712 -0.321062
-117.908675768 33.693795858 -0.330417
-117.861733956 33.6715847184 -0.340289
-117.814816012 33.6493552966 -0.350008
-117.767921937 33.627107637 -0.358905
-117.721051735 33.604841784 -0.365072
-117.674205406 33.5825577822 -0.3701
-117.627382952 33.5602556757 -0.375092
-117.580584376 33.5379355092 -0.380041
-117.533809678 33.515597327 -0.385434
-117.487058859 33.4932411736 -0.390816
-117.440331922 33.4708670934 -0.389514
-117.393628867 33.4484751309 -0.382047
-119.20659757 34.3476204235 -0.449019
-119.158972036 34.3259297264 -0.454725
-119.111370328 34.3042194974 -0.454485
-119.063792449 34.2824897806 -0.448783
-119.016238407 34.2607406202 -0.439662
-118.968708206 34.2389720601 -0.426678
-118.921201851 34.2171841447 -0.411773
-118.873719348 34.1953769181 -0.395449
-118.8262607 34.1735504244 -0.377891
-118.778825913 34.1517047079 -0.357833
-118.731414652 34.1298398176 -0.332096
-118.6840276 34.107955788 -0.300964
-118.636664422 34.0860526683 -0.269035
-118.589325122 34.0641305027 -0.237988
-118.542009704 34.0421893354 -0.213644
-118.494718173 34.0202292109 -0.199001
-118.447450531 33.9982501733 -0.197252
-118.400206783 33.9762522669 -0.197192
-118.352986932 33.9542355362 -0.205095
-118.305790982 33.9322000253 -0.215587
-118.258618936 33.9101457787 -0.222623
-118.211470797 33.8880728407 -0.234925
-118.164346568 33.8659812556 -0.249354
-118.117245915 33.843871071 -0.263073
-118.070169516 33.8217423248 -0.278699
-118.023117035 33.7995950648 -0.295876
-117.976088476 33.7774293352 -0.308074
-117.929083841 33.7552451806 -0.312272
-117.882103131 33.7330426453 -0.315893
-117.835146351 33.7108217738 -0.318608
-117.7882135 33.6885826105 -0.32397
-117.741304582 33.6663251999 -0.330164
-117.694419599 33.6440495864 -0.334052
-117.647558552 33.6217558144 -0.337394
-117.600721442 33.5994439286 -0.340532
-117.553908272 33.5771139732 -0.342344
-117.507119043 33.554765993 -0.345867
-117.460353756 33.5324000322 -0.350659
-117.413612411 33.5100161355 -0.350616
-117.366895012 33.4876143474 -0.345153
-119.180445852 34.3871284322 -0.396347
-119.132803567 34.365428271 -0.395476
-119.085185172 34.3437085665 -0.391666
-119.037590672 34.321969363 -0.386627
-118.990020072 34.3002107047 -0.377132
-118.942473377 34.2784326358 -0.363391
-118.894950593 34.2566352005 -0.348252
-118.847451724 34.234818443 -0.332439
-118.799976775 34.2129824076 -0.316221
-118.752525751 34.1911271386 -0.297735
-118.705098317 34.1692526848 -0.274408
-118.657695155 34.1473590812 -0.245986
-118.610315931 34.1254463767 -0.216437
-118.56296065 34.1035146158 -0.188964
-118.515629314 34.0815638427 -0.166955
-118.468321928 34.0595941018 -0.154948
-118.421038495 34.0376054374 -0.150132
-118.37377902 34.015597894 -0.158885
-118.326543505 33.9935715158 -0.177318
-118.279331954 33.9715263473 -0.19575
-118.232144371 33.9494624328 -0.213091
-118.184980758 33.9273798168 -0.231735
-118.137841119 33.9052785437 -0.242683
-118.090725118 33.8831586609 -0.254798
-118.043633435 33.8610202067 -0.268836
-117.996565733 33.8388632287 -0.283633
-117.949522015 33.8166877714 -0.291483
-117.902502285 33.7944938792 -0.292205
-117.855506543 33.7722815967 -0.290116
-117.808534793 33.7500509682 -0.286752
-117.761587036 33.7278020384 -0.285989
-117.714663274 33.7055348516 -0.288278
-117.667763509 33.6832494525 -0.290323
-117.620887743 33.6609458855 -0.292851
-117.574035977 33.6386241952 -0.294203
-117.527208214 33.6162844262 -0.29403
-117.480404453 33.5939266229 -0.295415
-117.433624696 33.5715508299 -0.298475
-117.386868946 33.5491570918 -0.300259
-117.340137201 33.5267454532 -0.303178
-119.154270307 34.4266337968 -0.341479
-119.106611265 34.4049241458 -0.333671
-119.058976177 34.3831949403 -0.326948
-119.011365048 34.3614462247 -0.322861
-118.963777884 34.3396780431 -0.311277
-118.91621469 34.3178904399 -0.295637
-118.86867547 34.2960834592 -0.280254
-118.82116023 34.2742571455 -0.265677
-118.773668974 34.2524115429 -0.251654
-118.726201706 34.2305466959 -0.236036
-118.678758093 34.2086626534 -0.215567
-118.631338816 34.1867594503 -0.189418
-118.583943542 34.1648371358 -0.163452
-118.536572273 34.1428957542 -0.142332
-118.489225013 34.12093535 -0.123825
-118.441901768 34.0989559675 -0.113476
-118.394602539 34.0769576511 -0.113755
-118.347327332 34.0549404452 -0.128517
-118.300076148 34.0329043944 -0.154234
-118.252848993 34.010849543 -0.177682
-118.205645868 33.9887759355 -0.198713
-118.158466777 33.9666836163 -0.213719
-118.111311723 33.9445726299 -0.224797
-118.064180371 33.9224430238 -0.235366
-118.017073399 33.9002948365 -0.247184
-117.969990472 33.8781281155 -0.257497
-117.922931593 33.8559429053 -0.262196
-117.875896763 33.8337392505 -0.260383
-117.828885986 33.8115171957 -0.253923
-117.781899263 33.7892767852 -0.244098
-117.734936596 33.7670180638 -0.237592
-117.687997987 33.744741076 -0.236083
-117.641083438 33.7224458663 -0.235956
-117.59419295 33.7001324793 -0.238169
-117.547326526 33.6778009596 -0.239228
-117.500484165 33.6554513519 -0.237388
-117.453665871 33.6330837006 -0.238349
-117.406871643 33.6106980506 -0.239438
-117.360101483 33.5882944462 -0.246776
-117.313355392 33.5658729322 -0.261535
-119.128070757 34.4661319862 -0.288004
-119.080394953 34.4444128197 -0.279118
-119.032743168 34.4226740877 -0.269912
-118.985115407 34.4009158342 -0.257334
-118.937511675 34.3791381037 -0.239635
-118.889931977 34.3573409405 -0.221965
-118.842376318 34.335524389 -0.205952
-118.794844703 34.3136884934 -0.194023
-118.747337136 34.2918332981 -0.182336
-118.699853622 34.2699588476 -0.169395
-118.652393827 34.2480651908 -0.150588
-118.604958772 34.2261523583 -0.127547
-118.557547104 34.2042204127 -0.103113
-118.510159845 34.182269385 -0.0852273
-118.46279666 34.1602993242 -0.0734873
-118.415457552 34.1383102746 -0.068752
-118.368142526 34.1163022808 -0.0746236
-118.320851584 34.0942753872 -0.0935202
-118.27358473 34.0722296383 -0.120261
-118.226341967 34.0501650787 -0.145625
-118.179123299 34.0280817528 -0.166644
-118.131928728 34.0059797052 -0.179903
-118.084758258 33.9838589803 -0.191224
-118.037611553 33.9617196257 -0.201229
-117.990489291 33.93956168 -0.211531
-117.943391138 33.9173851907 -0.220182
-117.896317096 33.8951902025 -0.222302
-117.849267167 33.8729767599 -0.217651
-117.802241353 33.8507449075 -0.207556
-117.755239656 33.82849469 -0.194044
-117.708262079 33.8062261519 -0.182514
-117.661308622 33.7839393379 -0.174531
-117.614379288 33.7616342925 -0.171057
-117.567474079 33.7393110605 -0.172734
-117.520592995 33.7169696865 -0.174498
-117.473736039 33.6946102151 -0.177359
-117.42690321 33.672232691 -0.182008
-117.380094511 33.6498371588 -0.189409
-117.333309943 33.6274236633 -0.204614
-117.286549505 33.6049922491 -0.226344
-119.10184725 34.5056274814 -0.236426
-119.054154678 34.4838987739 -0.229666
-119.006486189 34.4621504896 -0.216753
-118.958841789 34.4403826728 -0.192254
-118.911221483 34.4185953679 -0.16875
-118.863625275 34.3967886193 -0.148309
-118.816053171 34.3749624713 -0.131683
-118.768505175 34.3531169684 -0.122844
-118.720981292 34.331252155 -0.112889
-118.673481527 34.3093680755 -0.101791
-118.626005883 34.2874647745 -0.0828132
-118.578554365 34.2655422963 -0.0578853
-118.531126638 34.2436006897 -0.0340425
-118.483723384 34.2216399906 -0.0214835
-118.436344268 34.1996602478 -0.01706
-118.388989293 34.1776615058 -0.0165209
-118.341658464 34.1556438093 -0.0244397
-118.294351783 34.1336072026 -0.0432054
-118.247069254 34.1115517305 -0.0673006
-118.19981088 34.0894774373 -0.0922641
-118.152576664 34.0673843678 -0.113194
-118.105366609 34.0452725665 -0.12883
-118.058180718 34.0231420779 -0.142229
-118.011018656 34.0009929496 -0.152294
-117.963881102 33.9788252203 -0.16263
-117.916767719 33.9566389376 -0.17159
-117.86967851 33.9344341463 -0.172558
-117.822613478 33.9122108908 -0.165742
-117.775572624 33.8899692158 -0.154635
-117.72855595 33.8677091661 -0.139426
-117.681563459 33.8454307863 -0.124557
-117.634595152 33.8231341211 -0.108301
-117.587651031 33.8008192151 -0.103642
-117.540731097 33.778486113 -0.108137
-117.493835351 33.7561348596 -0.114641
-117.446963796 33.7337654996 -0.125143
-117.400116431 33.7113780776 -0.136446
-117.353293259 33.6889726385 -0.152972
-117.306494279 33.6665492269 -0.173372
-117.259719494 33.6441078875 -0.20039
-119.075599609 34.5451157512 -0.183724
-119.027890264 34.523377477 -0.178929
-118.980205068 34.5016196148 -0.165412
-118.932544025 34.479842209 -0.139701
-118.884907141 34.458045304 -0.11474
-118.83729442 34.4362289442 -0.0898017
-118.789705867 34.4143931742 -0.0723576
-118.742141487 34.3925380384 -0.0614688
-118.694601285 34.3706635812 -0.0516762
-118.647085264 34.3487698472 -0.0385637
-118.59959343 34.326856881 -0.0169797
-118.552125786 34.3049247269 0.0130772
-118.504681997 34.2829734338 0.0410715
-118.457262745 34.2610030377 0.049375
-118.409867696 34.2390135875 0.0480533
-118.362496852 34.2170051277 0.047875
-118.315150218 34.1949777029 0.0426535
-118.267827795 34.1729313578 0.0275105
-118.220529589 34.150866137 0.0067442
-118.173255602 34.128782085 -0.0195332
-118.126005837 34.1066792465 -0.0418139
-118.078780297 34.0845576662 -0.0614214
-118.031578984 34.0624173886 -0.0779569
-117.984401564 34.0402584612 -0.087809
-117.937248715 34.0180809231 -0.0988597
-117.890120101 33.9958848218 -0.108159
-117.843015725 33.973670202 -0.110452
-117.795935588 33.9514371084 -0.105288
-117.748879694 33.9291855858 -0.0964971
-117.701848043 33.9069156787 -0.084915
-117.654840638 33.884627432 -0.073325
-117.60785748 33.8623208904 -0.0614156
-117.56089857 33.8399960987 -0.0628917
-117.513963912 33.8176531015 -0.0719114
-117.467053504 33.7952919437 -0.0859561
-117.42016735 33.77291267 -0.100878
-117.37330545 33.7505153252 -0.119199
-117.326467804 33.7280999541 -0.138869
-117.279654414 33.7056666015 -0.161404
-117.232865281 33.6832153121 -0.183434
-119.04932788 34.5846012766 -0.126001
-119.001601757 34.5628534101 -0.124987
-118.953899846 34.5410859444 -0.113295
-118.906222154 34.5192989239 -0.0900124
-118.858568686 34.4974923933 -0.0645603
-118.810939445 34.4756663969 -0.0357277
-118.763334438 34.4538209793 -0.0159241
-118.715753669 34.431956185 -0.00399028
-118.668197141 34.4100720586 0.00674205
-118.62066486 34.3881686446 0.0211492
-118.57315683 34.3662459877 0.0444398
-118.525673054 34.3443041323 0.0794965
-118.478213198 34.3223431273 0.111083
-118.430777944 34.3003630088 0.118829
-118.383366956 34.2783638257 0.121584
-118.335980238 34.2563456228 0.124184
-118.288617794 34.2343084445 0.11971
-118.241279626 34.2122523356 0.104925
-118.193965738 34.1901773407 0.0840285
-118.146676134 34.1680835046 0.0566318
-118.099410815 34.1459708718 0.0346404
-118.052169785 34.1238394872 0.0141951
-118.004953047 34.1016893954 0.00195772
-117.957760264 34.0795206437 -0.00974195
-117.910592117 34.0573332716 -0.0230092
-117.863448269 34.0351273265 -0.0339654
-117.816328722 34.0129028531 -0.0390016
-117.769233478 33.9906598963 -0.0368229
-117.722162539 33.9683985007 -0.0342483
-117.675115908 33.9461187112 -0.030785
-117.628093586 33.9238205726 -0.0284846
-117.581095574 33.9015041296 -0.0292638
-117.534121875 33.879169427 -0.0382534
-117.487172488 33.8568165097 -0.0545871
-117.440247417 33.8344454225 -0.073422
-117.393346662 33.8120562101 -0.0928626
-117.346470223 33.7896489175 -0.114418
-117.299618102 33.7672235895 -0.136141
-117.2527903 33.7447802709 -0.156004
-117.205986817 33.7223190065 -0.168799
-119.023031889 34.6240795263 -0.0580496
-118.975288982 34.6023220417 -0.0529633
-118.927570354 34.5805449467 -0.0401757
-118.879876009 34.5587482859 -0.0214047
-118.832205953 34.5369321038 0.00212609
-118.784560189 34.5150964451 0.0295107
-118.736938724 34.4932413542 0.0491788
-118.689341562 34.4713668759 0.0610577
-118.641768706 34.4494730546 0.0712024
-118.594220161 34.427559935 0.083622
-118.546695932 34.4056275618 0.104298
-118.499196023 34.3836759796 0.132403
-118.451720097 34.361705237 0.154761
-118.404268837 34.3397153706 0.16839
-118.356841909 34.3177064292 0.174616
-118.309439315 34.2956784575 0.179128
-118.262061059 34.2736315003 0.172627
-118.214707144 34.2515656021 0.157462
-118.167377573 34.2294808078 0.136002
-118.120072349 34.2073771621 0.115644
-118.072791475 34.1852547097 0.0985101
-118.025534954 34.1631134954 0.0865708
-117.978302789 34.140953564 0.0842716
-117.931094643 34.1187749628 0.0790211
-117.883911196 34.0965777313 0.0662988
-117.836752112 34.074361917 0.0545387
-117.789617394 34.0521275648 0.0476348
-117.742507042 34.0298747195 0.041818
-117.695421059 34.0076034258 0.0360101
-117.648359447 33.9853137287 0.0288146
-117.601322207 33.9630056729 0.0204191
-117.554309341 33.9406793033 0.00891349
-117.507320851 33.9183346648 -0.00734044
-117.460356738 33.8959718023 -0.0286016
-117.413417002 33.8735907606 -0.0502131
-117.366501646 33.8511915845 -0.0729709
-117.319610669 33.8287743191 -0.0960268
-117.272744074 33.8063390091 -0.119593
-117.22590186 33.7838856995 -0.137574
-117.179084028 33.7614144352 -0.149275
-118.996711678 34.6635549813 0.0227868
-118.948951982 34.6417878529 0.0362705
-118.90121663 34.620001103 0.0517293
-118.853505626 34.5981947762 0.0661219
-118.805818976 34.5763689172 0.0839992
-118.758156684 34.5545235705 0.109836
-118.710518755 34.5326587808 0.126082
-118.662905193 34.5107745928 0.135443
-118.615316004 34.4888710511 0.142027
-118.56775119 34.4669482004 0.149471
-118.520210757 34.4450060854 0.163309
-118.472694708 34.4230447508 0.181643
-118.425202707 34.4010642453 0.197168
-118.377735438 34.3790646055 0.208738
-118.330292564 34.3570458804 0.215501
-118.282874089 34.3350081146 0.219856
-118.235480017 34.3129513529 0.212057
-118.188110349 34.2908756401 0.192879
-118.140765091 34.268781021 0.175047
-118.093444243 34.2466675403 0.163766
-118.046147811 34.224535243 0.154294
-117.998875795 34.2023841737 0.151117
-117.951628199 34.1802143774 0.154161
-117.904404686 34.1580259013 0.158402
-117.857205936 34.1358187853 0.156551
-117.810031613 34.1135930767 0.147718
-117.762881719 34.0913488204 0.139509
-117.715756256 34.0690860614 0.125708
-117.668655226 34.0468048444 0.111927
-117.62157863 34.0245052145 0.0944609
-117.57452647 34.0021872165 0.0763644
-117.527498748 33.9798508952 0.056667
-117.480495464 33.9574962957 0.0344288
-117.433516621 33.9351234628 0.0104614
-117.386562219 33.9127324415 -0.0136031
-117.339632259 33.8903232767 -0.0374693
-117.292726743 33.8678960134 -0.0627228
-117.245845671 33.8454506965 -0.0888069
-117.198989043 33.822987371 -0.109543
-117.152156861 33.8005060818 -0.123239
-118.970367076 34.70302311 0.11545
-118.922590586 34.681246312 0.14705
-118.874838505 34.6594498814 0.171412
-118.827110839 34.6376338629 0.180209
-118.779407591 34.6157983011 0.190976
-118.731728767 34.5939432407 0.20707
-118.684074372 34.5720687265 0.215702
-118.636444408 34.5501748031 0.220019
-118.588838882 34.5282615153 0.221315
-118.541257797 34.5063289078 0.224904
-118.493701157 34.4843770254 0.232039
-118.446168966 34.4624059128 0.242255
-118.398660888 34.4404156188 0.250992
-118.351177606 34.4184061801 0.25821
-118.303718785 34.3963776456 0.261658
-118.256284427 34.3743300601 0.262042
-118.208874536 34.3522634685 0.25177
-118.161489115 34.3301779156 0.235444
-118.114128167 34.3080734462 0.221545
-118.066791695 34.2859501052 0.213339
-118.019479701 34.2638079374 0.207355
-117.972192189 34.2416469878 0.20778
-117.924929161 34.2194673012 0.212036
-117.87769028 34.1972689249 0.220523
-117.830476226 34.1750518989 0.226958
-117.783286664 34.1528162707 0.228109
-117.736121594 34.1305620851 0.222077
-117.688981019 34.1082893871 0.209454
-117.641864941 34.0859982216 0.191835
-117.594773361 34.0636886337 0.168756
-117.54770628 34.0413606681 0.143581
-117.500663701 34.01901437 0.117231
-117.453645625 33.9966497843 0.0905734
-117.406652052 33.974266956 0.0641671
-117.359682983 33.95186593 0.0387232
-117.312738421 33.9294467514 0.0134371
-117.265818365 33.9070094651 -0.013615
-117.218922817 33.8845541163 -0.0424992
-117.172051776 33.8620807498 -0.0680413
-117.125205244 33.8395894107 -0.0925456
-118.943998122 34.7424883935 0.213932
-118.896204833 34.7207019002 0.272642
-118.848436018 34.6988957632 0.3102
-118.800691683 34.6770700273 0.311034
-118.752971832 34.6552247371 0.315244
-118.70527647 34.6333599374 0.322098
-118.657605601 34.611475673 0.322226
-118.60995923 34.5895719887 0.320009
-118.562337362 34.5676489292 0.316206
-118.51474 34.5457065393 0.316726
-118.467167148 34.523744864 0.317609
-118.41961881 34.5017639479 0.321358
-118.372094649 34.4797638397 0.323178
-118.324595351 34.4577445766 0.325479
-118.277120577 34.4357062073 0.323268
-118.229670332 34.4136487767 0.318721
-118.182244618 34.3915723298 0.307266
-118.134843438 34.3694769113 0.295067
-118.087466797 34.3473625662 0.282722
-118.040114696 34.3252293395 0.274627
-117.992787138 34.303077276 0.269123
-117.945484125 34.2809064206 0.269648
-117.898205661 34.2587168184 0.274957
-117.850951409 34.2365085166 0.288178
-117.803722048 34.2142815554 0.299374
-117.756517243 34.1920359822 0.308366
-117.709336994 34.169771842 0.308101
-117.662181304 34.1474891798 0.29986
-117.615050175 34.1251880406 0.281291
-117.567943608 34.1028684694 0.254042
-117.520861604 34.0805305113 0.222102
-117.473804165 34.0581742111 0.190043
-117.426771293 34.0357996141 0.158786
-117.379762988 34.0134067652 0.130398
-117.332779251 33.9909957094 0.101766
-117.285820084 33.9685664919 0.07475
-117.238885487 33.9461191577 0.0426168
-117.19197546 33.9236537518 0.0102461
-117.145090005 33.9011703193 -0.0251058
-117.098229122 33.8786689054 -0.0642143
-118.917604646 34.7819463001 0.304083
-118.869794553 34.7601500856 0.394246
-118.822009001 34.7383342164 0.452783
-118.774247993 34.7164987372 0.465818
-118.726511536 34.6946436928 0.475155
-118.678799632 34.6727691281 0.470432
-118.631112288 34.6508750877 0.467205
-118.583449507 34.6289616167 0.456004
-118.535811293 34.6070287598 0.451505
-118.488197651 34.5850765619 0.444951
-118.440608585 34.5631050679 0.443519
-118.393044097 34.5411143226 0.438485
-118.345503852 34.5191043748 0.436836
-118.297988534 34.4970752616 0.430894
-118.250497806 34.4750270319 0.425539
-118.203031672 34.4529597307 0.414591
-118.155590133 34.4308734028 0.403787
-118.108173194 34.4087680932 0.391
-118.060780857 34.386643847 0.380871
-118.013413126 34.364500709 0.371564
-117.966070002 34.3423387242 0.367249
-117.918751488 34.3201579377 0.366078
-117.871457587 34.2979583945 0.37288
-117.824187962 34.2757401418 0.38521
-117.776943294 34.2535032199 0.398848
-117.729723244 34.2312476765 0.411075
-117.682527816 34.2089735563 0.415941
-117.635357011 34.1866809046 0.41146
-117.58821083 34.1643697664 0.391608
-117.541089276 34.1420401867 0.358001
-117.493992349 34.1196922107 0.318253
-117.446920051 34.0973258833 0.278917
-117.399872383 34.0749412498 0.242784
-117.352849346 34.0525383551 0.209238
-117.305850941 34.0301172444 0.174234
-117.25887717 34.0076779629 0.135286
-117.211928032 33.9852205555 0.0916796
-117.165003528 33.9627450675 0.0475752
-117.118103659 33.940251544 0.000465577
-117.071228425 33.9177400302 -0.0452199
-118.891186687 34.8214013107 0.363559
-118.843359785 34.7995953494 0.489713
-118.795557488 34.7777697222 0.561831
-118.747779802 34.7559244741 0.589692
-118.700026732 34.7340596498 0.603389
-118.652298282 34.7121752942 0.594575
-118.604594456 34.6902714523 0.592004
-118.556915259 34.668348169 0.580005
-118.509260695 34.646405489 0.577284
-118.461630768 34.6244434575 0.57019
-118.414025481 34.6024621192 0.567574
-118.366444839 34.5804615192 0.559594
-118.318888505 34.5584417061 0.556043
-118.271357163 34.5364027173 0.547208
-118.223850476 34.5143446017 0.540639
-118.176368447 34.4922674043 0.527855
-118.12891108 34.47017117 0.518405
-118.081478377 34.4480559439 0.507455
-118.034070341 34.425921771 0.499324
-117.986686975 34.4037686964 0.491706
-117.939328281 34.381596765 0.48832
-117.891994263 34.3594060219 0.487437
-117.844684922 34.3371965123 0.493899
-117.79739992 34.3149682833 0.505001
-117.75013994 34.2927213756 0.520027
-117.702904644 34.2704558365 0.535642
-117.655694033 34.2481717111 0.544294
-117.60850811 34.2258690446 0.543856
-117.561346875 34.2035478821 0.517917
-117.51421033 34.1812082687 0.473342
-117.467098478 34.1588502496 0.420174
-117.420011318 34.1364738698 0.372784
-117.372948852 34.1140791745 0.327897
-117.325911081 34.091666209 0.289026
-117.278898007 34.0692350183 0.242008
-117.231909628 34.0467856475 0.185433
-117.184945948 34.024318142 0.127184
-117.138006965 34.0018325469 0.0677999
-117.09109268 33.9793289073 0.0119827
-117.044203094 33.9568072685 -0.0365316
-118.864744076 34.8608488937 0.363624
-118.816900359 34.8390331595 0.460286
-118.769081315 34.8171977485 0.514141
-118.721286948 34.7953427055 0.554886
-118.673517262 34.7734680755 0.572017
-118.625772261 34.7515739034 0.586905
-118.578051951 34.7296602341 0.595358
-118.530356336 34.7077271126 0.606695
-118.482685419 34.6857745839 0.614223
-118.435039204 34.6638026929 0.619647
-118.387417695 34.6418114847 0.622409
-118.339820897 34.6198010042 0.624762
-118.292248471 34.5977713002 0.627564
-118.244701103 34.5757224102 0.628464
-118.197178455 34.553654383 0.62989
-118.14968053 34.5315672638 0.626691
-118.102207332 34.5094610975 0.626662
-118.054758864 34.4873359293 0.622022
-118.007335127 34.4651918042 0.622227
-117.959936125 34.4430287674 0.619084
-117.912561861 34.4208468638 0.623429
-117.865212336 34.3986461387 0.625385
-117.817887554 34.3764266372 0.63865
-117.770587175 34.3541884066 0.650333
-117.723311883 34.3319314875 0.673432
-117.67606134 34.3096559274 0.690751
-117.628835546 34.2873617714 0.706054
-117.581634503 34.2650490648 0.696634
-117.534458214 34.2427178527 0.661453
-117.48730668 34.2203681803 0.591243
-117.440179901 34.1980000928 0.521519
-117.39307788 34.1756136353 0.456608
-117.346000616 34.1532088531 0.400606
-117.298948112 34.1307857915 0.346524
-117.251920368 34.1083444955 0.286154
-117.204917384 34.0858850105 0.21625
-117.157939161 34.0634073816 0.146966
-117.1109857 34.0409116542 0.0775976
-117.064057001 34.0183978735 0.0160962
-117.017153064 33.9958660847 -0.0383217
-118.838276848 34.9002935298 0.307677
-118.790416312 34.8784679971 0.343906
-118.742580514 34.8566227765 0.379499
-118.694769459 34.8347579129 0.4197
-118.646983151 34.8128734514 0.451233
-118.599221595 34.790969437 0.488126
-118.551484795 34.7690459146 0.517649
-118.503772756 34.7471029293 0.553895
-118.45608548 34.7251405261 0.576664
-118.408422972 34.7031587501 0.593496
-118.360785237 34.6811576463 0.606922
-118.313172277 34.6591372598 0.622064
-118.265583754 34.6370976392 0.635486
-118.218020356 34.6150388223 0.65013
-118.170481742 34.5929608581 0.661973
-118.122967918 34.5708637915 0.673402
-118.075478885 34.5487476677 0.68219
-118.028014646 34.5266125319 0.687458
-117.980575205 34.5044584291 0.694172
-117.933160564 34.4822854046 0.699919
-117.885770725 34.4600935035 0.709894
-117.838405691 34.437882771 0.719974
-117.791065463 34.4156532522 0.73701
-117.743749705 34.3934049944 0.754841
-117.696459098 34.3711380386 0.781168
-117.649193303 34.3488524322 0.806604
-117.601952323 34.3265482203 0.82098
-117.55473616 34.3042254483 0.806004
-117.507544813 34.2818841613 0.757855
-117.460378286 34.2595244045 0.657369
-117.413236579 34.2371462234 0.573238
-117.366119694 34.214749663 0.494631
-117.319027631 34.1923347687 0.428037
-117.271960391 34.1699015857 0.36034
-117.224917975 34.1474501593 0.292009
-117.177900383 34.1249805349 0.213649
-117.130907617 34.1024927576 0.140337
-117.083939676 34.0799868728 0.0669344
-117.036996561 34.0574629258 0.00384568
-116.990078272 34.0349209619 -0.0544814
-118.811784836 34.9397306873 0.234266
-118.763907477 34.91789533 0.241163
-118.716054922 34.8960402738 0.262609
-118.668227177 34.8741655638 0.295442
-118.620424244 34.8522712449 0.331727
-118.57264613 34.8303573623 0.369587
-118.524892837 34.808423961 0.404662
-118.47716437 34.7864710861 0.442612
-118.429460734 34.7644987826 0.466439
-118.381781931 34.7425070958 0.487733
-118.334127966 34.7204960706 0.502232
-118.286498842 34.6984657523 0.522939
-118.238894222 34.6764161894 0.536018
-118.19131479 34.6543474201 0.554944
-118.14376021 34.632259493 0.564654
-118.096230483 34.6101524535 0.582733
-118.048725614 34.5880263465 0.588217
-118.001245604 34.5658812175 0.600721
-117.953790457 34.5437171115 0.60303
-117.906360175 34.5215340737 0.616784
-117.858954761 34.4993321495 0.621768
-117.811574216 34.477111384 0.640167
-117.764218543 34.4548718224 0.650268
-117.716887404 34.4326135121 0.674729
-117.66958148 34.4103364941 0.691703
-117.622300435 34.3880408159 0.721213
-117.575044269 34.3657265227 0.724028
-117.527812983 34.3433936598 0.7181
-117.48060658 34.3210422726 0.66134
-117.43342506 34.2986724062 0.579259
-117.386268425 34.2762841061 0.494827
-117.339136676 34.2538774175 0.422393
-117.292029813 34.2314523858 0.350816
-117.244947838 34.2090090563 0.286625
-117.197890751 34.1865474743 0.216681
-117.150858553 34.1640676852 0.148471
-117.103851244 34.1415697343 0.0784177
-117.056868824 34.119053667 0.0131666
-117.009911294 34.0965195286 -0.0433244
-116.962978654 34.0739673645 -0.0852634
-118.785268074 34.979164847 0.168581
-118.737373886 34.9573196393 0.158441
-118.689504569 34.9354547218 0.168474
-118.641660126 34.9135701395 0.19726
-118.593840564 34.8916659375 0.22712
-118.546045885 34.8697421609 0.255063
-118.498276094 34.8477988549 0.283768
-118.450531195 34.8258360646 0.310476
-118.402811193 34.8038538352 0.330594
-118.35511609 34.7818522118 0.345535
-118.30744589 34.7598312396 0.359322
-118.259800598 34.7377909638 0.374963
-118.212179874 34.7157314331 0.386298
-118.164584406 34.6936526856 0.395367
-118.117013854 34.6715547702 0.403655
-118.069468221 34.649437732 0.414156
-118.021947511 34.6273016164 0.419703
-117.974451727 34.6051464685 0.424992
-117.92698087 34.5829723337 0.428429
-117.879534944 34.5607792573 0.435997
-117.83211395 34.5385672844 0.442615
-117.784717891 34.5163364604 0.454635
-117.737346769 34.4940868306 0.465062
-117.690000246 34.4718184423 0.479937
-117.642679004 34.4495313368 0.494432
-117.595382704 34.4272255614 0.511227
-117.548111349 34.4049011615 0.516217
-117.500864939 34.3825581825 0.513946
-117.453643476 34.3601966696 0.474193
-117.406446961 34.3378166683 0.416261
-117.359275396 34.315418224 0.348871
-117.31212878 34.2930013819 0.285619
-117.265007116 34.2705661876 0.222559
-117.217910404 34.2481126863 0.165048
-117.170838644 34.2256409235 0.10607
-117.123791837 34.2031509445 0.0528098
-117.076769984 34.1806427948 -0.00538359
-117.029773084 34.1581165198 -0.0613074
-116.982801138 34.135572165 -0.101645
-116.935854145 34.1130097756 -0.117785
-118.758726398 35.0185914768 0.119878
-118.710815377 34.9967363928 0.109491
-118.662929294 34.9748615879 0.117171
-118.615068152 34.9529671074 0.136104
-118.567231955 34.9310529963 0.158984
-118.51942071 34.9091192999 0.179056
-118.471634418 34.8871660633 0.202057
-118.423873085 34.8651933318 0.220115
-118.376136713 34.8432011505 0.237367
-118.328425308 34.8211895648 0.247698
-118.280738872 34.7991586198 0.261347
-118.233077409 34.7771083608 0.270805
-118.18544058 34.7550388363 0.281046
-118.137829073 34.732950085 0.284498
-118.090242548 34.7108421554 0.292931
-118.042681008 34.688715093 0.296614
-117.995144456 34.666568943 0.303072
-117.947632895 34.6444037507 0.303186
-117.900146327 34.6222195615 0.309097
-117.852684755 34.6000164207 0.311066
-117.805248181 34.5777943737 0.320084
-117.757836608 34.5555534657 0.325365
-117.710450036 34.5332937422 0.337083
-117.663088128 34.5110152503 0.343797
-117.615751567 34.4887180317 0.357855
-117.568440013 34.4664021337 0.364195
-117.521153468 34.4440676016 0.371714
-117.473891934 34.421714481 0.364026
-117.426655411 34.3993428172 0.337708
-117.379443902 34.3769526556 0.291892
-117.332257406 34.3545440417 0.241173
-117.285095925 34.3321170208 0.185435
-117.23795946 34.3096716385 0.133745
-117.190848011 34.2872079402 0.0814313
-117.14376158 34.2647259713 0.0341273
-117.096700165 34.2422257772 -0.0123957
-117.049663768 34.2197074036 -0.058547
-117.002652389 34.1971708957 -0.102755
-116.955666028 34.1746162992 -0.128225
-116.908704685 34.1520436595 -0.138866
