-119.336999976 34.1500010364 0.300744456709
-119.289458115 34.1283572771 0.284737329678
-119.241939758 34.1066940424 0.256758157973
-119.194444913 34.0850113761 0.224745564798
-119.146973585 34.063309322 0.217691987017
-119.099525778 34.041587924 0.226954582024
-119.052101499 34.019847226 0.186159474964
-119.004700752 33.9980872718 0.096931612159
-118.957323543 33.9763081053 -0.0230611150102
-118.909969877 33.9545097704 -0.157248711202
-118.86263942 33.9326923162 -0.273179162185
-118.815332853 33.9108557762 -0.342992709968
-118.768049843 33.8890001996 -0.365783486205
-118.720790395 33.8671256304 -0.355820208656
-118.673554511 33.8452321126 -0.327942730412
-118.626342198 33.8233196901 -0.297801793593
-118.579153458 33.801388407 -0.284008486048
-118.531988297 33.7794383072 -0.304465058868
-118.484846717 33.7574694348 -0.367561988543
-118.437728722 33.7354818338 -0.456840456024
-118.390634316 33.7134755483 -0.538153543429
-118.343563503 33.6914506223 -0.540863403094
-118.296516285 33.6694071 -0.426068138569
-118.24949233 33.6473450287 -0.218325296782
-118.202492314 33.6252644457 0.00123180899694
-118.155515903 33.6031653985 0.202148486111
-118.1085631 33.5810479314 0.363888564937
-118.061633908 33.5589120884 0.471336858614
-118.01472833 33.5367579137 0.529496149875
-117.967846367 33.5145854513 0.554982659377
-117.920988023 33.4923947456 0.561825170593
-117.8741533 33.4701858406 0.555881238819
-117.827342199 33.4479587805 0.533219409018
-117.780554724 33.4257136095 0.480571874906
-117.733790875 33.4034503717 0.380387824451
-117.687050655 33.3811691115 0.22208423666
-117.640334066 33.358869873 0.0128645654427
-117.593641108 33.3365527004 -0.218494760727
-117.546971785 33.314217638 -0.417257623257
-117.500326096 33.2918647299 -0.549419480817
-119.310966774 34.1895354099 0.354490890616
-119.263408189 34.1678823141 0.341837680063
-119.215873173 34.1462097316 0.310024895534
-119.168361732 34.1245177061 0.261073519759
-119.120873871 34.1028062817 0.277716808649
-119.073409595 34.0810755023 0.342884236795
-119.02596891 34.0593254116 0.276779495148
-118.978551822 34.0375560537 0.170728622592
-118.931158334 34.0157674726 0.0244609828417
-118.883788453 33.9939597122 -0.154543159939
-118.836441844 33.9721328215 -0.298781041236
-118.789119188 33.9502868343 -0.358904459902
-118.741820153 33.9284217997 -0.35624939891
-118.694544742 33.9065377619 -0.318614601762
-118.64729296 33.8846347647 -0.259325239162
-118.600064768 33.8627105985 -0.194814003944
-118.552860257 33.8407698149 -0.151949237924
-118.505679386 33.8188102042 -0.160408977551
-118.458522159 33.7968318106 -0.241256128091
-118.411388581 33.774834678 -0.402328699341
-118.364278655 33.7528188505 -0.533977066673
-118.317192384 33.7307843724 -0.482045224718
-118.270129771 33.7087312878 -0.32758215426
-118.223090483 33.686659644 -0.0635717297256
-118.176075197 33.6645694785 0.166159888254
-118.129083578 33.6424608389 0.382251966971
-118.08211563 33.6203337694 0.545405109046
-118.035171355 33.5981883141 0.626053076888
-117.988250756 33.5760245173 0.646948798702
-117.941353835 33.5538424231 0.641448169867
-117.894480595 33.5316420757 0.629287892337
-117.847631038 33.5094235195 0.61784815761
-117.800805165 33.4871867986 0.600334563595
-117.75400298 33.4649319572 0.554299982808
-117.707224483 33.4426590396 0.446869573108
-117.660469677 33.4203680901 0.257114475241
-117.613738564 33.3980591529 -0.00380539612353
-117.567031144 33.3757322724 -0.30362981729
-117.520347419 33.3533874927 -0.533269474779
-117.473687391 33.3310248582 -0.646286132402
-119.284909948 34.229062758 0.417283324517
-119.237334634 34.2074003001 0.414396332175
-119.189782954 34.1857183442 0.386434936162
-119.142254913 34.1640169341 0.344134033067
-119.094750515 34.1422961138 0.373414993765
-119.047269766 34.1205559273 0.421481905601
-118.999812672 34.0987964186 0.349260235067
-118.952379238 34.0770176317 0.265364623719
-118.904969468 34.0552196105 0.0986600580915
-118.857583368 34.0334023991 -0.161215631344
-118.810220604 34.0115660465 -0.341181637521
-118.762881857 33.9897105866 -0.360100682063
-118.715566793 33.9678360688 -0.326158326256
-118.668275416 33.9459425369 -0.263903658339
-118.621007732 33.9240300352 -0.168331534971
-118.573763743 33.9020986076 -0.0539577482067
-118.526543455 33.8801482985 0.0375529075577
-118.47934687 33.8581791518 0.0609933911491
-118.432173992 33.8361912116 -0.00683022894795
-118.385024826 33.8141845223 -0.173206819481
-118.337899375 33.7921591279 -0.303968693402
-118.290797641 33.7701150725 -0.0900468344983
-118.243719629 33.7480524005 0.0349958108475
-118.196665003 33.7259711592 0.182271096884
-118.149634443 33.7038713862 0.365855751488
-118.102627612 33.6817531292 0.605703689965
-118.055644515 33.6596164323 0.761361813533
-118.008685154 33.6374613397 0.778963114253
-117.96174953 33.6152878958 0.740003358441
-117.914837647 33.5930961448 0.69280133652
-117.867949508 33.570886131 0.65553246596
-117.821085113 33.5486578986 0.639408112016
-117.774244465 33.526411492 0.634433046473
-117.727427567 33.5041469553 0.608356645271
-117.680634419 33.4818643331 0.499912531964
-117.633865024 33.4595636695 0.273127176483
-117.587119383 33.4372450088 -0.03491050584
-117.540397498 33.4149083955 -0.396524013384
-117.49369937 33.3925538738 -0.64227787401
-117.447025 33.3701814881 -0.742377053691
-119.258829555 34.2685875614 0.487298044486
-119.211237506 34.246915716 0.502810792473
-119.163669155 34.2252243613 0.484238208429
-119.116124506 34.2035135412 0.436748757028
-119.068603565 34.1817832997 0.428707386096
-119.021106337 34.1600336808 0.428041794352
-118.973632828 34.1382647287 0.408870798921
-118.926183041 34.1164764873 0.401714934138
-118.878756983 34.0946690007 0.226127564293
-118.831354658 34.072842313 -0.160048714876
-118.783975733 34.0509964733 -0.350982217894
-118.736620888 34.0291315156 -0.291965116223
-118.68928979 34.0072474891 -0.262579934368
-118.641982443 33.985344438 -0.197663588833
-118.594698851 33.9634224064 -0.0654326166244
-118.547439018 33.9414814386 0.121983366155
-118.500202948 33.9195215785 0.287531747261
-118.452990646 33.8975428705 0.362027218234
-118.405802113 33.8755453588 0.354131938547
-118.358637356 33.8535290875 0.344075587197
-118.311496375 33.8314941009 0.499064030633
-118.264379176 33.8094404432 0.568093957153
-118.217285761 33.7873681587 0.494527077525
-118.170215796 33.7652772948 0.449841653831
-118.123169958 33.7431678892 0.568441007563
-118.076147913 33.7210399896 0.867429489193
-118.029149664 33.6988936402 0.984663580853
-117.982175213 33.6767288854 0.890310966756
-117.935224563 33.6545457694 0.782723259362
-117.888297716 33.6323443366 0.686462303283
-117.841394674 33.6101246313 0.609924548809
-117.79451544 33.5878866978 0.586105061066
-117.747660015 33.5656305805 0.588066388627
-117.700828402 33.5433563238 0.591631140815
-117.654020602 33.5210639719 0.4712528975
-117.607236616 33.4987535693 0.207974127948
-117.560476447 33.4764251603 -0.116119525768
-117.513740095 33.4540787894 -0.542267211584
-117.467027562 33.4317145009 -0.773603616363
-117.42033885 33.4093323392 -0.825857014971
-119.23272541 34.3081052896 0.557653104334
-119.185116623 34.2864240311 0.59131084642
-119.137531596 34.264723252 0.58248108119
-119.089970336 34.2430029963 0.535135431142
-119.042432848 34.221263308 0.507046418976
-118.994919136 34.1995042312 0.494359443077
-118.947429207 34.1777258102 0.504061022859
-118.899963065 34.1559280888 0.511348232888
-118.852520715 34.1341111114 0.363539022777
-118.805102162 34.112274922 0.0905305971857
-118.757707072 34.0904195696 -0.0424584712785
-118.710336127 34.0685450886 -0.110462643748
-118.662988991 34.0466515282 -0.173144089017
-118.61566567 34.0247389324 -0.139669411186
-118.568366168 34.0028073457 0.0174187641168
-118.521090488 33.9808568121 0.320147541296
-118.473838635 33.9588873759 0.583366720477
-118.426610612 33.9368990813 0.69627502506
-118.379406423 33.9148919727 0.730320860125
-118.332226072 33.8928660942 0.812291790959
-118.285069561 33.8708214902 1.02107560105
-118.237936894 33.8487582049 1.05569652954
-118.190828074 33.8266762826 0.890170097184
-118.143742767 33.8045757709 0.782842790577
-118.09668165 33.7824567076 0.856567944701
-118.04964439 33.7603191403 1.02835649562
-118.002630987 33.7381631134 1.04996863003
-117.955641446 33.7159886712 0.925724663277
-117.908675768 33.693795858 0.764122869556
-117.861733956 33.6715847184 0.5921204159
-117.814816012 33.6493552966 0.44456279767
-117.767921937 33.627107637 0.386976431909
-117.721051735 33.604841784 0.355220903949
-117.674205406 33.5825577822 0.278730932585
-117.627382952 33.5602556757 0.0914072118227
-117.580584376 33.5379355092 -0.133587949301
-117.533809678 33.515597327 -0.418191687973
-117.487058859 33.4932411736 -0.70526644579
-117.440331922 33.4708670934 -0.845396100242
-117.393628867 33.4484751309 -0.878135840556
-119.20659757 34.3476204235 0.619797952749
-119.158972036 34.3259297264 0.678325398634
-119.111370328 34.3042194974 0.683038515763
-119.063792449 34.2824897806 0.631868343033
-119.016238407 34.2607406202 0.594723828619
-118.968708206 34.2389720601 0.583344872702
-118.921201851 34.2171841447 0.599978037509
-118.873719348 34.1953769181 0.624495606265
-118.8262607 34.1735504244 0.565763429916
-118.778825913 34.1517047079 0.486908764261
-118.731414652 34.1298398176 0.388711481915
-118.6840276 34.107955788 0.142531060755
-118.636664422 34.0860526683 -0.0532283255439
-118.589325122 34.0641305027 -0.108924647221
-118.542009704 34.0421893354 0.000462052716596
-118.494718173 34.0202292109 0.51449666468
-118.447450531 33.9982501733 0.865279353717
-118.400206783 33.9762522669 0.963441511925
-118.352986932 33.9542355362 0.973760009852
-118.305790982 33.9322000253 1.01947020635
-118.258618936 33.9101457787 1.13933374531
-118.211470797 33.8880728407 1.19341532479
-118.164346568 33.8659812556 1.1310854286
-118.117245915 33.843871071 1.04915620284
-118.070169516 33.8217423248 1.06188993014
-118.023117035 33.7995950648 1.07706279273
-117.976088476 33.7774293352 1.04681427712
-117.929083841 33.7552451806 0.911405683091
-117.882103131 33.7330426453 0.70825197967
-117.835146351 33.7108217738 0.446902961272
-117.7882135 33.6885826105 0.229595821704
-117.741304582 33.6663251999 0.142509960555
-117.694419599 33.6440495864 0.0253407355891
-117.647558552 33.6217558144 -0.219205717339
-117.600721442 33.5994439286 -0.429641158723
-117.553908272 33.5771139732 -0.590852326526
-117.507119043 33.554765993 -0.754556205231
-117.460353756 33.5324000322 -0.827587525973
-117.413612411 33.5100161355 -0.881571417895
-117.366895012 33.4876143474 -0.902705515444
-119.180445852 34.3871284322 0.66203910096
-119.132803567 34.365428271 0.741247457943
-119.085185172 34.3437085665 0.757319387747
-119.037590672 34.321969363 0.708632092856
-118.990020072 34.3002107047 0.674411938882
-118.942473377 34.2784326358 0.673180881205
-118.894950593 34.2566352005 0.695145064476
-118.847451724 34.234818443 0.722474145983
-118.799976775 34.2129824076 0.715863958263
-118.752525751 34.1911271386 0.724418901538
-118.705098317 34.1692526848 0.709852949186
-118.657695155 34.1473590812 0.619392913395
-118.610315931 34.1254463767 0.285366688687
-118.56296065 34.1035146158 -0.10498698771
-118.515629314 34.0815638427 -0.207582953398
-118.468321928 34.0595941018 0.309918156861
-118.421038495 34.0376054374 0.896347517564
-118.37377902 34.015597894 0.979351988825
-118.326543505 33.9935715158 0.987185140596
-118.279331954 33.9715263473 1.04586408584
-118.232144371 33.9494624328 1.12327909039
-118.184980758 33.9273798168 1.02347593396
-118.137841119 33.9052785437 1.09277907519
-118.090725118 33.8831586609 1.07251799876
-118.043633435 33.8610202067 1.05412344434
-117.996565733 33.8388632287 1.06425947763
-117.949522015 33.8166877714 1.02759033248
-117.902502285 33.7944938792 0.880083942662
-117.855506543 33.7722815967 0.668019878658
-117.808534793 33.7500509682 0.402148422289
-117.761587036 33.7278020384 0.159324751539
-117.714663274 33.7055348516 -0.0591293575157
-117.667763509 33.6832494525 -0.300145092366
-117.620887743 33.6609458855 -0.548167707841
-117.574035977 33.6386241952 -0.704407334982
-117.527208214 33.6162844262 -0.814777914257
-117.480404453 33.5939266229 -0.874535007565
-117.433624696 33.5715508299 -0.882614633432
-117.386868946 33.5491570918 -0.89630292583
-117.340137201 33.5267454532 -0.908955407632
-119.154270307 34.4266337968 0.670072418068
-119.106611265 34.4049241458 0.777559389682
-119.058976177 34.3831949403 0.808863600098
-119.011365048 34.3614462247 0.750867164521
-118.963777884 34.3396780431 0.736894094574
-118.91621469 34.3178904399 0.758884964262
-118.86867547 34.2960834592 0.781669299654
-118.82116023 34.2742571455 0.795209345645
-118.773668974 34.2524115429 0.803532288952
-118.726201706 34.2305466959 0.827892896864
-118.678758093 34.2086626534 0.907185058331
-118.631338816 34.1867594503 1.00983513428
-118.583943542 34.1648371358 0.690866781262
-118.536572273 34.1428957542 -0.0743836313755
-118.489225013 34.12093535 -0.234722688218
-118.441901768 34.0989559675 -0.0531336895313
-118.394602539 34.0769576511 0.283327092071
-118.347327332 34.0549404452 0.669825735634
-118.300076148 34.0329043944 0.709897979323
-118.252848993 34.010849543 0.928382369335
-118.205645868 33.9887759355 1.08944937964
-118.158466777 33.9666836163 1.01849345487
-118.111311723 33.9445726299 1.01321338919
-118.064180371 33.9224430238 0.949389543749
-118.017073399 33.9002948365 0.924989439532
-117.969990472 33.8781281155 0.986439939754
-117.922931593 33.8559429053 0.972126242019
-117.875896763 33.8337392505 0.837363564979
-117.828885986 33.8115171957 0.657026670567
-117.781899263 33.7892767852 0.434606736418
-117.734936596 33.7670180638 0.13524088058
-117.687997987 33.744741076 -0.255908183074
-117.641083438 33.7224458663 -0.549505341258
-117.59419295 33.7001324793 -0.694951672096
-117.547326526 33.6778009596 -0.79163087904
-117.500484165 33.6554513519 -0.84601315656
-117.453665871 33.6330837006 -0.873736987501
-117.406871643 33.6106980506 -0.879545217089
-117.360101483 33.5882944462 -0.887199084838
-117.313355392 33.5658729322 -0.903922113782
-119.128070757 34.4661319862 0.624173877016
-119.080394953 34.4444128197 0.736932242321
-119.032743168 34.4226740877 0.780919098763
-118.985115407 34.4009158342 0.771766610343
-118.937511675 34.3791381037 0.815162642382
-118.889931977 34.3573409405 0.858027215308
-118.842376318 34.335524389 0.89565071058
-118.794844703 34.3136884934 0.902260100748
-118.747337136 34.2918332981 0.918759845557
-118.699853622 34.2699588476 0.932122108232
-118.652393827 34.2480651908 0.979861736616
-118.604958772 34.2261523583 0.98956461121
-118.557547104 34.2042204127 0.861577693874
-118.510159845 34.182269385 0.324511190667
-118.46279666 34.1602993242 0.0991302468945
-118.415457552 34.1383102746 0.0523530240057
-118.368142526 34.1163022808 0.127427036396
-118.320851584 34.0942753872 0.149979352486
-118.27358473 34.0722296383 0.122129759165
-118.226341967 34.0501650787 0.528060904069
-118.179123299 34.0280817528 0.83452572254
-118.131928728 34.0059797052 0.942374954235
-118.084758258 33.9838589803 0.917667416596
-118.037611553 33.9617196257 0.840499489951
-117.990489291 33.93956168 0.81241990922
-117.943391138 33.9173851907 0.805652034147
-117.896317096 33.8951902025 0.833434606989
-117.849267167 33.8729767599 0.778344533243
-117.802241353 33.8507449075 0.642271558369
-117.755239656 33.82849469 0.421224082293
-117.708262079 33.8062261519 0.0783654816604
-117.661308622 33.7839393379 -0.352389528683
-117.614379288 33.7616342925 -0.635380353351
-117.567474079 33.7393110605 -0.733521348469
-117.520592995 33.7169696865 -0.786682992832
-117.473736039 33.6946102151 -0.827321265066
-117.42690321 33.672232691 -0.854457039896
-117.380094511 33.6498371588 -0.866847164689
-117.333309943 33.6274236633 -0.880245501631
-117.286549505 33.6049922491 -0.895777091518
-119.10184725 34.5056274814 0.50709854683
-119.054154678 34.4838987739 0.615619427938
-119.006486189 34.4621504896 0.66396382875
-118.958841789 34.4403826728 0.69747171768
-118.911221483 34.4185953679 0.787281464739
-118.863625275 34.3967886193 0.875878146285
-118.816053171 34.3749624713 0.956011695099
-118.768505175 34.3531169684 0.976034946346
-118.720981292 34.331252155 1.01314584745
-118.673481527 34.3093680755 1.00768882115
-118.626005883 34.2874647745 1.00929563994
-118.578554365 34.2655422963 0.998685932522
-118.531126638 34.2436006897 0.890606112102
-118.483723384 34.2216399906 0.681032126017
-118.436344268 34.1996602478 0.517374805041
-118.388989293 34.1776615058 0.406812264473
-118.341658464 34.1556438093 0.0841167003996
-118.294351783 34.1336072026 -0.286136727051
-118.247069254 34.1115517305 -0.269007491616
-118.19981088 34.0894774373 0.287237381544
-118.152576664 34.0673843678 0.661102138121
-118.105366609 34.0452725665 0.672946705198
-118.058180718 34.0231420779 0.685615364552
-118.011018656 34.0009929496 0.766613618379
-117.963881102 33.9788252203 0.733758959707
-117.916767719 33.9566389376 0.637850926136
-117.86967851 33.9344341463 0.713716344357
-117.822613478 33.9122108908 0.699839829736
-117.775572624 33.8899692158 0.587604899338
-117.72855595 33.8677091661 0.357789116274
-117.681563459 33.8454307863 0.0197027804553
-117.634595152 33.8231341211 -0.398691895732
-117.587651031 33.8008192151 -0.647084750785
-117.540731097 33.778486113 -0.699957486822
-117.493835351 33.7561348596 -0.74044688281
-117.446963796 33.7337654996 -0.798888538721
-117.400116431 33.7113780776 -0.835340813492
-117.353293259 33.6889726385 -0.857787666983
-117.306494279 33.6665492269 -0.873971932667
-117.259719494 33.6441078875 -0.88679014962
-119.075599609 34.5451157512 0.310660736792
-119.027890264 34.523377477 0.335019513884
-118.980205068 34.5016196148 0.33115866206
-118.932544025 34.479842209 0.369401268433
-118.884907141 34.458045304 0.45913744624
-118.83729442 34.4362289442 0.626325228019
-118.789705867 34.4143931742 0.774698734753
-118.742141487 34.3925380384 0.915703873426
-118.694601285 34.3706635812 1.0144891358
-118.647085264 34.3487698472 1.03514719807
-118.59959343 34.326856881 1.02304332963
-118.552125786 34.3049247269 0.963228591326
-118.504681997 34.2829734338 0.928673233023
-118.457262745 34.2610030377 0.905686868866
-118.409867696 34.2390135875 0.752506242631
-118.362496852 34.2170051277 0.250927982213
-118.315150218 34.1949777029 -0.330248170101
-118.267827795 34.1729313578 -0.463787586432
-118.220529589 34.150866137 -0.305042146462
-118.173255602 34.128782085 0.0549498337719
-118.126005837 34.1066792465 0.295267498575
-118.078780297 34.0845576662 0.425148441015
-118.031578984 34.0624173886 0.634589352856
-117.984401564 34.0402584612 0.759049625744
-117.937248715 34.0180809231 0.72250299381
-117.890120101 33.9958848218 0.589595596784
-117.843015725 33.973670202 0.518583563419
-117.795935588 33.9514371084 0.497142546839
-117.748879694 33.9291855858 0.383896224876
-117.701848043 33.9069156787 0.158358873591
-117.654840638 33.884627432 -0.151749049582
-117.60785748 33.8623208904 -0.451145498972
-117.56089857 33.8399960987 -0.621713531624
-117.513963912 33.8176531015 -0.679984432451
-117.467053504 33.7952919437 -0.728982216849
-117.42016735 33.77291267 -0.784983464822
-117.37330545 33.7505153252 -0.827005805702
-117.326467804 33.7280999541 -0.85614387258
-117.279654414 33.7056666015 -0.872915176395
-117.232865281 33.6832153121 -0.875186267444
-119.04932788 34.5846012766 0.070791265615
-119.001601757 34.5628534101 -0.0292502185116
-118.953899846 34.5410859444 -0.0825306319692
-118.906222154 34.5192989239 -0.0741900756938
-118.858568686 34.4974923933 0.0306739918725
-118.810939445 34.4756663969 0.257460178838
-118.763334438 34.4538209793 0.482210627266
-118.715753669 34.431956185 0.765156295
-118.668197141 34.4100720586 0.922764775684
-118.62066486 34.3881686446 0.976882851014
-118.57315683 34.3662459877 0.956270755883
-118.525673054 34.3443041323 0.796550298397
-118.478213198 34.3223431273 0.830614410221
-118.430777944 34.3003630088 0.84927558189
-118.383366956 34.2783638257 0.559172385281
-118.335980238 34.2563456228 -0.00910433699942
-118.288617794 34.2343084445 -0.392860646972
-118.241279626 34.2122523356 -0.444962538362
-118.193965738 34.1901773407 -0.364109313913
-118.146676134 34.1680835046 -0.282620817163
-118.099410815 34.1459708718 -0.0783467869489
-118.052169785 34.1238394872 0.306264297109
-118.004953047 34.1016893954 0.596582033682
-117.957760264 34.0795206437 0.752680217867
-117.910592117 34.0573332716 0.660407329439
-117.863448269 34.0351273265 0.34471575622
-117.816328722 34.0129028531 0.215379193347
-117.769233478 33.9906598963 0.226737115231
-117.722162539 33.9683985007 0.127649154744
-117.675115908 33.9461187112 -0.115433594315
-117.628093586 33.9238205726 -0.357135196621
-117.581095574 33.9015041296 -0.516751550987
-117.534121875 33.879169427 -0.626020461273
-117.487172488 33.8568165097 -0.684287979312
-117.440247417 33.8344454225 -0.731112076768
-117.393346662 33.8120562101 -0.780381899207
-117.346470223 33.7896489175 -0.821111996064
-117.299618102 33.7672235895 -0.856031389914
-117.2527903 33.7447802709 -0.867240489964
-117.205986817 33.7223190065 -0.853147662282
-119.023031889 34.6240795263 -0.129646100909
-118.975288982 34.6023220417 -0.258593086554
-118.927570354 34.5805449467 -0.315638874567
-118.879876009 34.5587482859 -0.304211215824
-118.832205953 34.5369321038 -0.185699834611
-118.784560189 34.5150964451 -0.00303360806662
-118.736938724 34.4932413542 0.215416601932
-118.689341562 34.4713668759 0.463610701976
-118.641768706 34.4494730546 0.595820842957
-118.594220161 34.427559935 0.665669778219
-118.546695932 34.4056275618 0.68629095208
-118.499196023 34.3836759796 0.705182001273
-118.451720097 34.361705237 0.734683863645
-118.404268837 34.3397153706 0.557345403028
-118.356841909 34.3177064292 0.18413619224
-118.309439315 34.2956784575 -0.188567721906
-118.262061059 34.2736315003 -0.396255521687
-118.214707144 34.2515656021 -0.436404817834
-118.167377573 34.2294808078 -0.426845981941
-118.120072349 34.2073771621 -0.406981432576
-118.072791475 34.1852547097 -0.222556473805
-118.025534954 34.1631134954 0.078182728766
-117.978302789 34.140953564 0.321980357026
-117.931094643 34.1187749628 0.446710721553
-117.883911196 34.0965777313 0.282875548761
-117.836752112 34.074361917 0.0435924056891
-117.789617394 34.0521275648 -0.0363416904674
-117.742507042 34.0298747195 -0.0138204934572
-117.695421059 34.0076034258 -0.0939823138547
-117.648359447 33.9853137287 -0.293318756732
-117.601322207 33.9630056729 -0.465252543364
-117.554309341 33.9406793033 -0.568758954897
-117.507320851 33.9183346648 -0.642860195895
-117.460356738 33.8959718023 -0.690479063397
-117.413417002 33.8735907606 -0.731062195652
-117.366501646 33.8511915845 -0.768990769435
-117.319610669 33.8287743191 -0.802012836316
-117.272744074 33.8063390091 -0.828643628946
-117.22590186 33.7838856995 -0.830023726936
-117.179084028 33.7614144352 -0.811919271737
-118.996711678 34.6635549813 -0.249649715395
-118.948951982 34.6417878529 -0.363739802671
-118.90121663 34.620001103 -0.404139769226
-118.853505626 34.5981947762 -0.355791251914
-118.805818976 34.5763689172 -0.268785429876
-118.758156684 34.5545235705 -0.170685882296
-118.710518755 34.5326587808 -0.0301526996683
-118.662905193 34.5107745928 0.112084276046
-118.615316004 34.4888710511 0.194600653739
-118.56775119 34.4669482004 0.234041186642
-118.520210757 34.4450060854 0.367522372394
-118.472694708 34.4230447508 0.711379065397
-118.425202707 34.4010642453 0.68413932406
-118.377735438 34.3790646055 0.163450439486
-118.330292564 34.3570458804 -0.186834223552
-118.282874089 34.3350081146 -0.299870470411
-118.235480017 34.3129513529 -0.388215213832
-118.188110349 34.2908756401 -0.428491723196
-118.140765091 34.268781021 -0.431921004205
-118.093444243 34.2466675403 -0.39972216235
-118.046147811 34.224535243 -0.308830380206
-117.998875795 34.2023841737 -0.229901995782
-117.951628199 34.1802143774 -0.12114780917
-117.904404686 34.1580259013 -0.0872448377667
-117.857205936 34.1358187853 -0.155007390387
-117.810031613 34.1135930767 -0.228542114143
-117.762881719 34.0913488204 -0.238543836422
-117.715756256 34.0690860614 -0.172118949404
-117.668655226 34.0468048444 -0.220565675695
-117.62157863 34.0245052145 -0.379653614995
-117.57452647 34.0021872165 -0.512905781446
-117.527498748 33.9798508952 -0.587612466395
-117.480495464 33.9574962957 -0.644538068678
-117.433516621 33.9351234628 -0.681720753869
-117.386562219 33.9127324415 -0.712813470233
-117.339632259 33.8903232767 -0.736997018446
-117.292726743 33.8678960134 -0.758449615165
-117.245845671 33.8454506965 -0.773066681914
-117.198989043 33.822987371 -0.768759690839
-117.152156861 33.8005060818 -0.750188275824
-118.970367076 34.70302311 -0.295798014132
-118.922590586 34.681246312 -0.364290595777
-118.874838505 34.6594498814 -0.37176245413
-118.827110839 34.6376338629 -0.330782188751
-118.779407591 34.6157983011 -0.275187882988
-118.731728767 34.5939432407 -0.224285302245
-118.684074372 34.5720687265 -0.147444975059
-118.636444408 34.5501748031 -0.0884113636025
-118.588838882 34.5282615153 -0.0489891105298
-118.541257797 34.5063289078 -0.0222223209914
-118.493701157 34.4843770254 0.141923776892
-118.446168966 34.4624059128 0.396705157079
-118.398660888 34.4404156188 0.284116014503
-118.351177606 34.4184061801 -0.0883891919761
-118.303718785 34.3963776456 -0.290576990892
-118.256284427 34.3743300601 -0.342704458878
-118.208874536 34.3522634685 -0.379971187373
-118.161489115 34.3301779156 -0.398559768038
-118.114128167 34.3080734462 -0.399286628413
-118.066791695 34.2859501052 -0.386045189687
-118.019479701 34.2638079374 -0.364804583108
-117.972192189 34.2416469878 -0.365653680354
-117.924929161 34.2194673012 -0.328681501744
-117.87769028 34.1972689249 -0.33526610331
-117.830476226 34.1750518989 -0.332956148502
-117.783286664 34.1528162707 -0.339634638872
-117.736121594 34.1305620851 -0.298345808154
-117.688981019 34.1082893871 -0.234086023427
-117.641864941 34.0859982216 -0.264693893599
-117.594773361 34.0636886337 -0.381998453148
-117.54770628 34.0413606681 -0.482594047449
-117.500663701 34.01901437 -0.553373510778
-117.453645625 33.9966497843 -0.601288817851
-117.406652052 33.974266956 -0.633898657845
-117.359682983 33.95186593 -0.656211102382
-117.312738421 33.9294467514 -0.668794967658
-117.265818365 33.9070094651 -0.682919317826
-117.218922817 33.8845541163 -0.684388948784
-117.172051776 33.8620807498 -0.676978223889
-117.125205244 33.8395894107 -0.670082641143
-118.943998122 34.7424883935 -0.292883863669
-118.896204833 34.7207019002 -0.307244959645
-118.848436018 34.6988957632 -0.295732643939
-118.800691683 34.6770700273 -0.266153657525
-118.752971832 34.6552247371 -0.230421183174
-118.70527647 34.6333599374 -0.20294312592
-118.657605601 34.611475673 -0.176238876542
-118.60995923 34.5895719887 -0.16720826612
-118.562337362 34.5676489292 -0.16586459442
-118.51474 34.5457065393 -0.169557636504
-118.467167148 34.523744864 -0.0942727941953
-118.41961881 34.5017639479 -0.0357644260372
-118.372094649 34.4797638397 -0.105563499113
-118.324595351 34.4577445766 -0.203399206754
-118.277120577 34.4357062073 -0.293526856901
-118.229670332 34.4136487767 -0.338517444348
-118.182244618 34.3915723298 -0.354772395694
-118.134843438 34.3694769113 -0.351872322062
-118.087466797 34.3473625662 -0.351950207705
-118.040114696 34.3252293395 -0.358932307186
-117.992787138 34.303077276 -0.358462831077
-117.945484125 34.2809064206 -0.350533429503
-117.898205661 34.2587168184 -0.33864064002
-117.850951409 34.2365085166 -0.338015404326
-117.803722048 34.2142815554 -0.338256703776
-117.756517243 34.1920359822 -0.325876897463
-117.709336994 34.169771842 -0.281238555998
-117.662181304 34.1474891798 -0.226188216648
-117.615050175 34.1251880406 -0.245179473579
-117.567943608 34.1028684694 -0.332594283019
-117.520861604 34.0805305113 -0.411565040794
-117.473804165 34.0581742111 -0.48025119841
-117.426771293 34.0357996141 -0.510063688285
-117.379762988 34.0134067652 -0.531175928216
-117.332779251 33.9909957094 -0.538571391126
-117.285820084 33.9685664919 -0.548484378913
-117.238885487 33.9461191577 -0.573302963277
-117.19197546 33.9236537518 -0.563283165163
-117.145090005 33.9011703193 -0.56587743724
-117.098229122 33.8786689054 -0.579955870873
-118.917604646 34.7819463001 -0.277508120346
-118.869794553 34.7601500856 -0.269476216406
-118.822009001 34.7383342164 -0.247481694584
-118.774247993 34.7164987372 -0.212045418421
-118.726511536 34.6946436928 -0.187300274123
-118.678799632 34.6727691281 -0.183115448045
-118.631112288 34.6508750877 -0.186146562464
-118.583449507 34.6289616167 -0.196050748264
-118.535811293 34.6070287598 -0.211613906882
-118.488197651 34.5850765619 -0.230648404664
-118.440608585 34.5631050679 -0.21333341618
-118.393044097 34.5411143226 -0.222567873868
-118.345503852 34.5191043748 -0.242584927856
-118.297988534 34.4970752616 -0.262379441728
-118.250497806 34.4750270319 -0.295980235096
-118.203031672 34.4529597307 -0.316206073835
-118.155590133 34.4308734028 -0.319905710912
-118.108173194 34.4087680932 -0.314495687167
-118.060780857 34.386643847 -0.318289535737
-118.013413126 34.364500709 -0.325858792259
-117.966070002 34.3423387242 -0.327056666847
-117.918751488 34.3201579377 -0.3189483075
-117.871457587 34.2979583945 -0.314583596939
-117.824187962 34.2757401418 -0.313402227132
-117.776943294 34.2535032199 -0.307501482382
-117.729723244 34.2312476765 -0.287822099754
-117.682527816 34.2089735563 -0.253612689766
-117.635357011 34.1866809046 -0.222795152028
-117.58821083 34.1643697664 -0.241905634691
-117.541089276 34.1420401867 -0.290897482104
-117.493992349 34.1196922107 -0.33912127449
-117.446920051 34.0973258833 -0.370786126352
-117.399872383 34.0749412498 -0.345260252862
-117.352849346 34.0525383551 -0.287537093067
-117.305850941 34.0301172444 -0.263648486688
-117.25887717 34.0076779629 -0.340327592382
-117.211928032 33.9852205555 -0.403805976799
-117.165003528 33.9627450675 -0.425717741463
-117.118103659 33.940251544 -0.450911673165
-117.071228425 33.9177400302 -0.49313970758
-118.891186687 34.8214013107 -0.268954831101
-118.843359785 34.7995953494 -0.254837618456
-118.795557488 34.7777697222 -0.224586041498
-118.747779802 34.7559244741 -0.176529696723
-118.700026732 34.7340596498 -0.158479491161
-118.652298282 34.7121752942 -0.177267137597
-118.604594456 34.6902714523 -0.186838011264
-118.556915259 34.668348169 -0.19537600737
-118.509260695 34.646405489 -0.210171857275
-118.461630768 34.6244434575 -0.223087095296
-118.414025481 34.6024621192 -0.231994235032
-118.366444839 34.5804615192 -0.24909580223
-118.318888505 34.5584417061 -0.262500870155
-118.271357163 34.5364027173 -0.27655417804
-118.223850476 34.5143446017 -0.285832438283
-118.176368447 34.4922674043 -0.285808361242
-118.12891108 34.47017117 -0.283702549301
-118.081478377 34.4480559439 -0.284158632993
-118.034070341 34.425921771 -0.288422978792
-117.986686975 34.4037686964 -0.292656621966
-117.939328281 34.381596765 -0.292294629296
-117.891994263 34.3594060219 -0.286348000406
-117.844684922 34.3371965123 -0.278840028853
-117.79739992 34.3149682833 -0.275068406062
-117.75013994 34.2927213756 -0.26718600925
-117.702904644 34.2704558365 -0.248076633943
-117.655694033 34.2481717111 -0.233059045017
-117.60850811 34.2258690446 -0.234027607446
-117.561346875 34.2035478821 -0.245466804323
-117.51421033 34.1812082687 -0.257494019971
-117.467098478 34.1588502496 -0.272272680977
-117.420011318 34.1364738698 -0.262988099784
-117.372948852 34.1140791745 -0.173570239381
-117.325911081 34.091666209 0.021357351356
-117.278898007 34.0692350183 0.03699153233
-117.231909628 34.0467856475 -0.158451681803
-117.184945948 34.024318142 -0.263962098407
-117.138006965 34.0018325469 -0.308132434392
-117.09109268 33.9793289073 -0.353232968657
-117.044203094 33.9568072685 -0.427338508938
-118.864744076 34.8608488937 -0.270206224146
-118.816900359 34.8390331595 -0.254643177152
-118.769081315 34.8171977485 -0.227915305254
-118.721286948 34.7953427055 -0.194788556206
-118.673517262 34.7734680755 -0.184460031032
-118.625772261 34.7515739034 -0.184510712255
-118.578051951 34.7296602341 -0.181262129056
-118.530356336 34.7077271126 -0.18464193659
-118.482685419 34.6857745839 -0.195374732451
-118.435039204 34.6638026929 -0.210649571093
-118.387417695 34.6418114847 -0.228923101205
-118.339820897 34.6198010042 -0.247021343803
-118.292248471 34.5977713002 -0.258124387636
-118.244701103 34.5757224102 -0.261725534253
-118.197178455 34.553654383 -0.257954266161
-118.14968053 34.5315672638 -0.25219873028
-118.102207332 34.5094610975 -0.248782803457
-118.054758864 34.4873359293 -0.250530632643
-118.007335127 34.4651918042 -0.256224519749
-117.959936125 34.4430287674 -0.264449193496
-117.912561861 34.4208468638 -0.261782015424
-117.865212336 34.3986461387 -0.245155965887
-117.817887554 34.3764266372 -0.229027687513
-117.770587175 34.3541884066 -0.224633219779
-117.723311883 34.3319314875 -0.220758463515
-117.67606134 34.3096559274 -0.221424187817
-117.628835546 34.2873617714 -0.224130127959
-117.581634503 34.2650490648 -0.22978177698
-117.534458214 34.2427178527 -0.23280278083
-117.48730668 34.2203681803 -0.235411682919
-117.440179901 34.1980000928 -0.234477980932
-117.39307788 34.1756136353 -0.203908379462
-117.346000616 34.1532088531 -0.105647289108
-117.298948112 34.1307857915 0.040443067381
-117.251920368 34.1083444955 0.000949006783127
-117.204917384 34.0858850105 -0.145119699551
-117.157939161 34.0634073816 -0.233597082236
-117.1109857 34.0409116542 -0.268913748402
-117.064057001 34.0183978735 -0.319243711657
-117.017153064 33.9958660847 -0.397251752026
-118.838276848 34.9002935298 -0.281736623753
-118.790416312 34.8784679971 -0.269620485003
-118.742580514 34.8566227765 -0.25764157965
-118.694769459 34.8347579129 -0.251216396194
-118.646983151 34.8128734514 -0.237178297366
-118.599221595 34.790969437 -0.203653528465
-118.551484795 34.7690459146 -0.183180231236
-118.503772756 34.7471029293 -0.180006596412
-118.45608548 34.7251405261 -0.186012725377
-118.408422972 34.7031587501 -0.205934826772
-118.360785237 34.6811576463 -0.225164459411
-118.313172277 34.6591372598 -0.243752835822
-118.265583754 34.6370976392 -0.24956856207
-118.218020356 34.6150388223 -0.239567695307
-118.170481742 34.5929608581 -0.230780978469
-118.122967918 34.5708637915 -0.225795226697
-118.075478885 34.5487476677 -0.223458419088
-118.028014646 34.5266125319 -0.224943705124
-117.980575205 34.5044584291 -0.23548177276
-117.933160564 34.4822854046 -0.254279660319
-117.885770725 34.4600935035 -0.24877388996
-117.838405691 34.437882771 -0.212733412025
-117.791065463 34.4156532522 -0.192575453856
-117.743749705 34.3934049944 -0.188952321289
-117.696459098 34.3711380386 -0.19300887628
-117.649193303 34.3488524322 -0.21897844893
-117.601952323 34.3265482203 -0.226854434982
-117.55473616 34.3042254483 -0.222674931277
-117.507544813 34.2818841613 -0.223543512956
-117.460378286 34.2595244045 -0.233402411429
-117.413236579 34.2371462234 -0.233701383946
-117.366119694 34.214749663 -0.212718376055
-117.319027631 34.1923347687 -0.167366182682
-117.271960391 34.1699015857 -0.148947228956
-117.224917975 34.1474501593 -0.187103176245
-117.177900383 34.1249805349 -0.244497057753
-117.130907617 34.1024927576 -0.28571217954
-117.083939676 34.0799868728 -0.288295425796
-117.036996561 34.0574629258 -0.326836785494
-116.990078272 34.0349209619 -0.402398465135
-118.811784836 34.9397306873 -0.302951269775
-118.763907477 34.91789533 -0.301902914077
-118.716054922 34.8960402738 -0.306982184586
-118.668227177 34.8741655638 -0.315367122987
-118.620424244 34.8522712449 -0.300529601355
-118.57264613 34.8303573623 -0.256636721637
-118.524892837 34.808423961 -0.225862983761
-118.47716437 34.7864710861 -0.207592640452
-118.429460734 34.7644987826 -0.206277466848
-118.381781931 34.7425070958 -0.217265611475
-118.334127966 34.7204960706 -0.232476277439
-118.286498842 34.6984657523 -0.246975719523
-118.238894222 34.6764161894 -0.249581583749
-118.19131479 34.6543474201 -0.239531526907
-118.14376021 34.632259493 -0.233240123505
-118.096230483 34.6101524535 -0.229738830841
-118.048725614 34.5880263465 -0.232388610927
-118.001245604 34.5658812175 -0.238620897894
-117.953790457 34.5437171115 -0.255717055179
-117.906360175 34.5215340737 -0.272818236368
-117.858954761 34.4993321495 -0.271114355352
-117.811574216 34.477111384 -0.249733677734
-117.764218543 34.4548718224 -0.239721440516
-117.716887404 34.4326135121 -0.227290952366
-117.66958148 34.4103364941 -0.231917805864
-117.622300435 34.3880408159 -0.246472949638
-117.575044269 34.3657265227 -0.246976819928
-117.527812983 34.3433936598 -0.236532594412
-117.48060658 34.3210422726 -0.238473491677
-117.43342506 34.2986724062 -0.253693047326
-117.386268425 34.2762841061 -0.265943027459
-117.339136676 34.2538774175 -0.270810334214
-117.292029813 34.2314523858 -0.272932657743
-117.244947838 34.2090090563 -0.29527142848
-117.197890751 34.1865474743 -0.31915887138
-117.150858553 34.1640676852 -0.341268865168
-117.103851244 34.1415697343 -0.352453298664
-117.056868824 34.119053667 -0.352535863843
-117.009911294 34.0965195286 -0.385010685168
-116.962978654 34.0739673645 -0.435266900674
-118.785268074 34.979164847 -0.329390299238
-118.737373886 34.9573196393 -0.339545152486
-118.689504569 34.9354547218 -0.356644473394
-118.641660126 34.9135701395 -0.381532509645
-118.593840564 34.8916659375 -0.368451188609
-118.546045885 34.8697421609 -0.319504945971
-118.498276094 34.8477988549 -0.280623008892
-118.450531195 34.8258360646 -0.250243781828
-118.402811193 34.8038538352 -0.238593102772
-118.35511609 34.7818522118 -0.239258356351
-118.30744589 34.7598312396 -0.247948546537
-118.259800598 34.7377909638 -0.259911549707
-118.212179874 34.7157314331 -0.262342258404
-118.164584406 34.6936526856 -0.257403779942
-118.117013854 34.6715547702 -0.254371412201
-118.069468221 34.649437732 -0.255637370136
-118.021947511 34.6273016164 -0.262900826096
-117.974451727 34.6051464685 -0.277621537975
-117.92698087 34.5829723337 -0.295634184309
-117.879534944 34.5607792573 -0.31161704439
-117.83211395 34.5385672844 -0.321217079866
-117.784717891 34.5163364604 -0.331689772211
-117.737346769 34.4940868306 -0.325880697195
-117.690000246 34.4718184423 -0.30281814748
-117.642679004 34.4495313368 -0.29485125006
-117.595382704 34.4272255614 -0.290652116269
-117.548111349 34.4049011615 -0.281213671158
-117.500864939 34.3825581825 -0.263687503044
-117.453643476 34.3601966696 -0.266790699508
-117.406446961 34.3378166683 -0.290788423472
-117.359275396 34.315418224 -0.315611525915
-117.31212878 34.2930013819 -0.343906338861
-117.265007116 34.2705661876 -0.366869978825
-117.217910404 34.2481126863 -0.389323847578
-117.170838644 34.2256409235 -0.406629673759
-117.123791837 34.2031509445 -0.413318092645
-117.076769984 34.1806427948 -0.420645464619
-117.029773084 34.1581165198 -0.435050134333
-116.982801138 34.135572165 -0.456495458415
-116.935854145 34.1130097756 -0.476133678979
-118.758726398 35.0185914768 -0.354487028661
-118.710815377 34.9967363928 -0.369969792018
-118.662929294 34.9748615879 -0.389911442757
-118.615068152 34.9529671074 -0.408959748863
-118.567231955 34.9310529963 -0.392872818371
-118.51942071 34.9091192999 -0.354710078837
-118.471634418 34.8871660633 -0.317444240816
-118.423873085 34.8651933318 -0.287677073584
-118.376136713 34.8432011505 -0.272113733798
-118.328425308 34.8211895648 -0.267216150969
-118.280738872 34.7991586198 -0.271017880764
-118.233077409 34.7771083608 -0.277861062008
-118.18544058 34.7550388363 -0.279764842431
-118.137829073 34.732950085 -0.27875945418
-118.090242548 34.7108421554 -0.279369245942
-118.042681008 34.688715093 -0.284354844408
-117.995144456 34.666568943 -0.294726949542
-117.947632895 34.6444037507 -0.311246801683
-117.900146327 34.6222195615 -0.328431883463
-117.852684755 34.6000164207 -0.345756869624
-117.805248181 34.5777943737 -0.360950289229
-117.757836608 34.5555534657 -0.37648360816
-117.710450036 34.5332937422 -0.36917125983
-117.663088128 34.5110152503 -0.351161164133
-117.615751567 34.4887180317 -0.337246916799
-117.568440013 34.4664021337 -0.326498238904
-117.521153468 34.4440676016 -0.313098185987
-117.473891934 34.421714481 -0.300654242369
-117.426655411 34.3993428172 -0.308180193904
-117.379443902 34.3769526556 -0.332390050806
-117.332257406 34.3545440417 -0.361532845038
-117.285095925 34.3321170208 -0.395025442434
-117.23795946 34.3096716385 -0.420561559054
-117.190848011 34.2872079402 -0.442496640248
-117.14376158 34.2647259713 -0.454707893758
-117.096700165 34.2422257772 -0.461360199988
-117.049663768 34.2197074036 -0.46979035077
-117.002652389 34.1971708957 -0.485174483911
-116.955666028 34.1746162992 -0.496978530688
-116.908704685 34.1520436595 -0.508003494699
