-119.336999976 34.1500010364 -0.0406217996041
-119.289458115 34.1283572771 -0.0501530140777
-119.241939758 34.1066940424 -0.0691727526218
-119.194444913 34.0850113761 -0.0976437085265
-119.146973585 34.063309322 -0.131320803121
-119.099525778 34.041587924 -0.160959381468
-119.052101499 34.019847226 -0.179580511094
-119.004700752 33.9980872718 -0.196721292018
-118.957323543 33.9763081053 -0.221607198261
-118.909969877 33.9545097704 -0.249338025041
-118.86263942 33.9326923162 -0.262759197667
-118.815332853 33.9108557762 -0.249584489794
-118.768049843 33.8890001996 -0.215854235121
-118.720790395 33.8671256304 -0.176555389136
-118.673554511 33.8452321126 -0.144832629666
-118.626342198 33.8233196901 -0.131577477493
-118.579153458 33.801388407 -0.146799748319
-118.531988297 33.7794383072 -0.197164554644
-118.484846717 33.7574694348 -0.277911571136
-118.437728722 33.7354818338 -0.353755372333
-118.390634316 33.7134755483 -0.507771499876
-118.343563503 33.6914506223 -0.640477463799
-118.296516285 33.6694071 -0.605257447467
-118.24949233 33.6473450287 -0.468541189633
-118.202492314 33.6252644457 -0.320796341628
-118.155515903 33.6031653985 -0.188391028952
-118.1085631 33.5810479314 -0.0829030667991
-118.061633908 33.5589120884 -0.0121062944547
-118.01472833 33.5367579137 0.030675742543
-117.967846367 33.5145854513 0.0602913449003
-117.920988023 33.4923947456 0.0894172793876
-117.8741533 33.4701858406 0.124513878199
-117.827342199 33.4479587805 0.164497729312
-117.780554724 33.4257136095 0.199857497902
-117.733790875 33.4034503717 0.212374718038
-117.687050655 33.3811691115 0.181830727902
-117.640334066 33.358869873 0.0973166576244
-117.593641108 33.3365527004 -0.0327581199932
-117.546971785 33.314217638 -0.192453779759
-117.500326096 33.2918647299 -0.352992233243
-119.310966774 34.1895354099 0.00245702188787
-119.263408189 34.1678823141 -0.00324165823193
-119.215873173 34.1462097316 -0.0214338874492
-119.168361732 34.1245177061 -0.0534770263137
-119.120873871 34.1028062817 -0.0938265835356
-119.073409595 34.0810755023 -0.127591741935
-119.02596891 34.0593254116 -0.131695123619
-118.978551822 34.0375560537 -0.143014409011
-118.931158334 34.0157674726 -0.177247368551
-118.883788453 33.9939597122 -0.224912031902
-118.836441844 33.9721328215 -0.245638778305
-118.789119188 33.9502868343 -0.215665904317
-118.741820153 33.9284217997 -0.158261393795
-118.694544742 33.9065377619 -0.0990721551564
-118.64729296 33.8846347647 -0.0509347194682
-118.600064768 33.8627105985 -0.0250990032192
-118.552860257 33.8407698149 -0.0368368695224
-118.505679386 33.8188102042 -0.102665360887
-118.458522159 33.7968318106 -0.23715373907
-118.411388581 33.774834678 -0.472018298635
-118.364278655 33.7528188505 -0.7173658991
-118.317192384 33.7307843724 -0.670421032611
-118.270129771 33.7087312878 -0.559470548812
-118.223090483 33.686659644 -0.358002574219
-118.176075197 33.6645694785 -0.203817848073
-118.129083578 33.6424608389 -0.0643614676877
-118.08211563 33.6203337694 0.0384677298866
-118.035171355 33.5981883141 0.0864261053083
-117.988250756 33.5760245173 0.0997511998543
-117.941353835 33.5538424231 0.105329285519
-117.894480595 33.5316420757 0.119966928637
-117.847631038 33.5094235195 0.151356813822
-117.800805165 33.4871867986 0.197755652049
-117.75400298 33.4649319572 0.247551507746
-117.707224483 33.4426590396 0.270257695449
-117.660469677 33.4203680901 0.231864910153
-117.613738564 33.3980591529 0.109871045853
-117.567031144 33.3757322724 -0.0723756743157
-117.520347419 33.3533874927 -0.286065239137
-117.473687391 33.3310248582 -0.478542114022
-119.284909948 34.229062758 0.0512988229019
-119.237334634 34.2074003001 0.0527510281414
-119.189782954 34.1857183442 0.0380884837986
-119.142254913 34.1640169341 0.00538407762823
-119.094750515 34.1422961138 -0.0350172622734
-119.047269766 34.1205559273 -0.0626757498139
-118.999812672 34.0987964186 -0.0543257418529
-118.952379238 34.0770176317 -0.0591036555252
-118.904969468 34.0552196105 -0.109412619004
-118.857583368 34.0334023991 -0.201011585064
-118.810220604 34.0115660465 -0.232541298673
-118.762881857 33.9897105866 -0.163668594547
-118.715566793 33.9678360688 -0.078689898999
-118.668275416 33.9459425369 -0.00300432668166
-118.621007732 33.9240300352 0.0623438855157
-118.573763743 33.9020986076 0.108557626294
-118.526543455 33.8801482985 0.11229353492
-118.47934687 33.8581791518 0.0460684996113
-118.432173992 33.8361912116 -0.10995469894
-118.385024826 33.8141845223 -0.379127587541
-118.337899375 33.7921591279 -0.520662091675
-118.290797641 33.7701150725 -0.303278728767
-118.243719629 33.7480524005 -0.227343934891
-118.196665003 33.7259711592 -0.150637352489
-118.149634443 33.7038713862 -0.0490790168126
-118.102627612 33.6817531292 0.100117843529
-118.055644515 33.6596164323 0.193393273814
-118.008685154 33.6374613397 0.192144135185
-117.96174953 33.6152878958 0.16167470421
-117.914837647 33.5930961448 0.136700211922
-117.867949508 33.570886131 0.132939445615
-117.821085113 33.5486578986 0.158197477253
-117.774244465 33.526411492 0.20807721612
-117.727427567 33.5041469553 0.279981209155
-117.680634419 33.4818643331 0.315600251163
-117.633865024 33.4595636695 0.269872251853
-117.587119383 33.4372450088 0.083201712358
-117.540397498 33.4149083955 -0.246390306889
-117.49369937 33.3925538738 -0.529700149766
-117.447025 33.3701814881 -0.662106376825
-119.258829555 34.2685875614 0.104260154588
-119.211237506 34.246915716 0.117108508094
-119.163669155 34.2252243613 0.108288180678
-119.116124506 34.2035135412 0.0773708750408
-119.068603565 34.1817832997 0.0493566218325
-119.021106337 34.1600336808 0.039292356295
-118.973632828 34.1382647287 0.0496469963947
-118.926183041 34.1164764873 0.0609814516916
-118.878756983 34.0946690007 -0.00348562875079
-118.831354658 34.072842313 -0.165741028435
-118.783975733 34.0509964733 -0.191101033265
-118.736620888 34.0291315156 -0.0583874269554
-118.68928979 34.0072474891 0.0290960256006
-118.641982443 33.985344438 0.103860013949
-118.594698851 33.9634224064 0.183061512043
-118.547439018 33.9414814386 0.263216842267
-118.500202948 33.9195215785 0.303938836173
-118.452990646 33.8975428705 0.263482525907
-118.405802113 33.8755453588 0.168690509419
-118.358637356 33.8535290875 0.12952056572
-118.311496375 33.8314941009 0.315335656593
-118.264379176 33.8094404432 0.325473916972
-118.217285761 33.7873681587 0.187218895504
-118.170215796 33.7652772948 0.0707687090704
-118.123169958 33.7431678892 0.111331083389
-118.076147913 33.7210399896 0.300750712647
-118.029149664 33.6988936402 0.364997337856
-117.982175213 33.6767288854 0.282509588761
-117.935224563 33.6545457694 0.212833258898
-117.888297716 33.6323443366 0.157934151511
-117.841394674 33.6101246313 0.136354496876
-117.79451544 33.5878866978 0.147346548936
-117.747660015 33.5656305805 0.179237267891
-117.700828402 33.5433563238 0.271403802693
-117.654020602 33.5210639719 0.293848526169
-117.607236616 33.4987535693 0.251513438675
-117.560476447 33.4764251603 -0.0148304573397
-117.513740095 33.4540787894 -0.572154934928
-117.467027562 33.4317145009 -0.853167153158
-117.42033885 33.4093323392 -0.836729369518
-119.23272541 34.3081052896 0.157403110485
-119.185116623 34.2864240311 0.179324221954
-119.137531596 34.264723252 0.17661886458
-119.089970336 34.2430029963 0.153064527503
-119.042432848 34.221263308 0.138918353817
-118.994919136 34.1995042312 0.147364643461
-118.947429207 34.1777258102 0.166200082651
-118.899963065 34.1559280888 0.173861448039
-118.852520715 34.1341111114 0.123874368417
-118.805102162 34.112274922 0.041555705729
-118.757707072 34.0904195696 0.0659768244436
-118.710336127 34.0685450886 0.124639637666
-118.662988991 34.0466515282 0.151539884628
-118.61566567 34.0247389324 0.196020910552
-118.568366168 34.0028073457 0.273529310711
-118.521090488 33.9808568121 0.414388426572
-118.473838635 33.9588873759 0.522111773858
-118.426610612 33.9368990813 0.503405810784
-118.379406423 33.9148919727 0.453267128576
-118.332226072 33.8928660942 0.514344751125
-118.285069561 33.8708214902 0.662739501462
-118.237936894 33.8487582049 0.620479688031
-118.190828074 33.8266762826 0.446563251613
-118.143742767 33.8045757709 0.318474480289
-118.09668165 33.7824567076 0.338771159739
-118.04964439 33.7603191403 0.434608385205
-118.002630987 33.7381631134 0.43260850984
-117.955641446 33.7159886712 0.353995762147
-117.908675768 33.693795858 0.280100106906
-117.861733956 33.6715847184 0.213577931984
-117.814816012 33.6493552966 0.184047112002
-117.767921937 33.627107637 0.157751303312
-117.721051735 33.604841784 0.116628920758
-117.674205406 33.5825577822 0.10161210212
-117.627382952 33.5602556757 0.0259856018333
-117.580584376 33.5379355092 -0.105098452815
-117.533809678 33.515597327 -0.422218752586
-117.487058859 33.4932411736 -0.810781880025
-117.440331922 33.4708670934 -0.952831222492
-117.393628867 33.4484751309 -0.920632792074
-119.20659757 34.3476204235 0.207616321741
-119.158972036 34.3259297264 0.241188297915
-119.111370328 34.3042194974 0.24702914495
-119.063792449 34.2824897806 0.225787156967
-119.016238407 34.2607406202 0.225622585906
-118.968708206 34.2389720601 0.257934087116
-118.921201851 34.2171841447 0.281577423042
-118.873719348 34.1953769181 0.285818388445
-118.8262607 34.1735504244 0.289684778435
-118.778825913 34.1517047079 0.343002185884
-118.731414652 34.1298398176 0.39406824963
-118.6840276 34.107955788 0.343502632451
-118.636664422 34.0860526683 0.264114805381
-118.589325122 34.0641305027 0.218367297708
-118.542009704 34.0421893354 0.212054624024
-118.494718173 34.0202292109 0.510763165194
-118.447450531 33.9982501733 0.72360337207
-118.400206783 33.9762522669 0.682608154942
-118.352986932 33.9542355362 0.613321452562
-118.305790982 33.9322000253 0.654878777875
-118.258618936 33.9101457787 0.702143157072
-118.211470797 33.8880728407 0.666284739157
-118.164346568 33.8659812556 0.581151637332
-118.117245915 33.843871071 0.53314188624
-118.070169516 33.8217423248 0.527783297892
-118.023117035 33.7995950648 0.500652348199
-117.976088476 33.7774293352 0.46226925951
-117.929083841 33.7552451806 0.422107722761
-117.882103131 33.7330426453 0.354805024248
-117.835146351 33.7108217738 0.277205282554
-117.7882135 33.6885826105 0.213755421461
-117.741304582 33.6663251999 0.121994764626
-117.694419599 33.6440495864 -0.0320395656693
-117.647558552 33.6217558144 -0.199014384498
-117.600721442 33.5994439286 -0.373683667449
-117.553908272 33.5771139732 -0.630098177437
-117.507119043 33.554765993 -0.849698294877
-117.460353756 33.5324000322 -0.907090915749
-117.413612411 33.5100161355 -0.93895855074
-117.366895012 33.4876143474 -0.932674132354
-119.180445852 34.3871284322 0.252419543467
-119.132803567 34.365428271 0.295196905435
-119.085185172 34.3437085665 0.312021948741
-119.037590672 34.321969363 0.307546709697
-118.990020072 34.3002107047 0.322000530113
-118.942473377 34.2784326358 0.358878131565
-118.894950593 34.2566352005 0.38178859221
-118.847451724 34.234818443 0.400195263288
-118.799976775 34.2129824076 0.433433717959
-118.752525751 34.1911271386 0.515217090022
-118.705098317 34.1692526848 0.604607186908
-118.657695155 34.1473590812 0.654557628095
-118.610315931 34.1254463767 0.433426688589
-118.56296065 34.1035146158 0.00309136313961
-118.515629314 34.0815638427 -0.271369870576
-118.468321928 34.0595941018 0.142119534405
-118.421038495 34.0376054374 0.693253919801
-118.37377902 34.015597894 0.735891088225
-118.326543505 33.9935715158 0.684160900316
-118.279331954 33.9715263473 0.703028654302
-118.232144371 33.9494624328 0.715814222231
-118.184980758 33.9273798168 0.610505667277
-118.137841119 33.9052785437 0.620267949017
-118.090725118 33.8831586609 0.62812799627
-118.043633435 33.8610202067 0.612177488029
-117.996565733 33.8388632287 0.568952437667
-117.949522015 33.8166877714 0.539100264802
-117.902502285 33.7944938792 0.499411655186
-117.855506543 33.7722815967 0.423836303411
-117.808534793 33.7500509682 0.316766931132
-117.761587036 33.7278020384 0.168070464337
-117.714663274 33.7055348516 -0.0414723883644
-117.667763509 33.6832494525 -0.278923893856
-117.620887743 33.6609458855 -0.485979656921
-117.574035977 33.6386241952 -0.662777529675
-117.527208214 33.6162844262 -0.854438279761
-117.480404453 33.5939266229 -0.933992035521
-117.433624696 33.5715508299 -0.915241734465
-117.386868946 33.5491570918 -0.912679054774
-117.340137201 33.5267454532 -0.917260328634
-119.154270307 34.4266337968 0.290885823396
-119.106611265 34.4049241458 0.348050613904
-119.058976177 34.3831949403 0.388483658301
-119.011365048 34.3614462247 0.400829186836
-118.963777884 34.3396780431 0.431846345365
-118.91621469 34.3178904399 0.470694554337
-118.86867547 34.2960834592 0.491281914541
-118.82116023 34.2742571455 0.51315989135
-118.773668974 34.2524115429 0.532680855707
-118.726201706 34.2305466959 0.570632535617
-118.678758093 34.2086626534 0.672374529249
-118.631338816 34.1867594503 0.807533540201
-118.583943542 34.1648371358 0.667653445438
-118.536572273 34.1428957542 -0.11699764105
-118.489225013 34.12093535 -0.473884604812
-118.441901768 34.0989559675 -0.381241830862
-118.394602539 34.0769576511 0.00376902817615
-118.347327332 34.0549404452 0.593936792347
-118.300076148 34.0329043944 0.564968406411
-118.252848993 34.010849543 0.693378944233
-118.205645868 33.9887759355 0.752029980296
-118.158466777 33.9666836163 0.657598268211
-118.111311723 33.9445726299 0.646910014103
-118.064180371 33.9224430238 0.653544659392
-118.017073399 33.9002948365 0.642392121707
-117.969990472 33.8781281155 0.640693125472
-117.922931593 33.8559429053 0.636534981241
-117.875896763 33.8337392505 0.57076084121
-117.828885986 33.8115171957 0.484044445594
-117.781899263 33.7892767852 0.347431194432
-117.734936596 33.7670180638 0.107077612396
-117.687997987 33.744741076 -0.24683662728
-117.641083438 33.7224458663 -0.542191748077
-117.59419295 33.7001324793 -0.69909857002
-117.547326526 33.6778009596 -0.792842602796
-117.500484165 33.6554513519 -0.835850196484
-117.453665871 33.6330837006 -0.861179380952
-117.406871643 33.6106980506 -0.865199896687
-117.360101483 33.5882944462 -0.871950560311
-117.313355392 33.5658729322 -0.896732350662
-119.128070757 34.4661319862 0.319755496906
-119.080394953 34.4444128197 0.414514484937
-119.032743168 34.4226740877 0.493019607136
-118.985115407 34.4009158342 0.544774389745
-118.937511675 34.3791381037 0.615048136582
-118.889931977 34.3573409405 0.647190070998
-118.842376318 34.335524389 0.670646158152
-118.794844703 34.3136884934 0.665188171608
-118.747337136 34.2918332981 0.659040758813
-118.699853622 34.2699588476 0.644471624329
-118.652393827 34.2480651908 0.65413391214
-118.604958772 34.2261523583 0.636877588565
-118.557547104 34.2042204127 0.705927676711
-118.510159845 34.182269385 0.218707569893
-118.46279666 34.1602993242 -0.0445719136873
-118.415457552 34.1383102746 -0.0612119308895
-118.368142526 34.1163022808 0.117229853032
-118.320851584 34.0942753872 0.191075359318
-118.27358473 34.0722296383 0.229259066011
-118.226341967 34.0501650787 0.565565989551
-118.179123299 34.0280817528 0.730759054271
-118.131928728 34.0059797052 0.699393889907
-118.084758258 33.9838589803 0.648430115194
-118.037611553 33.9617196257 0.629407604276
-117.990489291 33.93956168 0.608038125676
-117.943391138 33.9173851907 0.585332092968
-117.896317096 33.8951902025 0.638473273279
-117.849267167 33.8729767599 0.61728969323
-117.802241353 33.8507449075 0.532899733149
-117.755239656 33.82849469 0.376231583217
-117.708262079 33.8062261519 0.0626975893754
-117.661308622 33.7839393379 -0.40028424052
-117.614379288 33.7616342925 -0.723635656957
-117.567474079 33.7393110605 -0.772784121184
-117.520592995 33.7169696865 -0.770187027663
-117.473736039 33.6946102151 -0.783449861048
-117.42690321 33.672232691 -0.81375823897
-117.380094511 33.6498371588 -0.836118753294
-117.333309943 33.6274236633 -0.860804477391
-117.286549505 33.6049922491 -0.885107805154
-119.10184725 34.5056274814 0.31584146494
-119.054154678 34.4838987739 0.455332071482
-119.006486189 34.4621504896 0.55126415417
-118.958841789 34.4403826728 0.635773348379
-118.911221483 34.4185953679 0.724749204741
-118.863625275 34.3967886193 0.770299704826
-118.816053171 34.3749624713 0.822040502334
-118.768505175 34.3531169684 0.802299870867
-118.720981292 34.331252155 0.790321677523
-118.673481527 34.3093680755 0.736351384616
-118.626005883 34.2874647745 0.68677351205
-118.578554365 34.2655422963 0.681787293198
-118.531126638 34.2436006897 0.682994202527
-118.483723384 34.2216399906 0.574904883775
-118.436344268 34.1996602478 0.543217534209
-118.388989293 34.1776615058 0.71994082301
-118.341658464 34.1556438093 0.399737948256
-118.294351783 34.1336072026 -0.218887259102
-118.247069254 34.1115517305 -0.0019800449529
-118.19981088 34.0894774373 0.526817765405
-118.152576664 34.0673843678 0.746099860881
-118.105366609 34.0452725665 0.619412550223
-118.058180718 34.0231420779 0.549918164638
-118.011018656 34.0009929496 0.591708165444
-117.963881102 33.9788252203 0.579742017129
-117.916767719 33.9566389376 0.537666668454
-117.86967851 33.9344341463 0.671787763012
-117.822613478 33.9122108908 0.645478140982
-117.775572624 33.8899692158 0.556830446103
-117.72855595 33.8677091661 0.411566831866
-117.681563459 33.8454307863 0.0536468500054
-117.634595152 33.8231341211 -0.497186448681
-117.587651031 33.8008192151 -0.786237882346
-117.540731097 33.778486113 -0.703886748897
-117.493835351 33.7561348596 -0.672422357342
-117.446963796 33.7337654996 -0.738538426445
-117.400116431 33.7113780776 -0.793356028346
-117.353293259 33.6889726385 -0.836112236744
-117.306494279 33.6665492269 -0.865854769177
-117.259719494 33.6441078875 -0.880126972728
-119.075599609 34.5451157512 0.240828650474
-119.027890264 34.523377477 0.337634209469
-118.980205068 34.5016196148 0.382209620813
-118.932544025 34.479842209 0.420328214891
-118.884907141 34.458045304 0.484182526449
-118.83729442 34.4362289442 0.634424966341
-118.789705867 34.4143931742 0.767783819895
-118.742141487 34.3925380384 0.858296009864
-118.694601285 34.3706635812 0.893450633288
-118.647085264 34.3487698472 0.834669793857
-118.59959343 34.326856881 0.772989277922
-118.552125786 34.3049247269 0.736943842791
-118.504681997 34.2829734338 0.795412980854
-118.457262745 34.2610030377 0.856726769261
-118.409867696 34.2390135875 0.886263562855
-118.362496852 34.2170051277 0.619554702711
-118.315150218 34.1949777029 -0.0758465576879
-118.267827795 34.1729313578 -0.29087585606
-118.220529589 34.150866137 -0.0343448807509
-118.173255602 34.128782085 0.307990913151
-118.126005837 34.1066792465 0.461259850842
-118.078780297 34.0845576662 0.524246281545
-118.031578984 34.0624173886 0.50153376686
-117.984401564 34.0402584612 0.642423750827
-117.937248715 34.0180809231 0.625947258067
-117.890120101 33.9958848218 0.635130452577
-117.843015725 33.973670202 0.66233609623
-117.795935588 33.9514371084 0.622255507112
-117.748879694 33.9291855858 0.507334367175
-117.701848043 33.9069156787 0.286887686652
-117.654840638 33.884627432 -0.103134596628
-117.60785748 33.8623208904 -0.506943124319
-117.56089857 33.8399960987 -0.67577037052
-117.513963912 33.8176531015 -0.6392528281
-117.467053504 33.7952919437 -0.643187579249
-117.42016735 33.77291267 -0.718518311334
-117.37330545 33.7505153252 -0.78896247462
-117.326467804 33.7280999541 -0.843342800934
-117.279654414 33.7056666015 -0.871890444712
-117.232865281 33.6832153121 -0.872967111975
-119.04932788 34.5846012766 0.0980553532578
-119.001601757 34.5628534101 0.11254895077
-118.953899846 34.5410859444 0.0863603144723
-118.906222154 34.5192989239 0.0131043289944
-118.858568686 34.4974923933 0.0899343886968
-118.810939445 34.4756663969 0.364232808801
-118.763334438 34.4538209793 0.597908365843
-118.715753669 34.431956185 0.836243215714
-118.668197141 34.4100720586 0.92388795936
-118.62066486 34.3881686446 0.858105749481
-118.57315683 34.3662459877 0.78868700967
-118.525673054 34.3443041323 0.672218177263
-118.478213198 34.3223431273 0.833737917469
-118.430777944 34.3003630088 0.985203010507
-118.383366956 34.2783638257 0.827038101629
-118.335980238 34.2563456228 0.27508212279
-118.288617794 34.2343084445 -0.118295949843
-118.241279626 34.2122523356 -0.127409576567
-118.193965738 34.1901773407 -0.0346187326268
-118.146676134 34.1680835046 -0.070413225283
-118.099410815 34.1459708718 0.113698799608
-118.052169785 34.1238394872 0.624569056966
-118.004953047 34.1016893954 0.863144610349
-117.957760264 34.0795206437 0.772051433658
-117.910592117 34.0573332716 0.607755324519
-117.863448269 34.0351273265 0.563131218165
-117.816328722 34.0129028531 0.57082113334
-117.769233478 33.9906598963 0.553229162664
-117.722162539 33.9683985007 0.417019752033
-117.675115908 33.9461187112 0.0670572011279
-117.628093586 33.9238205726 -0.296120806696
-117.581095574 33.9015041296 -0.515990162854
-117.534121875 33.879169427 -0.614374828363
-117.487172488 33.8568165097 -0.610977897987
-117.440247417 33.8344454225 -0.637709204174
-117.393346662 33.8120562101 -0.719172006425
-117.346470223 33.7896489175 -0.792375105487
-117.299618102 33.7672235895 -0.852221902722
-117.2527903 33.7447802709 -0.872207706428
-117.205986817 33.7223190065 -0.853364677303
-119.023031889 34.6240795263 -0.064339006339
-118.975288982 34.6023220417 -0.110747832786
-118.927570354 34.5805449467 -0.175179789136
-118.879876009 34.5587482859 -0.230837542129
-118.832205953 34.5369321038 -0.13036490346
-118.784560189 34.5150964451 0.0865085938642
-118.736938724 34.4932413542 0.322578870622
-118.689341562 34.4713668759 0.592584639582
-118.641768706 34.4494730546 0.6672913106
-118.594220161 34.427559935 0.611057903312
-118.546695932 34.4056275618 0.599519774398
-118.499196023 34.3836759796 0.709891926503
-118.451720097 34.361705237 0.841057291392
-118.404268837 34.3397153706 0.702671203223
-118.356841909 34.3177064292 0.332574735478
-118.309439315 34.2956784575 -0.00234534474716
-118.262061059 34.2736315003 -0.155507621699
-118.214707144 34.2515656021 -0.136325852208
-118.167377573 34.2294808078 -0.152284812529
-118.120072349 34.2073771621 -0.215460751992
-118.072791475 34.1852547097 0.00710787667453
-118.025534954 34.1631134954 0.464059460942
-117.978302789 34.140953564 0.773575790986
-117.931094643 34.1187749628 0.715300180312
-117.883911196 34.0965777313 0.394216630788
-117.836752112 34.074361917 0.312162267031
-117.789617394 34.0521275648 0.35766367452
-117.742507042 34.0298747195 0.466112334407
-117.695421059 34.0076034258 0.362488089407
-117.648359447 33.9853137287 -0.031836958075
-117.601322207 33.9630056729 -0.367380601722
-117.554309341 33.9406793033 -0.517448718858
-117.507320851 33.9183346648 -0.582980131441
-117.460356738 33.8959718023 -0.607526120546
-117.413417002 33.8735907606 -0.65630403584
-117.366501646 33.8511915845 -0.728043517881
-117.319610669 33.8287743191 -0.790554140102
-117.272744074 33.8063390091 -0.835200481709
-117.22590186 33.7838856995 -0.83843232001
-117.179084028 33.7614144352 -0.810536530624
-118.996711678 34.6635549813 -0.201768573374
-118.948951982 34.6417878529 -0.285056742501
-118.90121663 34.620001103 -0.333738576994
-118.853505626 34.5981947762 -0.319176641216
-118.805818976 34.5763689172 -0.238730343095
-118.758156684 34.5545235705 -0.148164353861
-118.710518755 34.5326587808 0.0374257137592
-118.662905193 34.5107745928 0.293310428184
-118.615316004 34.4888710511 0.324916333681
-118.56775119 34.4669482004 0.200176819619
-118.520210757 34.4450060854 0.325934349299
-118.472694708 34.4230447508 0.86253133933
-118.425202707 34.4010642453 0.866178459421
-118.377735438 34.3790646055 0.132506949525
-118.330292564 34.3570458804 -0.243712942829
-118.282874089 34.3350081146 -0.205785845887
-118.235480017 34.3129513529 -0.216065674361
-118.188110349 34.2908756401 -0.222042280402
-118.140765091 34.268781021 -0.245294584652
-118.093444243 34.2466675403 -0.242803378964
-118.046147811 34.224535243 -0.124349774224
-117.998875795 34.2023841737 0.0027185188219
-117.951628199 34.1802143774 0.146784729616
-117.904404686 34.1580259013 0.098933900654
-117.857205936 34.1358187853 -0.000682956686783
-117.810031613 34.1135930767 -0.0450257893976
-117.762881719 34.0913488204 0.106303912149
-117.715756256 34.0690860614 0.460721903496
-117.668655226 34.0468048444 0.41673675627
-117.62157863 34.0245052145 -0.0693735335572
-117.57452647 34.0021872165 -0.398610928201
-117.527498748 33.9798508952 -0.484837845136
-117.480495464 33.9574962957 -0.551254101613
-117.433516621 33.9351234628 -0.609260764884
-117.386562219 33.9127324415 -0.665974397544
-117.339632259 33.8903232767 -0.721391021211
-117.292726743 33.8678960134 -0.763501826963
-117.245845671 33.8454506965 -0.785747716746
-117.198989043 33.822987371 -0.774275726045
-117.152156861 33.8005060818 -0.739852615693
-118.970367076 34.70302311 -0.282867255032
-118.922590586 34.681246312 -0.340647176086
-118.874838505 34.6594498814 -0.339037614403
-118.827110839 34.6376338629 -0.277762796622
-118.779407591 34.6157983011 -0.182352210692
-118.731728767 34.5939432407 -0.0971862540653
-118.684074372 34.5720687265 0.044763635051
-118.636444408 34.5501748031 0.131589498608
-118.588838882 34.5282615153 0.0824134965451
-118.541257797 34.5063289078 -0.0174512426332
-118.493701157 34.4843770254 0.143245811498
-118.446168966 34.4624059128 0.486215058929
-118.398660888 34.4404156188 0.33769930076
-118.351177606 34.4184061801 -0.128110004095
-118.303718785 34.3963776456 -0.279561886183
-118.256284427 34.3743300601 -0.242690886172
-118.208874536 34.3522634685 -0.244330171352
-118.161489115 34.3301779156 -0.266955048083
-118.114128167 34.3080734462 -0.290274437075
-118.066791695 34.2859501052 -0.287454643795
-118.019479701 34.2638079374 -0.254952108049
-117.972192189 34.2416469878 -0.249304902022
-117.924929161 34.2194673012 -0.212831280434
-117.87769028 34.1972689249 -0.262860730298
-117.830476226 34.1750518989 -0.228496104222
-117.783286664 34.1528162707 -0.201049640038
-117.736121594 34.1305620851 0.0381287357432
-117.688981019 34.1082893871 0.41120633212
-117.641864941 34.0859982216 0.385349411118
-117.594773361 34.0636886337 -0.00548100827965
-117.54770628 34.0413606681 -0.281678336942
-117.500663701 34.01901437 -0.414282097888
-117.453645625 33.9966497843 -0.505764119221
-117.406652052 33.974266956 -0.580553380707
-117.359682983 33.95186593 -0.633934036113
-117.312738421 33.9294467514 -0.660661036691
-117.265818365 33.9070094651 -0.689146828842
-117.218922817 33.8845541163 -0.68361181729
-117.172051776 33.8620807498 -0.660001552745
-117.125205244 33.8395894107 -0.641407289094
-118.943998122 34.7424883935 -0.30900952919
-118.896204833 34.7207019002 -0.320144134218
-118.848436018 34.6988957632 -0.270272601632
-118.800691683 34.6770700273 -0.149733055741
-118.752971832 34.6552247371 -0.0238449317971
-118.70527647 34.6333599374 0.113159483909
-118.657605601 34.611475673 0.163462685348
-118.60995923 34.5895719887 0.0593217912737
-118.562337362 34.5676489292 -0.0408429396312
-118.51474 34.5457065393 -0.12151215416
-118.467167148 34.523744864 -0.0925669902501
-118.41961881 34.5017639479 -0.105506914785
-118.372094649 34.4797638397 -0.166451545385
-118.324595351 34.4577445766 -0.0984667329816
-118.277120577 34.4357062073 -0.110262175883
-118.229670332 34.4136487767 -0.183309009334
-118.182244618 34.3915723298 -0.224461181714
-118.134843438 34.3694769113 -0.26985284728
-118.087466797 34.3473625662 -0.297448044093
-118.040114696 34.3252293395 -0.300926096649
-117.992787138 34.303077276 -0.290659650915
-117.945484125 34.2809064206 -0.267142125446
-117.898205661 34.2587168184 -0.250013545261
-117.850951409 34.2365085166 -0.240508827219
-117.803722048 34.2142815554 -0.242537715534
-117.756517243 34.1920359822 -0.222354369333
-117.709336994 34.169771842 -0.00341068736903
-117.662181304 34.1474891798 0.360945369668
-117.615050175 34.1251880406 0.373992180597
-117.567943608 34.1028684694 0.0819727682383
-117.520861604 34.0805305113 -0.152073255646
-117.473804165 34.0581742111 -0.33259426837
-117.426771293 34.0357996141 -0.401524753135
-117.379762988 34.0134067652 -0.460915191731
-117.332779251 33.9909957094 -0.477657293055
-117.285820084 33.9685664919 -0.492267883938
-117.238885487 33.9461191577 -0.558156189756
-117.19197546 33.9236537518 -0.52627261335
-117.145090005 33.9011703193 -0.513586594301
-117.098229122 33.8786689054 -0.528960517354
-118.917604646 34.7819463001 -0.30690255529
-118.869794553 34.7601500856 -0.279302306207
-118.822009001 34.7383342164 -0.192323914608
-118.774247993 34.7164987372 -0.0517129805756
-118.726511536 34.6946436928 0.0687593137181
-118.678799632 34.6727691281 0.149272823703
-118.631112288 34.6508750877 0.120508083456
-118.583449507 34.6289616167 0.0202241775997
-118.535811293 34.6070287598 -0.0675491341093
-118.488197651 34.5850765619 -0.141496690111
-118.440608585 34.5631050679 -0.179495407548
-118.393044097 34.5411143226 -0.2507674388
-118.345503852 34.5191043748 -0.207626477025
-118.297988534 34.4970752616 -0.0796085905983
-118.250497806 34.4750270319 -0.0708220787301
-118.203031672 34.4529597307 -0.127132239211
-118.155590133 34.4308734028 -0.173645932736
-118.108173194 34.4087680932 -0.218353302103
-118.060780857 34.386643847 -0.24170363321
-118.013413126 34.364500709 -0.246499930702
-117.966070002 34.3423387242 -0.234848575763
-117.918751488 34.3201579377 -0.21368415167
-117.871457587 34.2979583945 -0.199330841641
-117.824187962 34.2757401418 -0.193132799833
-117.776943294 34.2535032199 -0.198464068467
-117.729723244 34.2312476765 -0.180288543851
-117.682527816 34.2089735563 -0.0217795793402
-117.635357011 34.1866809046 0.19147872428
-117.58821083 34.1643697664 0.169943450132
-117.541089276 34.1420401867 0.0179132883969
-117.493992349 34.1196922107 -0.130933318181
-117.446920051 34.0973258833 -0.217748574284
-117.399872383 34.0749412498 -0.14032316164
-117.352849346 34.0525383551 0.0335566756595
-117.305850941 34.0301172444 0.100216877773
-117.25887717 34.0076779629 -0.131442296218
-117.211928032 33.9852205555 -0.32222121793
-117.165003528 33.9627450675 -0.356427985142
-117.118103659 33.940251544 -0.37687471688
-117.071228425 33.9177400302 -0.423300891775
-118.891186687 34.8214013107 -0.300447262555
-118.843359785 34.7995953494 -0.249894669082
-118.795557488 34.7777697222 -0.148891890274
-118.747779802 34.7559244741 -0.00302481483928
-118.700026732 34.7340596498 0.0844523493605
-118.652298282 34.7121752942 0.0659450371789
-118.604594456 34.6902714523 0.0354616092572
-118.556915259 34.668348169 0.00948678973783
-118.509260695 34.646405489 -0.0381461877363
-118.461630768 34.6244434575 -0.0785638147957
-118.414025481 34.6024621192 -0.117675304528
-118.366444839 34.5804615192 -0.135965127324
-118.318888505 34.5584417061 -0.103615241757
-118.271357163 34.5364027173 -0.0716185082154
-118.223850476 34.5143446017 -0.0622912720014
-118.176368447 34.4922674043 -0.077303538153
-118.12891108 34.47017117 -0.104563739484
-118.081478377 34.4480559439 -0.135021848508
-118.034070341 34.425921771 -0.152679842011
-117.986686975 34.4037686964 -0.152238355826
-117.939328281 34.381596765 -0.143341380294
-117.891994263 34.3594060219 -0.129734866306
-117.844684922 34.3371965123 -0.113532470043
-117.79739992 34.3149682833 -0.11055264333
-117.75013994 34.2927213756 -0.117011440431
-117.702904644 34.2704558365 -0.112559912308
-117.655694033 34.2481717111 -0.0610654274291
-117.60850811 34.2258690446 -0.047280604325
-117.561346875 34.2035478821 -0.07438625278
-117.51421033 34.1812082687 -0.0952676816763
-117.467098478 34.1588502496 -0.14052266548
-117.420011318 34.1364738698 -0.112443149369
-117.372948852 34.1140791745 0.149241221222
-117.325911081 34.091666209 0.738363058607
-117.278898007 34.0692350183 0.771441008387
-117.231909628 34.0467856475 0.149465367124
-117.184945948 34.024318142 -0.15950047145
-117.138006965 34.0018325469 -0.219520734799
-117.09109268 33.9793289073 -0.262053992807
-117.044203094 33.9568072685 -0.342464679429
-118.864744076 34.8608488937 -0.305501493747
-118.816900359 34.8390331595 -0.253059084378
-118.769081315 34.8171977485 -0.159448305793
-118.721286948 34.7953427055 -0.0377126576664
-118.673517262 34.7734680755 0.0238216071309
-118.625772261 34.7515739034 0.0208223688953
-118.578051951 34.7296602341 0.0266380365386
-118.530356336 34.7077271126 0.0293014992536
-118.482685419 34.6857745839 0.00877028209741
-118.435039204 34.6638026929 -0.0267412043244
-118.387417695 34.6418114847 -0.0606356165406
-118.339820897 34.6198010042 -0.0662002814453
-118.292248471 34.5977713002 -0.055956578664
-118.244701103 34.5757224102 -0.0423926139087
-118.197178455 34.553654383 -0.0276464235825
-118.14968053 34.5315672638 -0.0246029797607
-118.102207332 34.5094610975 -0.0319822558096
-118.054758864 34.4873359293 -0.0467090269919
-118.007335127 34.4651918042 -0.0604843411859
-117.959936125 34.4430287674 -0.0739828110408
-117.912561861 34.4208468638 -0.0669556266085
-117.865212336 34.3986461387 -0.0347973285023
-117.817887554 34.3764266372 -0.00550952122551
-117.770587175 34.3541884066 -0.00298844094953
-117.723311883 34.3319314875 -0.0116665210863
-117.67606134 34.3096559274 -0.030709729564
-117.628835546 34.2873617714 -0.0420864232337
-117.581634503 34.2650490648 -0.0909742182386
-117.534458214 34.2427178527 -0.104453078789
-117.48730668 34.2203681803 -0.105218106324
-117.440179901 34.1980000928 -0.100402347917
-117.39307788 34.1756136353 -0.0313759802254
-117.346000616 34.1532088531 0.253377830113
-117.298948112 34.1307857915 0.692636664712
-117.251920368 34.1083444955 0.569885018529
-117.204917384 34.0858850105 0.115256206194
-117.157939161 34.0634073816 -0.119126862561
-117.1109857 34.0409116542 -0.165960114874
-117.064057001 34.0183978735 -0.21320058476
-117.017153064 33.9958660847 -0.301116681482
-118.838276848 34.9002935298 -0.325622821226
-118.790416312 34.8784679971 -0.288243849436
-118.742580514 34.8566227765 -0.215932436525
-118.694769459 34.8347579129 -0.119285486892
-118.646983151 34.8128734514 -0.0563474043099
-118.599221595 34.790969437 -0.00857527767652
-118.551484795 34.7690459146 0.026893643737
-118.503772756 34.7471029293 0.0474837608588
-118.45608548 34.7251405261 0.037469281427
-118.408422972 34.7031587501 -0.0133602893417
-118.360785237 34.6811576463 -0.0445323575597
-118.313172277 34.6591372598 -0.0551830292614
-118.265583754 34.6370976392 -0.0491005399774
-118.218020356 34.6150388223 -0.0233256764898
-118.170481742 34.5929608581 -0.00416792436236
-118.122967918 34.5708637915 0.00891513130019
-118.075478885 34.5487476677 0.0146329462073
-118.028014646 34.5266125319 0.0149939324866
-117.980575205 34.5044584291 -0.00380024704818
-117.933160564 34.4822854046 -0.0451803970066
-117.885770725 34.4600935035 -0.031837856096
-117.838405691 34.437882771 0.0389832427135
-117.791065463 34.4156532522 0.0776006012777
-117.743749705 34.3934049944 0.0790443086171
-117.696459098 34.3711380386 0.0690424116909
-117.649193303 34.3488524322 0.0427767245388
-117.601952323 34.3265482203 0.014186020916
-117.55473616 34.3042254483 -0.0294543213555
-117.507544813 34.2818841613 -0.0493503331066
-117.460378286 34.2595244045 -0.0630731625306
-117.413236579 34.2371462234 -0.0672578989319
-117.366119694 34.214749663 -0.0506293527643
-117.319027631 34.1923347687 0.0737473498595
-117.271960391 34.1699015857 0.14269759935
-117.224917975 34.1474501593 0.045146504312
-117.177900383 34.1249805349 -0.0931585777529
-117.130907617 34.1024927576 -0.187937134237
-117.083939676 34.0799868728 -0.173539962623
-117.036996561 34.0574629258 -0.20800957677
-116.990078272 34.0349209619 -0.302196556282
-118.811784836 34.9397306873 -0.35384152275
-118.763907477 34.91789533 -0.328808736981
-118.716054922 34.8960402738 -0.282333447191
-118.668227177 34.8741655638 -0.226450218759
-118.620424244 34.8522712449 -0.173266692399
-118.57264613 34.8303573623 -0.104953615041
-118.524892837 34.808423961 -0.0535253553376
-118.47716437 34.7864710861 -0.013075248662
-118.429460734 34.7644987826 -0.0134540217664
-118.381781931 34.7425070958 -0.0409127456266
-118.334127966 34.7204960706 -0.0639214028649
-118.286498842 34.6984657523 -0.0788870088182
-118.238894222 34.6764161894 -0.080302550768
-118.19131479 34.6543474201 -0.0655085124683
-118.14376021 34.632259493 -0.0539273443746
-118.096230483 34.6101524535 -0.0355522870863
-118.048725614 34.5880263465 -0.0302383819352
-118.001245604 34.5658812175 -0.0302252507568
-117.953790457 34.5437171115 -0.0570320620216
-117.906360175 34.5215340737 -0.0835956479721
-117.858954761 34.4993321495 -0.0659923056815
-117.811574216 34.477111384 -0.0079100863514
-117.764218543 34.4548718224 0.0166040179127
-117.716887404 34.4326135121 0.0265780743061
-117.66958148 34.4103364941 0.0146316189266
-117.622300435 34.3880408159 0.00203851260712
-117.575044269 34.3657265227 -0.0231764385825
-117.527812983 34.3433936598 -0.0438491765358
-117.48060658 34.3210422726 -0.06477807119
-117.43342506 34.2986724062 -0.0839134155845
-117.386268425 34.2762841061 -0.113472039033
-117.339136676 34.2538774175 -0.142874735553
-117.292029813 34.2314523858 -0.136734788128
-117.244947838 34.2090090563 -0.178889456285
-117.197890751 34.1865474743 -0.215501360178
-117.150858553 34.1640676852 -0.244247956948
-117.103851244 34.1415697343 -0.256382685766
-117.056868824 34.119053667 -0.242701961092
-117.009911294 34.0965195286 -0.278540514757
-116.962978654 34.0739673645 -0.341656153163
-118.785268074 34.979164847 -0.383383754342
-118.737373886 34.9573196393 -0.368974760786
-118.689504569 34.9354547218 -0.35131448115
-118.641660126 34.9135701395 -0.34471906358
-118.593840564 34.8916659375 -0.303055974229
-118.546045885 34.8697421609 -0.229077050404
-118.498276094 34.8477988549 -0.166624367522
-118.450531195 34.8258360646 -0.11298445398
-118.402811193 34.8038538352 -0.0933490200522
-118.35511609 34.7818522118 -0.092246152249
-118.30744589 34.7598312396 -0.105765535085
-118.259800598 34.7377909638 -0.127703428114
-118.212179874 34.7157314331 -0.139718080384
-118.164584406 34.6936526856 -0.148237079223
-118.117013854 34.6715547702 -0.143255249898
-118.069468221 34.649437732 -0.126880344034
-118.021947511 34.6273016164 -0.124549841962
-117.974451727 34.6051464685 -0.137557174547
-117.92698087 34.5829723337 -0.156682431725
-117.879534944 34.5607792573 -0.165341419788
-117.83211395 34.5385672844 -0.153874477432
-117.784717891 34.5163364604 -0.131639402589
-117.737346769 34.4940868306 -0.115972015099
-117.690000246 34.4718184423 -0.107325563043
-117.642679004 34.4495313368 -0.10915174541
-117.595382704 34.4272255614 -0.109871194219
-117.548111349 34.4049011615 -0.11645095604
-117.500864939 34.3825581825 -0.115233374472
-117.453643476 34.3601966696 -0.128325068852
-117.406446961 34.3378166683 -0.151944058504
-117.359275396 34.315418224 -0.191072143764
-117.31212878 34.2930013819 -0.240391897311
-117.265007116 34.2705661876 -0.274323905453
-117.217910404 34.2481126863 -0.304046147719
-117.170838644 34.2256409235 -0.319600321897
-117.123791837 34.2031509445 -0.314248356427
-117.076769984 34.1806427948 -0.317121205138
-117.029773084 34.1581165198 -0.343023021565
-116.982801138 34.135572165 -0.371598848561
-116.935854145 34.1130097756 -0.393488088707
-118.758726398 35.0185914768 -0.411258239262
-118.710815377 34.9967363928 -0.406027432412
-118.662929294 34.9748615879 -0.402860906245
-118.615068152 34.9529671074 -0.401936979411
-118.567231955 34.9310529963 -0.362349859702
-118.51942071 34.9091192999 -0.302311365718
-118.471634418 34.8871660633 -0.241263043647
-118.423873085 34.8651933318 -0.191181203301
-118.376136713 34.8432011505 -0.162999983285
-118.328425308 34.8211895648 -0.152436457125
-118.280738872 34.7991586198 -0.160151101529
-118.233077409 34.7771083608 -0.17819954612
-118.18544058 34.7550388363 -0.192838485537
-118.137829073 34.732950085 -0.206260056435
-118.090242548 34.7108421554 -0.203980989554
-118.042681008 34.688715093 -0.197830984772
-117.995144456 34.666568943 -0.199465275917
-117.947632895 34.6444037507 -0.213430905111
-117.900146327 34.6222195615 -0.223755924329
-117.852684755 34.6000164207 -0.229152834303
-117.805248181 34.5777943737 -0.222889265198
-117.757836608 34.5555534657 -0.216244430128
-117.710450036 34.5332937422 -0.204752009482
-117.663088128 34.5110152503 -0.199788001422
-117.615751567 34.4887180317 -0.193840291439
-117.568440013 34.4664021337 -0.191157395061
-117.521153468 34.4440676016 -0.186830834066
-117.473891934 34.421714481 -0.184177446242
-117.426655411 34.3993428172 -0.19547973154
-117.379443902 34.3769526556 -0.220848058217
-117.332257406 34.3545440417 -0.260906958082
-117.285095925 34.3321170208 -0.309376453263
-117.23795946 34.3096716385 -0.343612392831
-117.190848011 34.2872079402 -0.366059476399
-117.14376158 34.2647259713 -0.372047290262
-117.096700165 34.2422257772 -0.366941464788
-117.049663768 34.2197074036 -0.376572987352
-117.002652389 34.1971708957 -0.404610511351
-116.955666028 34.1746162992 -0.42180585586
-116.908704685 34.1520436595 -0.433587700038
