-119.336999976 34.1500010364 -0.236288286237
-119.289458115 34.1283572771 -0.25180327712
-119.241939758 34.1066940424 -0.271811660323
-119.194444913 34.0850113761 -0.295697129536
-119.146973585 34.063309322 -0.321909868901
-119.099525778 34.041587924 -0.34303544121
-119.052101499 34.019847226 -0.349959778286
-119.004700752 33.9980872718 -0.352041624724
-118.957323543 33.9763081053 -0.359157981383
-118.909969877 33.9545097704 -0.368126736835
-118.86263942 33.9326923162 -0.365025365557
-118.815332853 33.9108557762 -0.3405724597
-118.768049843 33.8890001996 -0.301567327137
-118.720790395 33.8671256304 -0.261394251373
-118.673554511 33.8452321126 -0.229868014845
-118.626342198 33.8233196901 -0.214060404576
-118.579153458 33.801388407 -0.221226367806
-118.531988297 33.7794383072 -0.256828033606
-118.484846717 33.7574694348 -0.316733409301
-118.437728722 33.7354818338 -0.370885099988
-118.390634316 33.7134755483 -0.481583501807
-118.343563503 33.6914506223 -0.5577299699
-118.296516285 33.6694071 -0.50038835657
-118.24949233 33.6473450287 -0.385678030184
-118.202492314 33.6252644457 -0.274036265028
-118.155515903 33.6031653985 -0.180444129197
-118.1085631 33.5810479314 -0.109921695217
-118.061633908 33.5589120884 -0.0659050648192
-118.01472833 33.5367579137 -0.0445466922281
-117.967846367 33.5145854513 -0.0369964236019
-117.920988023 33.4923947456 -0.0339858908094
-117.8741533 33.4701858406 -0.0278313462069
-117.827342199 33.4479587805 -0.0148558039369
-117.780554724 33.4257136095 -0.00191640426513
-117.733790875 33.4034503717 -0.00933689461786
-117.687050655 33.3811691115 -0.0606015438579
-117.640334066 33.358869873 -0.167893040432
-117.593641108 33.3365527004 -0.318575991818
-117.546971785 33.314217638 -0.470637031399
-117.500326096 33.2918647299 -0.587673134963
-119.310966774 34.1895354099 -0.198242658512
-119.263408189 34.1678823141 -0.212481931937
-119.215873173 34.1462097316 -0.232465751989
-119.168361732 34.1245177061 -0.257565141282
-119.120873871 34.1028062817 -0.289336831587
-119.073409595 34.0810755023 -0.315352478935
-119.02596891 34.0593254116 -0.306390254017
-118.978551822 34.0375560537 -0.300893251489
-118.931158334 34.0157674726 -0.314084988915
-118.883788453 33.9939597122 -0.338373617609
-118.836441844 33.9721328215 -0.339424327021
-118.789119188 33.9502868343 -0.298728870025
-118.741820153 33.9284217997 -0.239864188523
-118.694544742 33.9065377619 -0.185877621621
-118.64729296 33.8846347647 -0.144134831465
-118.600064768 33.8627105985 -0.119794777726
-118.552860257 33.8407698149 -0.124876167316
-118.505679386 33.8188102042 -0.174480038379
-118.458522159 33.7968318106 -0.280779329377
-118.411388581 33.774834678 -0.468623464119
-118.364278655 33.7528188505 -0.666898834751
-118.317192384 33.7307843724 -0.572296523154
-118.270129771 33.7087312878 -0.44088735775
-118.223090483 33.686659644 -0.283614731676
-118.176075197 33.6645694785 -0.170012795487
-118.129083578 33.6424608389 -0.0763161328938
-118.08211563 33.6203337694 -0.0109676160501
-118.035171355 33.5981883141 0.0169540526847
-117.988250756 33.5760245173 0.017579755529
-117.941353835 33.5538424231 0.00595530304924
-117.894480595 33.5316420757 -0.0055718299871
-117.847631038 33.5094235195 -0.00597087568743
-117.800805165 33.4871867986 0.0153978517746
-117.75400298 33.4649319572 0.0506478153797
-117.707224483 33.4426590396 0.0615157504791
-117.660469677 33.4203680901 0.00797209681562
-117.613738564 33.3980591529 -0.133791010829
-117.567031144 33.3757322724 -0.348169609499
-117.520347419 33.3533874927 -0.544011863911
-117.473687391 33.3310248582 -0.663303372311
-119.284909948 34.229062758 -0.153580445016
-119.237334634 34.2074003001 -0.164988321156
-119.189782954 34.1857183442 -0.183433696551
-119.142254913 34.1640169341 -0.208961450563
-119.094750515 34.1422961138 -0.240247797665
-119.047269766 34.1205559273 -0.256422483336
-118.999812672 34.0987964186 -0.23406438235
-118.952379238 34.0770176317 -0.221813274319
-118.904969468 34.0552196105 -0.247251268679
-118.857583368 34.0334023991 -0.307902847679
-118.810220604 34.0115660465 -0.315122077859
-118.762881857 33.9897105866 -0.23727942617
-118.715566793 33.9678360688 -0.155872479291
-118.668275416 33.9459425369 -0.0945896810417
-118.621007732 33.9240300352 -0.0445338823157
-118.573763743 33.9020986076 -0.00421413734635
-118.526543455 33.8801482985 0.00430041065674
-118.47934687 33.8581791518 -0.0470284842595
-118.432173992 33.8361912116 -0.173682511514
-118.385024826 33.8141845223 -0.39447739574
-118.337899375 33.7921591279 -0.509531524185
-118.290797641 33.7701150725 -0.296267329672
-118.243719629 33.7480524005 -0.189081911619
-118.196665003 33.7259711592 -0.112851551885
-118.149634443 33.7038713862 -0.0397591884409
-118.102627612 33.6817531292 0.0505340624416
-118.055644515 33.6596164323 0.104580022764
-118.008685154 33.6374613397 0.100847423987
-117.96174953 33.6152878958 0.0708368922455
-117.914837647 33.5930961448 0.0342913396232
-117.867949508 33.570886131 0.00333488631914
-117.821085113 33.5486578986 -0.0114946287384
-117.774244465 33.526411492 0.0209548951654
-117.727427567 33.5041469553 0.0966544234807
-117.680634419 33.4818643331 0.134288676098
-117.633865024 33.4595636695 0.0836093122935
-117.587119383 33.4372450088 -0.100661639156
-117.540397498 33.4149083955 -0.415467047704
-117.49369937 33.3925538738 -0.655988953349
-117.447025 33.3701814881 -0.755979333878
-119.258829555 34.2685875614 -0.101334337364
-119.211237506 34.246915716 -0.107378682096
-119.163669155 34.2252243613 -0.120934548757
-119.116124506 34.2035135412 -0.143315799042
-119.068603565 34.1817832997 -0.161413769345
-119.021106337 34.1600336808 -0.157491214997
-118.973632828 34.1382647287 -0.136837324602
-118.926183041 34.1164764873 -0.110978955915
-118.878756983 34.0946690007 -0.146560777234
-118.831354658 34.072842313 -0.267255959062
-118.783975733 34.0509964733 -0.263825383463
-118.736620888 34.0291315156 -0.123199843604
-118.68928979 34.0072474891 -0.0422895191701
-118.641982443 33.985344438 0.00292790987782
-118.594698851 33.9634224064 0.0548179555041
-118.547439018 33.9414814386 0.127964269284
-118.500202948 33.9195215785 0.171429818859
-118.452990646 33.8975428705 0.137874347171
-118.405802113 33.8755453588 0.0586025743679
-118.358637356 33.8535290875 0.0302539371555
-118.311496375 33.8314941009 0.146013838415
-118.264379176 33.8094404432 0.19636774266
-118.217285761 33.7873681587 0.132895348521
-118.170215796 33.7652772948 0.0696014250604
-118.123169958 33.7431678892 0.0898331386397
-118.076147913 33.7210399896 0.191946954527
-118.029149664 33.6988936402 0.222015178362
-117.982175213 33.6767288854 0.165676571908
-117.935224563 33.6545457694 0.100990113116
-117.888297716 33.6323443366 0.0411149619449
-117.841394674 33.6101246313 -0.0091562686279
-117.79451544 33.5878866978 -0.0522008011194
-117.747660015 33.5656305805 -0.00939537325487
-117.700828402 33.5433563238 0.118649079949
-117.654020602 33.5210639719 0.157650238816
-117.607236616 33.4987535693 0.11850144426
-117.560476447 33.4764251603 -0.109478992522
-117.513740095 33.4540787894 -0.569989981386
-117.467027562 33.4317145009 -0.812396289628
-117.42033885 33.4093323392 -0.840282765158
-119.23272541 34.3081052896 -0.0411691499015
-119.185116623 34.2864240311 -0.0364153788513
-119.137531596 34.264723252 -0.0396395164213
-119.089970336 34.2430029963 -0.0507116897012
-119.042432848 34.221263308 -0.0579507586075
-118.994919136 34.1995042312 -0.0550134560517
-118.947429207 34.1777258102 -0.035603065954
-118.899963065 34.1559280888 -0.00922683421442
-118.852520715 34.1341111114 -0.0285791232324
-118.805102162 34.112274922 -0.075632494553
-118.757707072 34.0904195696 -0.0225202710176
-118.710336127 34.0685450886 0.067078538688
-118.662988991 34.0466515282 0.0922010471689
-118.61566567 34.0247389324 0.0763124462864
-118.568366168 34.0028073457 0.114654301678
-118.521090488 33.9808568121 0.261566505841
-118.473838635 33.9588873759 0.367722719665
-118.426610612 33.9368990813 0.33989187054
-118.379406423 33.9148919727 0.294122973891
-118.332226072 33.8928660942 0.356299165538
-118.285069561 33.8708214902 0.52256990257
-118.237936894 33.8487582049 0.535440100907
-118.190828074 33.8266762826 0.357429645959
-118.143742767 33.8045757709 0.242603966818
-118.09668165 33.7824567076 0.23489047927
-118.04964439 33.7603191403 0.288981727784
-118.002630987 33.7381631134 0.271620148342
-117.955641446 33.7159886712 0.175973462631
-117.908675768 33.693795858 0.0814766622909
-117.861733956 33.6715847184 0.0206281140447
-117.814816012 33.6493552966 -0.0411164833368
-117.767921937 33.627107637 -0.0748582642108
-117.721051735 33.604841784 -0.0320294189273
-117.674205406 33.5825577822 -0.00138460240494
-117.627382952 33.5602556757 -0.0541238010368
-117.580584376 33.5379355092 -0.155782202658
-117.533809678 33.515597327 -0.414528814305
-117.487058859 33.4932411736 -0.730041195567
-117.440331922 33.4708670934 -0.868801198467
-117.393628867 33.4484751309 -0.879805965987
-119.20659757 34.3476204235 0.0247414020068
-119.158972036 34.3259297264 0.044604040958
-119.111370328 34.3042194974 0.0533884739672
-119.063792449 34.2824897806 0.0540758521188
-119.016238407 34.2607406202 0.0486545979014
-118.968708206 34.2389720601 0.0431012573879
-118.921201851 34.2171841447 0.0629082104741
-118.873719348 34.1953769181 0.096552927895
-118.8262607 34.1735504244 0.127116838144
-118.778825913 34.1517047079 0.195844646083
-118.731414652 34.1298398176 0.267222391597
-118.6840276 34.107955788 0.284743375838
-118.636664422 34.0860526683 0.216440892028
-118.589325122 34.0641305027 0.0693608809213
-118.542009704 34.0421893354 0.0358919210991
-118.494718173 34.0202292109 0.366350193221
-118.447450531 33.9982501733 0.549833659194
-118.400206783 33.9762522669 0.485792541306
-118.352986932 33.9542355362 0.431004487637
-118.305790982 33.9322000253 0.478697108883
-118.258618936 33.9101457787 0.556106144764
-118.211470797 33.8880728407 0.549875750446
-118.164346568 33.8659812556 0.4493257095
-118.117245915 33.843871071 0.357271417222
-118.070169516 33.8217423248 0.334093822938
-118.023117035 33.7995950648 0.348133192824
-117.976088476 33.7774293352 0.301152579128
-117.929083841 33.7552451806 0.153088191163
-117.882103131 33.7330426453 0.0464141758635
-117.835146351 33.7108217738 0.0105420807574
-117.7882135 33.6885826105 -0.0550160946386
-117.741304582 33.6663251999 -0.0603823672722
-117.694419599 33.6440495864 -0.0863554121837
-117.647558552 33.6217558144 -0.24436662536
-117.600721442 33.5994439286 -0.39624597254
-117.553908272 33.5771139732 -0.594220314458
-117.507119043 33.554765993 -0.773647956591
-117.460353756 33.5324000322 -0.830193329165
-117.413612411 33.5100161355 -0.871624632881
-117.366895012 33.4876143474 -0.881120182393
-119.180445852 34.3871284322 0.0913398449105
-119.132803567 34.365428271 0.126899807174
-119.085185172 34.3437085665 0.14486277854
-119.037590672 34.321969363 0.140729778643
-118.990020072 34.3002107047 0.13474116087
-118.942473377 34.2784326358 0.144680672864
-118.894950593 34.2566352005 0.173720811348
-118.847451724 34.234818443 0.223096852485
-118.799976775 34.2129824076 0.276948169992
-118.752525751 34.1911271386 0.353926729943
-118.705098317 34.1692526848 0.423293939382
-118.657695155 34.1473590812 0.464897273653
-118.610315931 34.1254463767 0.29315908067
-118.56296065 34.1035146158 -0.0697393205638
-118.515629314 34.0815638427 -0.325058019834
-118.468321928 34.0595941018 0.0312250842283
-118.421038495 34.0376054374 0.494985130394
-118.37377902 34.015597894 0.551808056882
-118.326543505 33.9935715158 0.54325028874
-118.279331954 33.9715263473 0.536461921576
-118.232144371 33.9494624328 0.532980704227
-118.184980758 33.9273798168 0.433560902304
-118.137841119 33.9052785437 0.444095499546
-118.090725118 33.8831586609 0.390275652748
-118.043633435 33.8610202067 0.364727782381
-117.996565733 33.8388632287 0.383926141106
-117.949522015 33.8166877714 0.339721851444
-117.902502285 33.7944938792 0.203792866457
-117.855506543 33.7722815967 0.109375308605
-117.808534793 33.7500509682 0.0509228116833
-117.761587036 33.7278020384 -0.0353808859359
-117.714663274 33.7055348516 -0.128009362395
-117.667763509 33.6832494525 -0.279552692035
-117.620887743 33.6609458855 -0.469794790654
-117.574035977 33.6386241952 -0.626923686553
-117.527208214 33.6162844262 -0.78962769733
-117.480404453 33.5939266229 -0.862890807586
-117.433624696 33.5715508299 -0.852889028392
-117.386868946 33.5491570918 -0.854212475507
-117.340137201 33.5267454532 -0.861881114537
-119.154270307 34.4266337968 0.15235554173
-119.106611265 34.4049241458 0.208926701098
-119.058976177 34.3831949403 0.240116307506
-119.011365048 34.3614462247 0.223214608316
-118.963777884 34.3396780431 0.23648900336
-118.91621469 34.3178904399 0.27127998645
-118.86867547 34.2960834592 0.305616658098
-118.82116023 34.2742571455 0.3644516339
-118.773668974 34.2524115429 0.39708992844
-118.726201706 34.2305466959 0.415585421432
-118.678758093 34.2086626534 0.466791352721
-118.631338816 34.1867594503 0.546870167886
-118.583943542 34.1648371358 0.429562256892
-118.536572273 34.1428957542 -0.16426961204
-118.489225013 34.12093535 -0.465177635651
-118.441901768 34.0989559675 -0.405986665822
-118.394602539 34.0769576511 -0.0733209149167
-118.347327332 34.0549404452 0.485153874152
-118.300076148 34.0329043944 0.521645485809
-118.252848993 34.010849543 0.552208191424
-118.205645868 33.9887759355 0.563763039142
-118.158466777 33.9666836163 0.492785338086
-118.111311723 33.9445726299 0.476327045455
-118.064180371 33.9224430238 0.376154404796
-118.017073399 33.9002948365 0.348289890136
-117.969990472 33.8781281155 0.416738854289
-117.922931593 33.8559429053 0.405830440744
-117.875896763 33.8337392505 0.295155766408
-117.828885986 33.8115171957 0.203541528142
-117.781899263 33.7892767852 0.117476746655
-117.734936596 33.7670180638 -0.0390495659288
-117.687997987 33.744741076 -0.288140128733
-117.641083438 33.7224458663 -0.500769756515
-117.59419295 33.7001324793 -0.626087326124
-117.547326526 33.6778009596 -0.718741128589
-117.500484165 33.6554513519 -0.784673116934
-117.453665871 33.6330837006 -0.817935072948
-117.406871643 33.6106980506 -0.811797164859
-117.360101483 33.5882944462 -0.813288294463
-117.313355392 33.5658729322 -0.833312582292
-119.128070757 34.4661319862 0.197767479331
-119.080394953 34.4444128197 0.276959858681
-119.032743168 34.4226740877 0.338826164552
-118.985115407 34.4009158342 0.380943945149
-118.937511675 34.3791381037 0.44956901022
-118.889931977 34.3573409405 0.481949895603
-118.842376318 34.335524389 0.514490756813
-118.794844703 34.3136884934 0.531380298729
-118.747337136 34.2918332981 0.525125004723
-118.699853622 34.2699588476 0.489596454876
-118.652393827 34.2480651908 0.47718050591
-118.604958772 34.2261523583 0.482500258159
-118.557547104 34.2042204127 0.518383650553
-118.510159845 34.182269385 0.136919695284
-118.46279666 34.1602993242 -0.0562524976341
-118.415457552 34.1383102746 -0.0963269245243
-118.368142526 34.1163022808 0.074280644584
-118.320851584 34.0942753872 0.204910452158
-118.27358473 34.0722296383 0.299107059934
-118.226341967 34.0501650787 0.480730022824
-118.179123299 34.0280817528 0.615739371589
-118.131928728 34.0059797052 0.56409376394
-118.084758258 33.9838589803 0.490822216003
-118.037611553 33.9617196257 0.371006169446
-117.990489291 33.93956168 0.347520957244
-117.943391138 33.9173851907 0.403548358032
-117.896317096 33.8951902025 0.420386662118
-117.849267167 33.8729767599 0.357042273609
-117.802241353 33.8507449075 0.274586836544
-117.755239656 33.82849469 0.165062612082
-117.708262079 33.8062261519 -0.0632830626206
-117.661308622 33.7839393379 -0.403095805386
-117.614379288 33.7616342925 -0.632578936411
-117.567474079 33.7393110605 -0.671655630342
-117.520592995 33.7169696865 -0.686997387073
-117.473736039 33.6946102151 -0.727320605022
-117.42690321 33.672232691 -0.758073169946
-117.380094511 33.6498371588 -0.766018381604
-117.333309943 33.6274236633 -0.781183506075
-117.286549505 33.6049922491 -0.807230983195
-119.10184725 34.5056274814 0.2119229071
-119.054154678 34.4838987739 0.313432927201
-119.006486189 34.4621504896 0.406098249336
-118.958841789 34.4403826728 0.524087008464
-118.911221483 34.4185953679 0.622505813362
-118.863625275 34.3967886193 0.655236494931
-118.816053171 34.3749624713 0.690960178131
-118.768505175 34.3531169684 0.672376239232
-118.720981292 34.331252155 0.646928623741
-118.673481527 34.3093680755 0.568631640048
-118.626005883 34.2874647745 0.519202858375
-118.578554365 34.2655422963 0.534519539294
-118.531126638 34.2436006897 0.565809433617
-118.483723384 34.2216399906 0.562528642317
-118.436344268 34.1996602478 0.523305958863
-118.388989293 34.1776615058 0.576373549942
-118.341658464 34.1556438093 0.361890718504
-118.294351783 34.1336072026 -0.0975219475821
-118.247069254 34.1115517305 0.18900460832
-118.19981088 34.0894774373 0.478878806276
-118.152576664 34.0673843678 0.623452450277
-118.105366609 34.0452725665 0.509738177083
-118.058180718 34.0231420779 0.427423677806
-118.011018656 34.0009929496 0.387124824511
-117.963881102 33.9788252203 0.360870713757
-117.916767719 33.9566389376 0.402621012233
-117.86967851 33.9344341463 0.445653851871
-117.822613478 33.9122108908 0.399736245464
-117.775572624 33.8899692158 0.323985714224
-117.72855595 33.8677091661 0.21089575142
-117.681563459 33.8454307863 -0.066866988399
-117.634595152 33.8231341211 -0.476449855868
-117.587651031 33.8008192151 -0.682827452969
-117.540731097 33.778486113 -0.611025296108
-117.493835351 33.7561348596 -0.594786901447
-117.446963796 33.7337654996 -0.667085749214
-117.400116431 33.7113780776 -0.711356484347
-117.353293259 33.6889726385 -0.734437471842
-117.306494279 33.6665492269 -0.758492788027
-117.259719494 33.6441078875 -0.789275299309
-119.075599609 34.5451157512 0.176090398915
-119.027890264 34.523377477 0.25242560064
-118.980205068 34.5016196148 0.323144938227
-118.932544025 34.479842209 0.414119968015
-118.884907141 34.458045304 0.486313044243
-118.83729442 34.4362289442 0.579270539781
-118.789705867 34.4143931742 0.6568891521
-118.742141487 34.3925380384 0.713899498232
-118.694601285 34.3706635812 0.718553668544
-118.647085264 34.3487698472 0.646306465412
-118.59959343 34.326856881 0.596398525434
-118.552125786 34.3049247269 0.599566230825
-118.504681997 34.2829734338 0.697059171035
-118.457262745 34.2610030377 0.784993313035
-118.409867696 34.2390135875 0.745418740179
-118.362496852 34.2170051277 0.454745696572
-118.315150218 34.1949777029 0.00261378428666
-118.267827795 34.1729313578 -0.0952394123839
-118.220529589 34.150866137 0.150317682812
-118.173255602 34.128782085 0.344298174313
-118.126005837 34.1066792465 0.420230190895
-118.078780297 34.0845576662 0.473113717985
-118.031578984 34.0624173886 0.550794545815
-117.984401564 34.0402584612 0.539538952858
-117.937248715 34.0180809231 0.486658730333
-117.890120101 33.9958848218 0.46583171649
-117.843015725 33.973670202 0.461118955808
-117.795935588 33.9514371084 0.445672752229
-117.748879694 33.9291855858 0.367227193412
-117.701848043 33.9069156787 0.172331474082
-117.654840638 33.884627432 -0.152076938496
-117.60785748 33.8623208904 -0.481493158896
-117.56089857 33.8399960987 -0.616306603512
-117.513963912 33.8176531015 -0.580045270004
-117.467053504 33.7952919437 -0.586804965466
-117.42016735 33.77291267 -0.646938414381
-117.37330545 33.7505153252 -0.696109455468
-117.326467804 33.7280999541 -0.731655944263
-117.279654414 33.7056666015 -0.760825363637
-117.232865281 33.6832153121 -0.779945684123
-119.04932788 34.5846012766 0.0924969205693
-119.001601757 34.5628534101 0.113200644251
-118.953899846 34.5410859444 0.130382906521
-118.906222154 34.5192989239 0.137784814596
-118.858568686 34.4974923933 0.208001633649
-118.810939445 34.4756663969 0.359273714249
-118.763334438 34.4538209793 0.510466613192
-118.715753669 34.431956185 0.687307592277
-118.668197141 34.4100720586 0.740531397856
-118.62066486 34.3881686446 0.671390325593
-118.57315683 34.3662459877 0.619693640791
-118.525673054 34.3443041323 0.570899540558
-118.478213198 34.3223431273 0.755059539834
-118.430777944 34.3003630088 0.901185114187
-118.383366956 34.2783638257 0.74824483395
-118.335980238 34.2563456228 0.265074359391
-118.288617794 34.2343084445 0.00443342822005
-118.241279626 34.2122523356 0.0739565525265
-118.193965738 34.1901773407 0.154478904329
-118.146676134 34.1680835046 0.0506487703692
-118.099410815 34.1459708718 0.152353825162
-118.052169785 34.1238394872 0.557293363556
-118.004953047 34.1016893954 0.785763143209
-117.957760264 34.0795206437 0.726800646941
-117.910592117 34.0573332716 0.564047760622
-117.863448269 34.0351273265 0.43298479386
-117.816328722 34.0129028531 0.427973397907
-117.769233478 33.9906598963 0.491011823712
-117.722162539 33.9683985007 0.397983242899
-117.675115908 33.9461187112 0.0693301218408
-117.628093586 33.9238205726 -0.25607770319
-117.581095574 33.9015041296 -0.477105394782
-117.534121875 33.879169427 -0.580616816477
-117.487172488 33.8568165097 -0.587524240062
-117.440247417 33.8344454225 -0.609268021522
-117.393346662 33.8120562101 -0.654596987094
-117.346470223 33.7896489175 -0.702621622662
-117.299618102 33.7672235895 -0.749826093302
-117.2527903 33.7447802709 -0.771472694252
-117.205986817 33.7223190065 -0.768949865023
-119.023031889 34.6240795263 -0.0101180366017
-118.975288982 34.6023220417 -0.0460098794389
-118.927570354 34.5805449467 -0.0729597384872
-118.879876009 34.5587482859 -0.0743018873465
-118.832205953 34.5369321038 0.00719660458395
-118.784560189 34.5150964451 0.143906273576
-118.736938724 34.4932413542 0.322653718084
-118.689341562 34.4713668759 0.548363481779
-118.641768706 34.4494730546 0.601314969169
-118.594220161 34.427559935 0.525610410231
-118.546695932 34.4056275618 0.515881270632
-118.499196023 34.3836759796 0.632719388316
-118.451720097 34.361705237 0.76958276764
-118.404268837 34.3397153706 0.673894685187
-118.356841909 34.3177064292 0.352307616286
-118.309439315 34.2956784575 0.0724281377581
-118.262061059 34.2736315003 -0.0154296492094
-118.214707144 34.2515656021 0.0439018485091
-118.167377573 34.2294808078 0.0165085336483
-118.120072349 34.2073771621 -0.0909035821354
-118.072791475 34.1852547097 0.0502876395673
-118.025534954 34.1631134954 0.407074692173
-117.978302789 34.140953564 0.66947366818
-117.931094643 34.1187749628 0.650128092941
-117.883911196 34.0965777313 0.37880585793
-117.836752112 34.074361917 0.275299673516
-117.789617394 34.0521275648 0.326228425319
-117.742507042 34.0298747195 0.446202354873
-117.695421059 34.0076034258 0.35312675214
-117.648359447 33.9853137287 0.0166430304198
-117.601322207 33.9630056729 -0.283566076178
-117.554309341 33.9406793033 -0.452284901663
-117.507320851 33.9183346648 -0.54226881173
-117.460356738 33.8959718023 -0.585400965718
-117.413417002 33.8735907606 -0.627632283154
-117.366501646 33.8511915845 -0.674562844266
-117.319610669 33.8287743191 -0.720746759661
-117.272744074 33.8063390091 -0.755602482495
-117.22590186 33.7838856995 -0.760258284544
-117.179084028 33.7614144352 -0.742175231839
-118.996711678 34.6635549813 -0.0966785657701
-118.948951982 34.6417878529 -0.18627856551
-118.90121663 34.620001103 -0.22486797649
-118.853505626 34.5981947762 -0.187874899673
-118.805818976 34.5763689172 -0.0920272799284
-118.758156684 34.5545235705 -0.00687818220972
-118.710518755 34.5326587808 0.160106345915
-118.662905193 34.5107745928 0.40827840401
-118.615316004 34.4888710511 0.408511431764
-118.56775119 34.4669482004 0.247890281196
-118.520210757 34.4450060854 0.337625208304
-118.472694708 34.4230447508 0.784727812054
-118.425202707 34.4010642453 0.791933574111
-118.377735438 34.3790646055 0.165816074251
-118.330292564 34.3570458804 -0.152820737813
-118.282874089 34.3350081146 -0.101357537567
-118.235480017 34.3129513529 -0.0847064977096
-118.188110349 34.2908756401 -0.0772567329606
-118.140765091 34.268781021 -0.11251256799
-118.093444243 34.2466675403 -0.150509324872
-118.046147811 34.224535243 -0.0748755821133
-117.998875795 34.2023841737 0.0463182507415
-117.951628199 34.1802143774 0.171528791778
-117.904404686 34.1580259013 0.122817792978
-117.857205936 34.1358187853 0.0268845992697
-117.810031613 34.1135930767 0.0456919497114
-117.762881719 34.0913488204 0.180152856862
-117.715756256 34.0690860614 0.406056731927
-117.668655226 34.0468048444 0.36420849453
-117.62157863 34.0245052145 0.0108317536145
-117.57452647 34.0021872165 -0.268747481983
-117.527498748 33.9798508952 -0.384985847381
-117.480495464 33.9574962957 -0.491156862046
-117.433516621 33.9351234628 -0.569385257828
-117.386562219 33.9127324415 -0.627584283579
-117.339632259 33.8903232767 -0.681069235028
-117.292726743 33.8678960134 -0.719096851085
-117.245845671 33.8454506965 -0.733870404524
-117.198989043 33.822987371 -0.721730719615
-117.152156861 33.8005060818 -0.689644696816
-118.970367076 34.70302311 -0.126506517462
-118.922590586 34.681246312 -0.249759927927
-118.874838505 34.6594498814 -0.266261389393
-118.827110839 34.6376338629 -0.13325960547
-118.779407591 34.6157983011 0.0204130861322
-118.731728767 34.5939432407 0.144639447113
-118.684074372 34.5720687265 0.276310517639
-118.636444408 34.5501748031 0.297845925988
-118.588838882 34.5282615153 0.178495628672
-118.541257797 34.5063289078 0.0567567978731
-118.493701157 34.4843770254 0.178583324615
-118.446168966 34.4624059128 0.461490123128
-118.398660888 34.4404156188 0.331292254255
-118.351177606 34.4184061801 -0.0689963164585
-118.303718785 34.3963776456 -0.193027286213
-118.256284427 34.3743300601 -0.14795004736
-118.208874536 34.3522634685 -0.133900109804
-118.161489115 34.3301779156 -0.143308857158
-118.114128167 34.3080734462 -0.170741827071
-118.066791695 34.2859501052 -0.192535984853
-118.019479701 34.2638079374 -0.171064345598
-117.972192189 34.2416469878 -0.150455856369
-117.924929161 34.2194673012 -0.115703651752
-117.87769028 34.1972689249 -0.15947748442
-117.830476226 34.1750518989 -0.14111173389
-117.783286664 34.1528162707 -0.0774321277439
-117.736121594 34.1305620851 0.121472957623
-117.688981019 34.1082893871 0.404795206683
-117.641864941 34.0859982216 0.422349247895
-117.594773361 34.0636886337 0.152375862118
-117.54770628 34.0413606681 -0.0917904962656
-117.500663701 34.01901437 -0.288643439724
-117.453645625 33.9966497843 -0.43831076412
-117.406652052 33.974266956 -0.527809906037
-117.359682983 33.95186593 -0.583726088219
-117.312738421 33.9294467514 -0.623738085777
-117.265818365 33.9070094651 -0.657837713942
-117.218922817 33.8845541163 -0.652500737427
-117.172051776 33.8620807498 -0.628177307742
-117.125205244 33.8395894107 -0.606183143088
-118.943998122 34.7424883935 -0.0505506477069
-118.896204833 34.7207019002 -0.206350624386
-118.848436018 34.6988957632 -0.16259348546
-118.800691683 34.6770700273 0.095932341695
-118.752971832 34.6552247371 0.253645227741
-118.70527647 34.6333599374 0.452673907231
-118.657605601 34.611475673 0.460850789764
-118.60995923 34.5895719887 0.17217697766
-118.562337362 34.5676489292 -0.0107442037602
-118.51474 34.5457065393 -0.0700918105354
-118.467167148 34.523744864 -0.0420549269826
-118.41961881 34.5017639479 -0.0519045157717
-118.372094649 34.4797638397 -0.104826481627
-118.324595351 34.4577445766 -0.0449582320212
-118.277120577 34.4357062073 -0.0522197887518
-118.229670332 34.4136487767 -0.111189050919
-118.182244618 34.3915723298 -0.132577324032
-118.134843438 34.3694769113 -0.148795776672
-118.087466797 34.3473625662 -0.170729467314
-118.040114696 34.3252293395 -0.186125894557
-117.992787138 34.303077276 -0.182104375804
-117.945484125 34.2809064206 -0.161857351451
-117.898205661 34.2587168184 -0.150549187532
-117.850951409 34.2365085166 -0.150983618271
-117.803722048 34.2142815554 -0.151409436269
-117.756517243 34.1920359822 -0.123338862534
-117.709336994 34.169771842 0.082919024209
-117.662181304 34.1474891798 0.451895064813
-117.615050175 34.1251880406 0.528747722537
-117.567943608 34.1028684694 0.34055661052
-117.520861604 34.0805305113 0.0987011001482
-117.473804165 34.0581742111 -0.216259836941
-117.426771293 34.0357996141 -0.356883800318
-117.379762988 34.0134067652 -0.404317858043
-117.332779251 33.9909957094 -0.419315704217
-117.285820084 33.9685664919 -0.459481584064
-117.238885487 33.9461191577 -0.533047281852
-117.19197546 33.9236537518 -0.507862138313
-117.145090005 33.9011703193 -0.494843062641
-117.098229122 33.8786689054 -0.501156027031
-118.917604646 34.7819463001 0.178492529789
-118.869794553 34.7601500856 0.251653563357
-118.822009001 34.7383342164 0.373965762252
-118.774247993 34.7164987372 0.370031558381
-118.726511536 34.6946436928 0.367059948824
-118.678799632 34.6727691281 0.45021410731
-118.631112288 34.6508750877 0.351188006011
-118.583449507 34.6289616167 0.111767982596
-118.535811293 34.6070287598 -0.0260206410039
-118.488197651 34.5850765619 -0.0829309231017
-118.440608585 34.5631050679 -0.105696439331
-118.393044097 34.5411143226 -0.164003695627
-118.345503852 34.5191043748 -0.126296011336
-118.297988534 34.4970752616 -0.0172087800687
-118.250497806 34.4750270319 -0.00835196828987
-118.203031672 34.4529597307 -0.0521759078731
-118.155590133 34.4308734028 -0.0757250157065
-118.108173194 34.4087680932 -0.0950265004713
-118.060780857 34.386643847 -0.109751751806
-118.013413126 34.364500709 -0.119222605002
-117.966070002 34.3423387242 -0.114623432191
-117.918751488 34.3201579377 -0.103259095753
-117.871457587 34.2979583945 -0.0996441936684
-117.824187962 34.2757401418 -0.102654178308
-117.776943294 34.2535032199 -0.108124406257
-117.729723244 34.2312476765 -0.0857145332024
-117.682527816 34.2089735563 0.08673723609
-117.635357011 34.1866809046 0.339720343398
-117.58821083 34.1643697664 0.377965396935
-117.541089276 34.1420401867 0.279537867823
-117.493992349 34.1196922107 0.0745344363024
-117.446920051 34.0973258833 -0.142526310132
-117.399872383 34.0749412498 -0.133369970381
-117.352849346 34.0525383551 0.0452587428445
-117.305850941 34.0301172444 0.115317773588
-117.25887717 34.0076779629 -0.10929785366
-117.211928032 33.9852205555 -0.291742075088
-117.165003528 33.9627450675 -0.327910781705
-117.118103659 33.940251544 -0.3477613147
-117.071228425 33.9177400302 -0.393958407052
-118.891186687 34.8214013107 0.442733695016
-118.843359785 34.7995953494 0.863367954084
-118.795557488 34.7777697222 0.901036804009
-118.747779802 34.7559244741 0.459738081766
-118.700026732 34.7340596498 0.298840451348
-118.652298282 34.7121752942 0.266605345004
-118.604594456 34.6902714523 0.192840635597
-118.556915259 34.668348169 0.111740003555
-118.509260695 34.646405489 0.0362906920993
-118.461630768 34.6244434575 0.00274235472175
-118.414025481 34.6024621192 -0.0251836036253
-118.366444839 34.5804615192 -0.041653038135
-118.318888505 34.5584417061 -0.0149208564796
-118.271357163 34.5364027173 0.00815289940669
-118.223850476 34.5143446017 0.0167253037702
-118.176368447 34.4922674043 0.0138999048386
-118.12891108 34.47017117 0.00386927264346
-118.081478377 34.4480559439 -0.0104781422349
-118.034070341 34.425921771 -0.015748121879
-117.986686975 34.4037686964 -0.0150148633029
-117.939328281 34.381596765 -0.0104634003846
-117.891994263 34.3594060219 -0.00911283405262
-117.844684922 34.3371965123 -0.00993044004402
-117.79739992 34.3149682833 -0.0156443591301
-117.75013994 34.2927213756 -0.024123941501
-117.702904644 34.2704558365 -0.0144501707307
-117.655694033 34.2481717111 0.0613750694139
-117.60850811 34.2258690446 0.122594757981
-117.561346875 34.2035478821 0.132962416185
-117.51421033 34.1812082687 0.105826913336
-117.467098478 34.1588502496 -0.0059796551113
-117.420011318 34.1364738698 -0.0895546575487
-117.372948852 34.1140791745 0.111382615897
-117.325911081 34.091666209 0.692296100032
-117.278898007 34.0692350183 0.742652628438
-117.231909628 34.0467856475 0.177072071721
-117.184945948 34.024318142 -0.109986154942
-117.138006965 34.0018325469 -0.167803683515
-117.09109268 33.9793289073 -0.216127588617
-117.044203094 33.9568072685 -0.310874456985
-118.864744076 34.8608488937 0.463970293141
-118.816900359 34.8390331595 0.721532852016
-118.769081315 34.8171977485 0.605338524409
-118.721286948 34.7953427055 0.325560292647
-118.673517262 34.7734680755 0.218818149516
-118.625772261 34.7515739034 0.188250246038
-118.578051951 34.7296602341 0.170396585758
-118.530356336 34.7077271126 0.140243286603
-118.482685419 34.6857745839 0.0995141500643
-118.435039204 34.6638026929 0.0654910141307
-118.387417695 34.6418114847 0.0370990743229
-118.339820897 34.6198010042 0.0345434041917
-118.292248471 34.5977713002 0.0422931708439
-118.244701103 34.5757224102 0.0479880001505
-118.197178455 34.553654383 0.0586414915821
-118.14968053 34.5315672638 0.0659259227208
-118.102207332 34.5094610975 0.0686322724447
-118.054758864 34.4873359293 0.0722916408812
-118.007335127 34.4651918042 0.081499813062
-117.959936125 34.4430287674 0.0892168359149
-117.912561861 34.4208468638 0.0982358064809
-117.865212336 34.3986461387 0.100389776054
-117.817887554 34.3764266372 0.102664863697
-117.770587175 34.3541884066 0.0937837719479
-117.723311883 34.3319314875 0.0819675718025
-117.67606134 34.3096559274 0.068510488224
-117.628835546 34.2873617714 0.0819063663013
-117.581634503 34.2650490648 0.0727929983822
-117.534458214 34.2427178527 0.0780309990483
-117.48730668 34.2203681803 0.056964880875
-117.440179901 34.1980000928 0.00859005975913
-117.39307788 34.1756136353 0.00546328396877
-117.346000616 34.1532088531 0.25737767642
-117.298948112 34.1307857915 0.686835940198
-117.251920368 34.1083444955 0.587816323183
-117.204917384 34.0858850105 0.167760000931
-117.157939161 34.0634073816 -0.0577254803587
-117.1109857 34.0409116542 -0.11004096608
-117.064057001 34.0183978735 -0.171270981831
-117.017153064 33.9958660847 -0.275147769923
-118.838276848 34.9002935298 0.22920599587
-118.790416312 34.8784679971 0.14439455105
-118.742580514 34.8566227765 0.0634361835597
-118.694769459 34.8347579129 0.11487026122
-118.646983151 34.8128734514 0.13128621253
-118.599221595 34.790969437 0.167171239139
-118.551484795 34.7690459146 0.182546974391
-118.503772756 34.7471029293 0.163247461715
-118.45608548 34.7251405261 0.132827985072
-118.408422972 34.7031587501 0.0800059945078
-118.360785237 34.6811576463 0.0526007191392
-118.313172277 34.6591372598 0.0516130774608
-118.265583754 34.6370976392 0.0561009576372
-118.218020356 34.6150388223 0.0692483636577
-118.170481742 34.5929608581 0.0790012829027
-118.122967918 34.5708637915 0.084253097447
-118.075478885 34.5487476677 0.0964021796231
-118.028014646 34.5266125319 0.120856326734
-117.980575205 34.5044584291 0.138140330879
-117.933160564 34.4822854046 0.151263557097
-117.885770725 34.4600935035 0.165236429086
-117.838405691 34.437882771 0.176122337698
-117.791065463 34.4156532522 0.183531911923
-117.743749705 34.3934049944 0.176274241096
-117.696459098 34.3711380386 0.162709688455
-117.649193303 34.3488524322 0.137892112424
-117.601952323 34.3265482203 0.127862115385
-117.55473616 34.3042254483 0.117703464142
-117.507544813 34.2818841613 0.109569742819
-117.460378286 34.2595244045 0.081451247282
-117.413236579 34.2371462234 0.0499776768865
-117.366119694 34.214749663 0.0478529819644
-117.319027631 34.1923347687 0.161004290595
-117.271960391 34.1699015857 0.228171013242
-117.224917975 34.1474501593 0.134362979565
-117.177900383 34.1249805349 -0.0178485450858
-117.130907617 34.1024927576 -0.126333656371
-117.083939676 34.0799868728 -0.131897371264
-117.036996561 34.0574629258 -0.182943577394
-116.990078272 34.0349209619 -0.288656466819
-118.811784836 34.9397306873 -0.0123920389871
-118.763907477 34.91789533 -0.145503425027
-118.716054922 34.8960402738 -0.156844892748
-118.668227177 34.8741655638 -0.0669051167829
-118.620424244 34.8522712449 -0.00147399361106
-118.57264613 34.8303573623 0.0662972270852
-118.524892837 34.808423961 0.0983141984373
-118.47716437 34.7864710861 0.108880939792
-118.429460734 34.7644987826 0.0908479387091
-118.381781931 34.7425070958 0.0549532930022
-118.334127966 34.7204960706 0.0314686773913
-118.286498842 34.6984657523 0.0213899241652
-118.238894222 34.6764161894 0.0161872736936
-118.19131479 34.6543474201 0.0217141466014
-118.14376021 34.632259493 0.0224015079151
-118.096230483 34.6101524535 0.0294362857306
-118.048725614 34.5880263465 0.0385907218564
-118.001245604 34.5658812175 0.0584409844482
-117.953790457 34.5437171115 0.0655261662654
-117.906360175 34.5215340737 0.0805369518934
-117.858954761 34.4993321495 0.0910068853755
-117.811574216 34.477111384 0.115462532502
-117.764218543 34.4548718224 0.124318381384
-117.716887404 34.4326135121 0.130267560592
-117.66958148 34.4103364941 0.114711749481
-117.622300435 34.3880408159 0.0969883398087
-117.575044269 34.3657265227 0.0818670033839
-117.527812983 34.3433936598 0.0814219607156
-117.48060658 34.3210422726 0.0664337287753
-117.43342506 34.2986724062 0.0404249725207
-117.386268425 34.2762841061 0.00184831462701
-117.339136676 34.2538774175 -0.02465589307
-117.292029813 34.2314523858 -0.0213932402926
-117.244947838 34.2090090563 -0.0640639261805
-117.197890751 34.1865474743 -0.11637836133
-117.150858553 34.1640676852 -0.174062854689
-117.103851244 34.1415697343 -0.213375350088
-117.056868824 34.119053667 -0.223148481397
-117.009911294 34.0965195286 -0.273734817638
-116.962978654 34.0739673645 -0.342543681853
-118.785268074 34.979164847 -0.152979798906
-118.737373886 34.9573196393 -0.233018096749
-118.689504569 34.9354547218 -0.242919157269
-118.641660126 34.9135701395 -0.200492375057
-118.593840564 34.8916659375 -0.138683262466
-118.546045885 34.8697421609 -0.0711902204175
-118.498276094 34.8477988549 -0.0227615022679
-118.450531195 34.8258360646 0.0148666507231
-118.402811193 34.8038538352 0.0187131628145
-118.35511609 34.7818522118 0.00419321157134
-118.30744589 34.7598312396 -0.0159634233672
-118.259800598 34.7377909638 -0.040683013555
-118.212179874 34.7157314331 -0.0562878496123
-118.164584406 34.6936526856 -0.0676385008755
-118.117013854 34.6715547702 -0.0723692202973
-118.069468221 34.649437732 -0.0692240401213
-118.021947511 34.6273016164 -0.0679025348316
-117.974451727 34.6051464685 -0.0712428859018
-117.92698087 34.5829723337 -0.0721495378786
-117.879534944 34.5607792573 -0.0689810165379
-117.83211395 34.5385672844 -0.0551086633837
-117.784717891 34.5163364604 -0.0248770616255
-117.737346769 34.4940868306 -0.00671795022892
-117.690000246 34.4718184423 0.00599161818352
-117.642679004 34.4495313368 -0.000627447980827
-117.595382704 34.4272255614 -0.0159516732221
-117.548111349 34.4049011615 -0.0223766214507
-117.500864939 34.3825581825 -0.0129479822101
-117.453643476 34.3601966696 -0.0243546240336
-117.406446961 34.3378166683 -0.0535911167427
-117.359275396 34.315418224 -0.0940701476373
-117.31212878 34.2930013819 -0.136998600113
-117.265007116 34.2705661876 -0.170563361516
-117.217910404 34.2481126863 -0.206358007158
-117.170838644 34.2256409235 -0.242180662856
-117.123791837 34.2031509445 -0.269252921251
-117.076769984 34.1806427948 -0.300575644351
-117.029773084 34.1581165198 -0.347106356311
-116.982801138 34.135572165 -0.386048612859
-116.935854145 34.1130097756 -0.405838104159
-118.758726398 35.0185914768 -0.227994998742
-118.710815377 34.9967363928 -0.27767881419
-118.662929294 34.9748615879 -0.286514025534
-118.615068152 34.9529671074 -0.263807621527
-118.567231955 34.9310529963 -0.212950413929
-118.51942071 34.9091192999 -0.157208123999
-118.471634418 34.8871660633 -0.105439724505
-118.423873085 34.8651933318 -0.0662951498339
-118.376136713 34.8432011505 -0.0524986359977
-118.328425308 34.8211895648 -0.056739486738
-118.280738872 34.7991586198 -0.0733541193667
-118.233077409 34.7771083608 -0.0974483491633
-118.18544058 34.7550388363 -0.115759129391
-118.137829073 34.732950085 -0.132652362826
-118.090242548 34.7108421554 -0.139540767374
-118.042681008 34.688715093 -0.144269306135
-117.995144456 34.666568943 -0.14890870044
-117.947632895 34.6444037507 -0.160098523685
-117.900146327 34.6222195615 -0.162333256094
-117.852684755 34.6000164207 -0.163406491784
-117.805248181 34.5777943737 -0.145714160987
-117.757836608 34.5555534657 -0.122685460631
-117.710450036 34.5332937422 -0.101544060867
-117.663088128 34.5110152503 -0.0907287709307
-117.615751567 34.4887180317 -0.0908425620211
-117.568440013 34.4664021337 -0.100508000834
-117.521153468 34.4440676016 -0.0994484111661
-117.473891934 34.421714481 -0.09578189425
-117.426655411 34.3993428172 -0.107935938338
-117.379443902 34.3769526556 -0.137297446681
-117.332257406 34.3545440417 -0.176091633783
-117.285095925 34.3321170208 -0.221151004355
-117.23795946 34.3096716385 -0.256911219016
-117.190848011 34.2872079402 -0.289011727704
-117.14376158 34.2647259713 -0.315481709023
-117.096700165 34.2422257772 -0.338888688347
-117.049663768 34.2197074036 -0.372063764162
-117.002652389 34.1971708957 -0.417454156132
-116.955666028 34.1746162992 -0.440882096544
-116.908704685 34.1520436595 -0.450841661112
