-119.336999976 34.1500010364 -0.46398363392
-119.289458115 34.1283572771 -0.471535379321
-119.241939758 34.1066940424 -0.476665917381
-119.194444913 34.0850113761 -0.477369410844
-119.146973585 34.063309322 -0.468733166186
-119.099525778 34.041587924 -0.448542123585
-119.052101499 34.019847226 -0.422513891784
-119.004700752 33.9980872718 -0.395389038907
-118.957323543 33.9763081053 -0.369381528106
-118.909969877 33.9545097704 -0.344534972579
-118.86263942 33.9326923162 -0.320210831606
-118.815332853 33.9108557762 -0.296182756901
-118.768049843 33.8890001996 -0.273147970457
-118.720790395 33.8671256304 -0.252134729338
-118.673554511 33.8452321126 -0.233854905162
-118.626342198 33.8233196901 -0.218708205875
-118.579153458 33.801388407 -0.207089532855
-118.531988297 33.7794383072 -0.199640871716
-118.484846717 33.7574694348 -0.1973665482
-118.437728722 33.7354818338 -0.201082645231
-118.390634316 33.7134755483 -0.194836707324
-118.343563503 33.6914506223 -0.181463759331
-118.296516285 33.6694071 -0.177539810321
-118.24949233 33.6473450287 -0.177731779372
-118.202492314 33.6252644457 -0.181931770754
-118.155515903 33.6031653985 -0.190496841801
-118.1085631 33.5810479314 -0.203417145668
-118.061633908 33.5589120884 -0.220204028598
-118.01472833 33.5367579137 -0.239687617373
-117.967846367 33.5145854513 -0.260627133417
-117.920988023 33.4923947456 -0.282369746089
-117.8741533 33.4701858406 -0.304899166063
-117.827342199 33.4479587805 -0.32855562787
-117.780554724 33.4257136095 -0.353578370485
-117.733790875 33.4034503717 -0.379746184015
-117.687050655 33.3811691115 -0.406517941923
-117.640334066 33.358869873 -0.433001388536
-117.593641108 33.3365527004 -0.456988254848
-117.546971785 33.314217638 -0.472893821168
-117.500326096 33.2918647299 -0.478299210447
-119.310966774 34.1895354099 -0.45044976676
-119.263408189 34.1678823141 -0.45926709259
-119.215873173 34.1462097316 -0.465110877704
-119.168361732 34.1245177061 -0.467330233533
-119.120873871 34.1028062817 -0.456189041249
-119.073409595 34.0810755023 -0.429709411362
-119.02596891 34.0593254116 -0.398133012013
-118.978551822 34.0375560537 -0.368674087241
-118.931158334 34.0157674726 -0.342174639218
-118.883788453 33.9939597122 -0.317322770977
-118.836441844 33.9721328215 -0.292298018837
-118.789119188 33.9502868343 -0.266482915981
-118.741820153 33.9284217997 -0.241561440006
-118.694544742 33.9065377619 -0.219198483259
-118.64729296 33.8846347647 -0.199946498299
-118.600064768 33.8627105985 -0.183800263862
-118.552860257 33.8407698149 -0.170872814369
-118.505679386 33.8188102042 -0.161671052618
-118.458522159 33.7968318106 -0.156869872032
-118.411388581 33.774834678 -0.155921558666
-118.364278655 33.7528188505 -0.142408365225
-118.317192384 33.7307843724 -0.138887333713
-118.270129771 33.7087312878 -0.143305090296
-118.223090483 33.686659644 -0.146302736469
-118.176075197 33.6645694785 -0.152997476498
-118.129083578 33.6424608389 -0.163948547824
-118.08211563 33.6203337694 -0.179629578047
-118.035171355 33.5981883141 -0.19978112559
-117.988250756 33.5760245173 -0.222259896203
-117.941353835 33.5538424231 -0.245185287235
-117.894480595 33.5316420757 -0.268034117957
-117.847631038 33.5094235195 -0.291225072975
-117.800805165 33.4871867986 -0.31572427116
-117.75400298 33.4649319572 -0.342194901854
-117.707224483 33.4426590396 -0.370140482406
-117.660469677 33.4203680901 -0.39905507049
-117.613738564 33.3980591529 -0.428579507208
-117.567031144 33.3757322724 -0.457585194012
-117.520347419 33.3533874927 -0.473711404491
-117.473687391 33.3310248582 -0.473785822591
-119.284909948 34.229062758 -0.43215668378
-119.237334634 34.2074003001 -0.441907574902
-119.189782954 34.1857183442 -0.445424160173
-119.142254913 34.1640169341 -0.439145334785
-119.094750515 34.1422961138 -0.421468279745
-119.047269766 34.1205559273 -0.395361062791
-118.999812672 34.0987964186 -0.363181467367
-118.952379238 34.0770176317 -0.335024213521
-118.904969468 34.0552196105 -0.310141700945
-118.857583368 34.0334023991 -0.287029893228
-118.810220604 34.0115660465 -0.26181309041
-118.762881857 33.9897105866 -0.233314288761
-118.715566793 33.9678360688 -0.206460471447
-118.668275416 33.9459425369 -0.183347678693
-118.621007732 33.9240300352 -0.16368544607
-118.573763743 33.9020986076 -0.146611671881
-118.526543455 33.8801482985 -0.131802470134
-118.47934687 33.8581791518 -0.119492984041
-118.432173992 33.8361912116 -0.109060891573
-118.385024826 33.8141845223 -0.0950056545413
-118.337899375 33.7921591279 -0.0759340224495
-118.290797641 33.7701150725 -0.0950196870111
-118.243719629 33.7480524005 -0.10764553412
-118.196665003 33.7259711592 -0.116177851266
-118.149634443 33.7038713862 -0.125701195663
-118.102627612 33.6817531292 -0.138908702874
-118.055644515 33.6596164323 -0.157228627969
-118.008685154 33.6374613397 -0.181818331529
-117.96174953 33.6152878958 -0.207372753881
-117.914837647 33.5930961448 -0.231642410744
-117.867949508 33.570886131 -0.254751161745
-117.821085113 33.5486578986 -0.277550185085
-117.774244465 33.526411492 -0.302071568953
-117.727427567 33.5041469553 -0.329809200999
-117.680634419 33.4818643331 -0.358645280341
-117.633865024 33.4595636695 -0.388358099186
-117.587119383 33.4372450088 -0.418935555793
-117.540397498 33.4149083955 -0.448021378648
-117.49369937 33.3925538738 -0.462404920644
-117.447025 33.3701814881 -0.462749107831
-119.258829555 34.2685875614 -0.407126229802
-119.211237506 34.246915716 -0.417893239573
-119.163669155 34.2252243613 -0.41584797405
-119.116124506 34.2035135412 -0.395350915035
-119.068603565 34.1817832997 -0.372551294748
-119.021106337 34.1600336808 -0.347588781552
-118.973632828 34.1382647287 -0.319993535987
-118.926183041 34.1164764873 -0.295669094937
-118.878756983 34.0946690007 -0.27321362215
-118.831354658 34.072842313 -0.253493182994
-118.783975733 34.0509964733 -0.22779714272
-118.736620888 34.0291315156 -0.195254840324
-118.68928979 34.0072474891 -0.167545352599
-118.641982443 33.985344438 -0.145268702329
-118.594698851 33.9634224064 -0.126365739537
-118.547439018 33.9414814386 -0.108729846471
-118.500202948 33.9195215785 -0.0918630203131
-118.452990646 33.8975428705 -0.0766781104835
-118.405802113 33.8755453588 -0.0641541461998
-118.358637356 33.8535290875 -0.0540382754511
-118.311496375 33.8314941009 -0.052227438207
-118.264379176 33.8094404432 -0.0637363433444
-118.217285761 33.7873681587 -0.0805794443235
-118.170215796 33.7652772948 -0.0932745993768
-118.123169958 33.7431678892 -0.105056291943
-118.076147913 33.7210399896 -0.119145027354
-118.029149664 33.6988936402 -0.139112489045
-117.982175213 33.6767288854 -0.169216534095
-117.935224563 33.6545457694 -0.196681668156
-117.888297716 33.6323443366 -0.221088226828
-117.841394674 33.6101246313 -0.243939056115
-117.79451544 33.5878866978 -0.265153537625
-117.747660015 33.5656305805 -0.288950971019
-117.700828402 33.5433563238 -0.317594879978
-117.654020602 33.5210639719 -0.345481549055
-117.607236616 33.4987535693 -0.374097785236
-117.560476447 33.4764251603 -0.40361372242
-117.513740095 33.4540787894 -0.431352006413
-117.467027562 33.4317145009 -0.445250141049
-117.42033885 33.4093323392 -0.445867047266
-119.23272541 34.3081052896 -0.37273293207
-119.185116623 34.2864240311 -0.377805856141
-119.137531596 34.264723252 -0.369616485935
-119.089970336 34.2430029963 -0.34864168173
-119.042432848 34.221263308 -0.325942368065
-118.994919136 34.1995042312 -0.301081450966
-118.947429207 34.1777258102 -0.276035937572
-118.899963065 34.1559280888 -0.252633573644
-118.852520715 34.1341111114 -0.230931297155
-118.805102162 34.112274922 -0.21036814927
-118.757707072 34.0904195696 -0.183043617962
-118.710336127 34.0685450886 -0.151442692762
-118.662988991 34.0466515282 -0.125331794207
-118.61566567 34.0247389324 -0.106733452595
-118.568366168 34.0028073457 -0.0902003119695
-118.521090488 33.9808568121 -0.0724403458932
-118.473838635 33.9588873759 -0.0535000358409
-118.426610612 33.9368990813 -0.0361964807588
-118.379406423 33.9148919727 -0.0259124593555
-118.332226072 33.8928660942 -0.0253267043056
-118.285069561 33.8708214902 -0.028724294174
-118.237936894 33.8487582049 -0.0445747822101
-118.190828074 33.8266762826 -0.0717830327759
-118.143742767 33.8045757709 -0.0892566346901
-118.09668165 33.7824567076 -0.103540694234
-118.04964439 33.7603191403 -0.115663251563
-118.002630987 33.7381631134 -0.135971054772
-117.955641446 33.7159886712 -0.16422282269
-117.908675768 33.693795858 -0.191265548997
-117.861733956 33.6715847184 -0.215351874468
-117.814816012 33.6493552966 -0.239002699266
-117.767921937 33.627107637 -0.261148194836
-117.721051735 33.604841784 -0.283942981256
-117.674205406 33.5825577822 -0.30716280621
-117.627382952 33.5602556757 -0.332018542838
-117.580584376 33.5379355092 -0.359055616837
-117.533809678 33.515597327 -0.386968189208
-117.487058859 33.4932411736 -0.411042354032
-117.440331922 33.4708670934 -0.423059857096
-117.393628867 33.4484751309 -0.423914581508
-119.20659757 34.3476204235 -0.329495609852
-119.158972036 34.3259297264 -0.327513767126
-119.111370328 34.3042194974 -0.31715727397
-119.063792449 34.2824897806 -0.299910588106
-119.016238407 34.2607406202 -0.278886796763
-118.968708206 34.2389720601 -0.254354681488
-118.921201851 34.2171841447 -0.230440507675
-118.873719348 34.1953769181 -0.206716205184
-118.8262607 34.1735504244 -0.184682794411
-118.778825913 34.1517047079 -0.162693245209
-118.731414652 34.1298398176 -0.135819041103
-118.6840276 34.107955788 -0.105286329715
-118.636664422 34.0860526683 -0.0828767404991
-118.589325122 34.0641305027 -0.0710450773968
-118.542009704 34.0421893354 -0.0581444121448
-118.494718173 34.0202292109 -0.0404083417722
-118.447450531 33.9982501733 -0.0194746083987
-118.400206783 33.9762522669 -0.000268164618908
-118.352986932 33.9542355362 0.00506701867625
-118.305790982 33.9322000253 -0.00477445687182
-118.258618936 33.9101457787 -0.0189667381686
-118.211470797 33.8880728407 -0.0479550233365
-118.164346568 33.8659812556 -0.0768217767887
-118.117245915 33.843871071 -0.0968844660616
-118.070169516 33.8217423248 -0.110926611464
-118.023117035 33.7995950648 -0.118957496584
-117.976088476 33.7774293352 -0.136615804431
-117.929083841 33.7552451806 -0.161780199464
-117.882103131 33.7330426453 -0.186893311527
-117.835146351 33.7108217738 -0.21008861857
-117.7882135 33.6885826105 -0.2344704326
-117.741304582 33.6663251999 -0.258608259344
-117.694419599 33.6440495864 -0.277662309943
-117.647558552 33.6217558144 -0.292809560498
-117.600721442 33.5994439286 -0.314285441239
-117.553908272 33.5771139732 -0.340586137654
-117.507119043 33.554765993 -0.365732166188
-117.460353756 33.5324000322 -0.38596273162
-117.413612411 33.5100161355 -0.396617865298
-117.366895012 33.4876143474 -0.396705058593
-119.180445852 34.3871284322 -0.280622649208
-119.132803567 34.365428271 -0.272696492882
-119.085185172 34.3437085665 -0.260125429573
-119.037590672 34.321969363 -0.244574228783
-118.990020072 34.3002107047 -0.225693118075
-118.942473377 34.2784326358 -0.204406128908
-118.894950593 34.2566352005 -0.182783030286
-118.847451724 34.234818443 -0.160702692004
-118.799976775 34.2129824076 -0.139625615692
-118.752525751 34.1911271386 -0.117765831453
-118.705098317 34.1692526848 -0.0932567791162
-118.657695155 34.1473590812 -0.0672922162661
-118.610315931 34.1254463767 -0.0503736790586
-118.56296065 34.1035146158 -0.0406427450542
-118.515629314 34.0815638427 -0.032396057353
-118.468321928 34.0595941018 -0.0162235548685
-118.421038495 34.0376054374 0.00481226809521
-118.37377902 34.015597894 0.0198103576992
-118.326543505 33.9935715158 0.0166673534862
-118.279331954 33.9715263473 0.00176364581511
-118.232144371 33.9494624328 -0.0188763101556
-118.184980758 33.9273798168 -0.0486197703953
-118.137841119 33.9052785437 -0.0741354867287
-118.090725118 33.8831586609 -0.0939733689877
-118.043633435 33.8610202067 -0.106314099999
-117.996565733 33.8388632287 -0.115712299718
-117.949522015 33.8166877714 -0.130839623578
-117.902502285 33.7944938792 -0.15107535424
-117.855506543 33.7722815967 -0.173581150208
-117.808534793 33.7500509682 -0.197928324878
-117.761587036 33.7278020384 -0.220687898303
-117.714663274 33.7055348516 -0.239372718037
-117.667763509 33.6832494525 -0.25342842677
-117.620887743 33.6609458855 -0.268082276695
-117.574035977 33.6386241952 -0.287769972213
-117.527208214 33.6162844262 -0.31113987681
-117.480404453 33.5939266229 -0.332588069744
-117.433624696 33.5715508299 -0.349711259292
-117.386868946 33.5491570918 -0.359586217624
-117.340137201 33.5267454532 -0.364177688168
-119.154270307 34.4266337968 -0.22857731231
-119.106611265 34.4049241458 -0.214929744484
-119.058976177 34.3831949403 -0.199762864324
-119.011365048 34.3614462247 -0.18495176006
-118.963777884 34.3396780431 -0.169036895785
-118.91621469 34.3178904399 -0.151937202261
-118.86867547 34.2960834592 -0.133460586735
-118.82116023 34.2742571455 -0.113951632698
-118.773668974 34.2524115429 -0.0945536661594
-118.726201706 34.2305466959 -0.0749423707751
-118.678758093 34.2086626534 -0.0549101165953
-118.631338816 34.1867594503 -0.0348663802423
-118.583943542 34.1648371358 -0.0204722961373
-118.536572273 34.1428957542 -0.0150267120017
-118.489225013 34.12093535 -0.00804515658956
-118.441901768 34.0989559675 0.00287010268466
-118.394602539 34.0769576511 0.0176592278456
-118.347327332 34.0549404452 0.0299438468256
-118.300076148 34.0329043944 0.0190550485802
-118.252848993 34.010849543 0.00281082724789
-118.205645868 33.9887759355 -0.0145229393752
-118.158466777 33.9666836163 -0.0364233586338
-118.111311723 33.9445726299 -0.0629024429398
-118.064180371 33.9224430238 -0.0803022014984
-118.017073399 33.9002948365 -0.0924912041813
-117.969990472 33.8781281155 -0.102083870396
-117.922931593 33.8559429053 -0.114498386841
-117.875896763 33.8337392505 -0.130417839477
-117.828885986 33.8115171957 -0.151372077052
-117.781899263 33.7892767852 -0.178131085846
-117.734936596 33.7670180638 -0.197500251338
-117.687997987 33.744741076 -0.206172348125
-117.641083438 33.7224458663 -0.217816089455
-117.59419295 33.7001324793 -0.234286695202
-117.547326526 33.6778009596 -0.251903038922
-117.500484165 33.6554513519 -0.272039401649
-117.453665871 33.6330837006 -0.291184826423
-117.406871643 33.6106980506 -0.305369327316
-117.360101483 33.5882944462 -0.318056074849
-117.313355392 33.5658729322 -0.329435530542
-119.128070757 34.4661319862 -0.175593739247
-119.080394953 34.4444128197 -0.156611153993
-119.032743168 34.4226740877 -0.138114100272
-118.985115407 34.4009158342 -0.122130272019
-118.937511675 34.3791381037 -0.108982716386
-118.889931977 34.3573409405 -0.0966481771386
-118.842376318 34.335524389 -0.08063665919
-118.794844703 34.3136884934 -0.0624060422149
-118.747337136 34.2918332981 -0.0449415350468
-118.699853622 34.2699588476 -0.0301082153682
-118.652393827 34.2480651908 -0.0150516430905
-118.604958772 34.2261523583 -0.00183366962734
-118.557547104 34.2042204127 0.0123317284042
-118.510159845 34.182269385 0.0168237297596
-118.46279666 34.1602993242 0.0213417559286
-118.415457552 34.1383102746 0.0275855180415
-118.368142526 34.1163022808 0.035509482726
-118.320851584 34.0942753872 0.0376545975293
-118.27358473 34.0722296383 0.0269895566361
-118.226341967 34.0501650787 0.0100076481542
-118.179123299 34.0280817528 -0.00443071999723
-118.131928728 34.0059797052 -0.021242091602
-118.084758258 33.9838589803 -0.0441574970561
-118.037611553 33.9617196257 -0.0598203381221
-117.990489291 33.93956168 -0.0713793729641
-117.943391138 33.9173851907 -0.0809633559401
-117.896317096 33.8951902025 -0.0913543692316
-117.849267167 33.8729767599 -0.104112746226
-117.802241353 33.8507449075 -0.122718109355
-117.755239656 33.82849469 -0.145141224536
-117.708262079 33.8062261519 -0.160230479656
-117.661308622 33.7839393379 -0.169612625948
-117.614379288 33.7616342925 -0.18180851143
-117.567474079 33.7393110605 -0.192498993617
-117.520592995 33.7169696865 -0.206187674621
-117.473736039 33.6946102151 -0.225455763708
-117.42690321 33.672232691 -0.244235405899
-117.380094511 33.6498371588 -0.261902745789
-117.333309943 33.6274236633 -0.27935578644
-117.286549505 33.6049922491 -0.296513835769
-119.10184725 34.5056274814 -0.123934461623
-119.054154678 34.4838987739 -0.0998021814917
-119.006486189 34.4621504896 -0.078371045177
-118.958841789 34.4403826728 -0.0593422267614
-118.911221483 34.4185953679 -0.0479313779396
-118.863625275 34.3967886193 -0.0413354794979
-118.816053171 34.3749624713 -0.0276037239679
-118.768505175 34.3531169684 -0.00901520703804
-118.720981292 34.331252155 0.00514233554164
-118.673481527 34.3093680755 0.0145672044879
-118.626005883 34.2874647745 0.0270973703672
-118.578554365 34.2655422963 0.0407889542607
-118.531126638 34.2436006897 0.0523859795702
-118.483723384 34.2216399906 0.0554426450451
-118.436344268 34.1996602478 0.0564745526666
-118.388989293 34.1776615058 0.0587478451956
-118.341658464 34.1556438093 0.060381595791
-118.294351783 34.1336072026 0.0595239498249
-118.247069254 34.1115517305 0.0503308922356
-118.19981088 34.0894774373 0.0355490122252
-118.152576664 34.0673843678 0.0193486202272
-118.105366609 34.0452725665 0.00129517159201
-118.058180718 34.0231420779 -0.017791909111
-118.011018656 34.0009929496 -0.0316064536072
-117.963881102 33.9788252203 -0.0421976291347
-117.916767719 33.9566389376 -0.0516130115576
-117.86967851 33.9344341463 -0.0606304674953
-117.822613478 33.9122108908 -0.0710434401224
-117.775572624 33.8899692158 -0.0869762182516
-117.72855595 33.8677091661 -0.104270220311
-117.681563459 33.8454307863 -0.118817304016
-117.634595152 33.8231341211 -0.130417737362
-117.587651031 33.8008192151 -0.142235903383
-117.540731097 33.778486113 -0.147745811991
-117.493835351 33.7561348596 -0.160332133557
-117.446963796 33.7337654996 -0.181075696624
-117.400116431 33.7113780776 -0.201879137617
-117.353293259 33.6889726385 -0.225147526509
-117.306494279 33.6665492269 -0.246421447682
-117.259719494 33.6441078875 -0.268455210921
-119.075599609 34.5451157512 -0.0758685886379
-119.027890264 34.523377477 -0.0518125446223
-118.980205068 34.5016196148 -0.0306066951991
-118.932544025 34.479842209 -0.0106078222379
-118.884907141 34.458045304 0.00172150806914
-118.83729442 34.4362289442 0.0111151011712
-118.789705867 34.4143931742 0.0234605671238
-118.742141487 34.3925380384 0.0359661801309
-118.694601285 34.3706635812 0.0454722426443
-118.647085264 34.3487698472 0.0552330978956
-118.59959343 34.326856881 0.0688237739286
-118.552125786 34.3049247269 0.0858747446765
-118.504681997 34.2829734338 0.0996892987838
-118.457262745 34.2610030377 0.09976239605
-118.409867696 34.2390135875 0.0989958553965
-118.362496852 34.2170051277 0.095621607397
-118.315150218 34.1949777029 0.0956989245236
-118.267827795 34.1729313578 0.093795266308
-118.220529589 34.150866137 0.0868184878039
-118.173255602 34.128782085 0.073478572857
-118.126005837 34.1066792465 0.0577161794039
-118.078780297 34.0845576662 0.0387821519714
-118.031578984 34.0624173886 0.0192600820298
-117.984401564 34.0402584612 0.0089282779808
-117.937248715 34.0180809231 0.000214117772975
-117.890120101 33.9958848218 -0.00887828484891
-117.843015725 33.973670202 -0.0187761033778
-117.795935588 33.9514371084 -0.031211483599
-117.748879694 33.9291855858 -0.0479753057568
-117.701848043 33.9069156787 -0.0657815381537
-117.654840638 33.884627432 -0.0828435424507
-117.60785748 33.8623208904 -0.0971574113227
-117.56089857 33.8399960987 -0.111127819965
-117.513963912 33.8176531015 -0.121992606733
-117.467053504 33.7952919437 -0.138508846623
-117.42016735 33.77291267 -0.158307180349
-117.37330545 33.7505153252 -0.181175253935
-117.326467804 33.7280999541 -0.204710065711
-117.279654414 33.7056666015 -0.226945512601
-117.232865281 33.6832153121 -0.246244981879
-119.04932788 34.5846012766 -0.0307379082081
-119.001601757 34.5628534101 -0.00945025484368
-118.953899846 34.5410859444 0.0110467669913
-118.906222154 34.5192989239 0.0303861925904
-118.858568686 34.4974923933 0.0446801185763
-118.810939445 34.4756663969 0.0595632604954
-118.763334438 34.4538209793 0.0696274545785
-118.715753669 34.431956185 0.0736214347675
-118.668197141 34.4100720586 0.0808618073517
-118.62066486 34.3881686446 0.0922320264344
-118.57315683 34.3662459877 0.10658021273
-118.525673054 34.3443041323 0.126864192699
-118.478213198 34.3223431273 0.144255948625
-118.430777944 34.3003630088 0.142937246248
-118.383366956 34.2783638257 0.142775376028
-118.335980238 34.2563456228 0.141116412381
-118.288617794 34.2343084445 0.139778884809
-118.241279626 34.2122523356 0.136592589023
-118.193965738 34.1901773407 0.129403318162
-118.146676134 34.1680835046 0.116613489145
-118.099410815 34.1459708718 0.10319313776
-118.052169785 34.1238394872 0.0864278329647
-118.004953047 34.1016893954 0.0708957410391
-117.957760264 34.0795206437 0.0596552411278
-117.910592117 34.0573332716 0.0515808933194
-117.863448269 34.0351273265 0.0422160927951
-117.816328722 34.0129028531 0.0298011397712
-117.769233478 33.9906598963 0.0127379460793
-117.722162539 33.9683985007 -0.00838588370043
-117.675115908 33.9461187112 -0.0305155664745
-117.628093586 33.9238205726 -0.0527719789524
-117.581095574 33.9015041296 -0.0745585855655
-117.534121875 33.879169427 -0.093760583156
-117.487172488 33.8568165097 -0.111406551574
-117.440247417 33.8344454225 -0.129860937541
-117.393346662 33.8120562101 -0.149248924713
-117.346470223 33.7896489175 -0.171047140539
-117.299618102 33.7672235895 -0.193842983342
-117.2527903 33.7447802709 -0.212889547561
-117.205986817 33.7223190065 -0.225846547063
-119.023031889 34.6240795263 0.0152253145043
-118.975288982 34.6023220417 0.0386660867201
-118.927570354 34.5805449467 0.0596059311533
-118.879876009 34.5587482859 0.0760314029329
-118.832205953 34.5369321038 0.0884374886417
-118.784560189 34.5150964451 0.100145232436
-118.736938724 34.4932413542 0.107156432403
-118.689341562 34.4713668759 0.112224852861
-118.641768706 34.4494730546 0.119298136306
-118.594220161 34.427559935 0.127414080112
-118.546695932 34.4056275618 0.138469873757
-118.499196023 34.3836759796 0.15343652864
-118.451720097 34.361705237 0.164975232066
-118.404268837 34.3397153706 0.172593271793
-118.356841909 34.3177064292 0.175667254949
-118.309439315 34.2956784575 0.176487464052
-118.262061059 34.2736315003 0.173721466016
-118.214707144 34.2515656021 0.168410297995
-118.167377573 34.2294808078 0.16080545529
-118.120072349 34.2073771621 0.154159339832
-118.072791475 34.1852547097 0.146085996011
-118.025534954 34.1631134954 0.135799961847
-117.978302789 34.140953564 0.12368022665
-117.931094643 34.1187749628 0.1130089549
-117.883911196 34.0965777313 0.106670481289
-117.836752112 34.074361917 0.0977497235792
-117.789617394 34.0521275648 0.0825560657579
-117.742507042 34.0298747195 0.0584311530186
-117.695421059 34.0076034258 0.0308018777576
-117.648359447 33.9853137287 0.00246182157822
-117.601322207 33.9630056729 -0.0258037636284
-117.554309341 33.9406793033 -0.0530209127362
-117.507320851 33.9183346648 -0.0768084628531
-117.460356738 33.8959718023 -0.0974773023697
-117.413417002 33.8735907606 -0.116644745987
-117.366501646 33.8511915845 -0.13587601426
-117.319610669 33.8287743191 -0.155528201299
-117.272744074 33.8063390091 -0.175118196043
-117.22590186 33.7838856995 -0.190413673519
-117.179084028 33.7614144352 -0.202406175619
-118.996711678 34.6635549813 0.063879561566
-118.948951982 34.6417878529 0.0926419343588
-118.90121663 34.620001103 0.114444040818
-118.853505626 34.5981947762 0.126441820015
-118.805818976 34.5763689172 0.13293880919
-118.758156684 34.5545235705 0.138474301063
-118.710518755 34.5326587808 0.144390469265
-118.662905193 34.5107745928 0.154022063733
-118.615316004 34.4888710511 0.159860524623
-118.56775119 34.4669482004 0.161958940302
-118.520210757 34.4450060854 0.167654441749
-118.472694708 34.4230447508 0.175455381384
-118.425202707 34.4010642453 0.185350513258
-118.377735438 34.3790646055 0.197752679273
-118.330292564 34.3570458804 0.203453705111
-118.282874089 34.3350081146 0.205346276295
-118.235480017 34.3129513529 0.201479860198
-118.188110349 34.2908756401 0.192090958114
-118.140765091 34.268781021 0.187132628875
-118.093444243 34.2466675403 0.188955526244
-118.046147811 34.224535243 0.187372238087
-117.998875795 34.2023841737 0.184331233402
-117.951628199 34.1802143774 0.176486159776
-117.904404686 34.1580259013 0.16656143883
-117.857205936 34.1358187853 0.16121908613
-117.810031613 34.1135930767 0.154126638125
-117.762881719 34.0913488204 0.135813001299
-117.715756256 34.0690860614 0.102713357782
-117.668655226 34.0468048444 0.0695136894447
-117.62157863 34.0245052145 0.0356597967047
-117.57452647 34.0021872165 0.00341380155263
-117.527498748 33.9798508952 -0.027815211011
-117.480495464 33.9574962957 -0.0547241146082
-117.433516621 33.9351234628 -0.075630005063
-117.386562219 33.9127324415 -0.0955047529429
-117.339632259 33.8903232767 -0.113971467456
-117.292726743 33.8678960134 -0.131063662793
-117.245845671 33.8454506965 -0.146678895
-117.198989043 33.822987371 -0.161222546692
-117.152156861 33.8005060818 -0.174879395633
-118.970367076 34.70302311 0.114308356357
-118.922590586 34.681246312 0.153091141171
-118.874838505 34.6594498814 0.178419699172
-118.827110839 34.6376338629 0.184079618761
-118.779407591 34.6157983011 0.184144643933
-118.731728767 34.5939432407 0.1860050963
-118.684074372 34.5720687265 0.190507940331
-118.636444408 34.5501748031 0.199050078168
-118.588838882 34.5282615153 0.202447877147
-118.541257797 34.5063289078 0.202993100087
-118.493701157 34.4843770254 0.205821250002
-118.446168966 34.4624059128 0.211790589658
-118.398660888 34.4404156188 0.220780200242
-118.351177606 34.4184061801 0.230505846938
-118.303718785 34.3963776456 0.234498066714
-118.256284427 34.3743300601 0.234929149346
-118.208874536 34.3522634685 0.230181795895
-118.161489115 34.3301779156 0.2237010988
-118.114128167 34.3080734462 0.222174277699
-118.066791695 34.2859501052 0.224989887484
-118.019479701 34.2638079374 0.225914327261
-117.972192189 34.2416469878 0.226593331852
-117.924929161 34.2194673012 0.22075526474
-117.87769028 34.1972689249 0.211783416961
-117.830476226 34.1750518989 0.206345720363
-117.783286664 34.1528162707 0.199184796004
-117.736121594 34.1305620851 0.177650447936
-117.688981019 34.1082893871 0.144428883026
-117.641864941 34.0859982216 0.11017923843
-117.594773361 34.0636886337 0.0767663789394
-117.54770628 34.0413606681 0.0443120722799
-117.500663701 34.01901437 0.0109544766736
-117.453645625 33.9966497843 -0.0176379850481
-117.406652052 33.974266956 -0.0416510738572
-117.359682983 33.95186593 -0.0623372280443
-117.312738421 33.9294467514 -0.0793513638275
-117.265818365 33.9070094651 -0.0934678613738
-117.218922817 33.8845541163 -0.106653833358
-117.172051776 33.8620807498 -0.122607616443
-117.125205244 33.8395894107 -0.145065601707
-118.943998122 34.7424883935 0.162754080791
-118.896204833 34.7207019002 0.217741624735
-118.848436018 34.6988957632 0.249996430584
-118.800691683 34.6770700273 0.246818239093
-118.752971832 34.6552247371 0.244145406641
-118.70527647 34.6333599374 0.244669438674
-118.657605601 34.611475673 0.246592247982
-118.60995923 34.5895719887 0.253490849738
-118.562337362 34.5676489292 0.255190452977
-118.51474 34.5457065393 0.255211201889
-118.467167148 34.523744864 0.257086098062
-118.41961881 34.5017639479 0.264370995907
-118.372094649 34.4797638397 0.270092769082
-118.324595351 34.4577445766 0.274704437045
-118.277120577 34.4357062073 0.274162656127
-118.229670332 34.4136487767 0.271827984499
-118.182244618 34.3915723298 0.267464947362
-118.134843438 34.3694769113 0.266064508325
-118.087466797 34.3473625662 0.265469098021
-118.040114696 34.3252293395 0.266094004038
-117.992787138 34.303077276 0.267285627119
-117.945484125 34.2809064206 0.269786960015
-117.898205661 34.2587168184 0.265939362679
-117.850951409 34.2365085166 0.258121472399
-117.803722048 34.2142815554 0.250741369319
-117.756517243 34.1920359822 0.241970820866
-117.709336994 34.169771842 0.219592872323
-117.662181304 34.1474891798 0.187665972568
-117.615050175 34.1251880406 0.155272348967
-117.567943608 34.1028684694 0.126843344937
-117.520861604 34.0805305113 0.0957486375993
-117.473804165 34.0581742111 0.0613751361167
-117.426771293 34.0357996141 0.0304368013351
-117.379762988 34.0134067652 0.00271973976314
-117.332779251 33.9909957094 -0.020214263018
-117.285820084 33.9685664919 -0.035888099538
-117.238885487 33.9461191577 -0.0505151796
-117.19197546 33.9236537518 -0.0612224473695
-117.145090005 33.9011703193 -0.0833164545921
-117.098229122 33.8786689054 -0.11935008168
-118.917604646 34.7819463001 0.200342775702
-118.869794553 34.7601500856 0.274647100102
-118.822009001 34.7383342164 0.320591834702
-118.774247993 34.7164987372 0.32841697844
-118.726511536 34.6946436928 0.333252674145
-118.678799632 34.6727691281 0.329004180516
-118.631112288 34.6508750877 0.331302035578
-118.583449507 34.6289616167 0.332226176518
-118.535811293 34.6070287598 0.334792754499
-118.488197651 34.5850765619 0.332539168045
-118.440608585 34.5631050679 0.336425981053
-118.393044097 34.5411143226 0.340113543945
-118.345503852 34.5191043748 0.343653633591
-118.297988534 34.4970752616 0.340080422776
-118.250497806 34.4750270319 0.335764859628
-118.203031672 34.4529597307 0.329017662901
-118.155590133 34.4308734028 0.32584069068
-118.108173194 34.4087680932 0.325473509116
-118.060780857 34.386643847 0.326000315089
-118.013413126 34.364500709 0.325291291473
-117.966070002 34.3423387242 0.32722509847
-117.918751488 34.3201579377 0.329197615763
-117.871457587 34.2979583945 0.327162359882
-117.824187962 34.2757401418 0.320394977138
-117.776943294 34.2535032199 0.311549660195
-117.729723244 34.2312476765 0.297851073672
-117.682527816 34.2089735563 0.273053885163
-117.635357011 34.1866809046 0.241179629798
-117.58821083 34.1643697664 0.210275144534
-117.541089276 34.1420401867 0.18445375615
-117.493992349 34.1196922107 0.155053594829
-117.446920051 34.0973258833 0.122640269243
-117.399872383 34.0749412498 0.0910654101372
-117.352849346 34.0525383551 0.0603882130031
-117.305850941 34.0301172444 0.0334122806926
-117.25887717 34.0076779629 0.00914245639207
-117.211928032 33.9852205555 -0.0125984377107
-117.165003528 33.9627450675 -0.0318220037375
-117.118103659 33.940251544 -0.0632721403709
-117.071228425 33.9177400302 -0.104528194805
-118.891186687 34.8214013107 0.212077959207
-118.843359785 34.7995953494 0.309676720821
-118.795557488 34.7777697222 0.36591610502
-118.747779802 34.7559244741 0.388573567247
-118.700026732 34.7340596498 0.40013326709
-118.652298282 34.7121752942 0.395107082588
-118.604594456 34.6902714523 0.398400171755
-118.556915259 34.668348169 0.399201609648
-118.509260695 34.646405489 0.403848281723
-118.461630768 34.6244434575 0.403157980464
-118.414025481 34.6024621192 0.4089629741
-118.366444839 34.5804615192 0.413052626828
-118.318888505 34.5584417061 0.415213019903
-118.271357163 34.5364027173 0.406110207692
-118.223850476 34.5143446017 0.400517686976
-118.176368447 34.4922674043 0.392047527443
-118.12891108 34.47017117 0.390789013152
-118.081478377 34.4480559439 0.393125288811
-118.034070341 34.425921771 0.394785229705
-117.986686975 34.4037686964 0.394372797625
-117.939328281 34.381596765 0.397638320459
-117.891994263 34.3594060219 0.40111482613
-117.844684922 34.3371965123 0.401650455951
-117.79739992 34.3149682833 0.396507033336
-117.75013994 34.2927213756 0.385408253852
-117.702904644 34.2704558365 0.367099343395
-117.655694033 34.2481717111 0.339213398081
-117.60850811 34.2258690446 0.304755127945
-117.561346875 34.2035478821 0.272419786131
-117.51421033 34.1812082687 0.249014798727
-117.467098478 34.1588502496 0.219400174757
-117.420011318 34.1364738698 0.188660013993
-117.372948852 34.1140791745 0.153816126763
-117.325911081 34.091666209 0.120219125532
-117.278898007 34.0692350183 0.0837090028707
-117.231909628 34.0467856475 0.0451787875123
-117.184945948 34.024318142 0.0114546458124
-117.138006965 34.0018325469 -0.0192690888733
-117.09109268 33.9793289073 -0.0570882314548
-117.044203094 33.9568072685 -0.101701489301
-118.864744076 34.8608488937 0.17808742089
-118.816900359 34.8390331595 0.251849959731
-118.769081315 34.8171977485 0.295562897145
-118.721286948 34.7953427055 0.331466386361
-118.673517262 34.7734680755 0.348728811557
-118.625772261 34.7515739034 0.361601762815
-118.578051951 34.7296602341 0.371802782319
-118.530356336 34.7077271126 0.386479165681
-118.482685419 34.6857745839 0.397884682201
-118.435039204 34.6638026929 0.409475436923
-118.387417695 34.6418114847 0.421341279355
-118.339820897 34.6198010042 0.434041141721
-118.292248471 34.5977713002 0.441111740229
-118.244701103 34.5757224102 0.442010910513
-118.197178455 34.553654383 0.444502593888
-118.14968053 34.5315672638 0.445271632951
-118.102207332 34.5094610975 0.45181444121
-118.054758864 34.4873359293 0.456149961856
-118.007335127 34.4651918042 0.462457917247
-117.959936125 34.4430287674 0.465432147837
-117.912561861 34.4208468638 0.476454432296
-117.865212336 34.3986461387 0.485654038097
-117.817887554 34.3764266372 0.493878076628
-117.770587175 34.3541884066 0.487895955118
-117.723311883 34.3319314875 0.478976605005
-117.67606134 34.3096559274 0.457695800409
-117.628835546 34.2873617714 0.430647799088
-117.581634503 34.2650490648 0.388754549822
-117.534458214 34.2427178527 0.35506218019
-117.48730668 34.2203681803 0.322516639322
-117.440179901 34.1980000928 0.288889718673
-117.39307788 34.1756136353 0.247723399084
-117.346000616 34.1532088531 0.205715803248
-117.298948112 34.1307857915 0.161275980431
-117.251920368 34.1083444955 0.113441128616
-117.204917384 34.0858850105 0.0615341170497
-117.157939161 34.0634073816 0.017512702391
-117.1109857 34.0409116542 -0.0209940098538
-117.064057001 34.0183978735 -0.0632252141167
-117.017153064 33.9958660847 -0.111378890866
-118.838276848 34.9002935298 0.101294742187
-118.790416312 34.8784679971 0.127998046817
-118.742580514 34.8566227765 0.15845443575
-118.694769459 34.8347579129 0.198892688268
-118.646983151 34.8128734514 0.229217613283
-118.599221595 34.790969437 0.256954403091
-118.551484795 34.7690459146 0.280755118783
-118.503772756 34.7471029293 0.309331691512
-118.45608548 34.7251405261 0.332636006896
-118.408422972 34.7031587501 0.355585365826
-118.360785237 34.6811576463 0.376926226896
-118.313172277 34.6591372598 0.399512176148
-118.265583754 34.6370976392 0.416415441058
-118.218020356 34.6150388223 0.43163371116
-118.170481742 34.5929608581 0.444837646258
-118.122967918 34.5708637915 0.459594445145
-118.075478885 34.5487476677 0.47150214306
-118.028014646 34.5266125319 0.479463856705
-117.980575205 34.5044584291 0.489561449021
-117.933160564 34.4822854046 0.499165688791
-117.885770725 34.4600935035 0.517711529423
-117.838405691 34.437882771 0.539847033767
-117.791065463 34.4156532522 0.55275702819
-117.743749705 34.3934049944 0.547503709451
-117.696459098 34.3711380386 0.538658243956
-117.649193303 34.3488524322 0.521422811616
-117.601952323 34.3265482203 0.492858392311
-117.55473616 34.3042254483 0.444595107026
-117.507544813 34.2818841613 0.405927685814
-117.460378286 34.2595244045 0.36590756867
-117.413236579 34.2371462234 0.324476146279
-117.366119694 34.214749663 0.270110231787
-117.319027631 34.1923347687 0.220288699339
-117.271960391 34.1699015857 0.165578869216
-117.224917975 34.1474501593 0.109985438708
-117.177900383 34.1249805349 0.0461927794639
-117.130907617 34.1024927576 -0.00275089748574
-117.083939676 34.0799868728 -0.0422179824027
-117.036996561 34.0574629258 -0.085032069844
-116.990078272 34.0349209619 -0.136218774999
-118.811784836 34.9397306873 0.0106038102041
-118.763907477 34.91789533 0.00940033651157
-118.716054922 34.8960402738 0.0274989220988
-118.668227177 34.8741655638 0.0654199869245
-118.620424244 34.8522712449 0.100852746897
-118.57264613 34.8303573623 0.131618482318
-118.524892837 34.808423961 0.159875664265
-118.47716437 34.7864710861 0.192080356888
-118.429460734 34.7644987826 0.218679332999
-118.381781931 34.7425070958 0.246471073129
-118.334127966 34.7204960706 0.269192073349
-118.286498842 34.6984657523 0.294619152737
-118.238894222 34.6764161894 0.31228573193
-118.19131479 34.6543474201 0.33378222821
-118.14376021 34.632259493 0.346776522928
-118.096230483 34.6101524535 0.364641745142
-118.048725614 34.5880263465 0.371917867517
-118.001245604 34.5658812175 0.385840097712
-117.953790457 34.5437171115 0.393310041098
-117.906360175 34.5215340737 0.411309819845
-117.858954761 34.4993321495 0.429975979509
-117.811574216 34.477111384 0.461875947552
-117.764218543 34.4548718224 0.470582571894
-117.716887404 34.4326135121 0.469995126097
-117.66958148 34.4103364941 0.454580149363
-117.622300435 34.3880408159 0.443230591214
-117.575044269 34.3657265227 0.409817879868
-117.527812983 34.3433936598 0.373742642246
-117.48060658 34.3210422726 0.331882458292
-117.43342506 34.2986724062 0.295797698613
-117.386268425 34.2762841061 0.247811299011
-117.339136676 34.2538774175 0.19923246291
-117.292029813 34.2314523858 0.146123208483
-117.244947838 34.2090090563 0.0958674465481
-117.197890751 34.1865474743 0.0387702281122
-117.150858553 34.1640676852 -0.017010879371
-117.103851244 34.1415697343 -0.0645758194857
-117.056868824 34.119053667 -0.10232512557
-117.009911294 34.0965195286 -0.141463091118
-116.962978654 34.0739673645 -0.175693273567
-118.785268074 34.979164847 -0.072018246556
-118.737373886 34.9573196393 -0.095454548498
-118.689504569 34.9354547218 -0.0867896148028
-118.641660126 34.9135701395 -0.0475040489283
-118.593840564 34.8916659375 -0.0148686771065
-118.546045885 34.8697421609 0.00987609541803
-118.498276094 34.8477988549 0.036192739206
-118.450531195 34.8258360646 0.0648012978406
-118.402811193 34.8038538352 0.0908167055761
-118.35511609 34.7818522118 0.11555451699
-118.30744589 34.7598312396 0.136925879043
-118.259800598 34.7377909638 0.155998121788
-118.212179874 34.7157314331 0.172948423586
-118.164584406 34.6936526856 0.189823946799
-118.117013854 34.6715547702 0.201140209004
-118.069468221 34.649437732 0.208562601465
-118.021947511 34.6273016164 0.215588273158
-117.974451727 34.6051464685 0.226620106464
-117.92698087 34.5829723337 0.236679701656
-117.879534944 34.5607792573 0.251705283227
-117.83211395 34.5385672844 0.273888863043
-117.784717891 34.5163364604 0.306043710377
-117.737346769 34.4940868306 0.315716553206
-117.690000246 34.4718184423 0.306715150133
-117.642679004 34.4495313368 0.29264917572
-117.595382704 34.4272255614 0.278788422862
-117.548111349 34.4049011615 0.253375891258
-117.500864939 34.3825581825 0.226204967416
-117.453643476 34.3601966696 0.192052139131
-117.406446961 34.3378166683 0.15763452026
-117.359275396 34.315418224 0.116302398405
-117.31212878 34.2930013819 0.0751235508525
-117.265007116 34.2705661876 0.0299348924545
-117.217910404 34.2481126863 -0.0130876352273
-117.170838644 34.2256409235 -0.0600873294285
-117.123791837 34.2031509445 -0.102923102973
-117.076769984 34.1806427948 -0.144025700379
-117.029773084 34.1581165198 -0.180791260054
-116.982801138 34.135572165 -0.207402646055
-116.935854145 34.1130097756 -0.216459382865
-118.758726398 35.0185914768 -0.133051382958
-118.710815377 34.9967363928 -0.15428118781
-118.662929294 34.9748615879 -0.145772818117
-118.615068152 34.9529671074 -0.118953444408
-118.567231955 34.9310529963 -0.0923467409656
-118.51942071 34.9091192999 -0.0715625170758
-118.471634418 34.8871660633 -0.046720675787
-118.423873085 34.8651933318 -0.0233228799711
-118.376136713 34.8432011505 0.0013853119008
-118.328425308 34.8211895648 0.0216473287008
-118.280738872 34.7991586198 0.0419150455691
-118.233077409 34.7771083608 0.056606501143
-118.18544058 34.7550388363 0.0732248076884
-118.137829073 34.732950085 0.0847190408815
-118.090242548 34.7108421554 0.0953625290626
-118.042681008 34.688715093 0.0988719061739
-117.995144456 34.666568943 0.108235174845
-117.947632895 34.6444037507 0.115649865727
-117.900146327 34.6222195615 0.128935221905
-117.852684755 34.6000164207 0.141126709697
-117.805248181 34.5777943737 0.165009797364
-117.757836608 34.5555534657 0.186596582489
-117.710450036 34.5332937422 0.194912848379
-117.663088128 34.5110152503 0.184580550593
-117.615751567 34.4887180317 0.175116190194
-117.568440013 34.4664021337 0.158602675307
-117.521153468 34.4440676016 0.140713931312
-117.473891934 34.421714481 0.115455348892
-117.426655411 34.3993428172 0.0888238134602
-117.379443902 34.3769526556 0.0556612837548
-117.332257406 34.3545440417 0.0224540553221
-117.285095925 34.3321170208 -0.0151599044016
-117.23795946 34.3096716385 -0.0514530361717
-117.190848011 34.2872079402 -0.0900418409436
-117.14376158 34.2647259713 -0.126762906445
-117.096700165 34.2422257772 -0.163150266136
-117.049663768 34.2197074036 -0.196073473052
-117.002652389 34.1971708957 -0.226332926117
-116.955666028 34.1746162992 -0.241261838175
-116.908704685 34.1520436595 -0.245339310102
