-119.336999976 34.1500010364 -0.414745738533
-119.289458115 34.1283572771 -0.418676738572
-119.241939758 34.1066940424 -0.419394103859
-119.194444913 34.0850113761 -0.414930091328
-119.146973585 34.063309322 -0.401666906566
-119.099525778 34.041587924 -0.37917299505
-119.052101499 34.019847226 -0.353602898926
-119.004700752 33.9980872718 -0.328513243663
-118.957323543 33.9763081053 -0.304966686502
-118.909969877 33.9545097704 -0.282807534849
-118.86263942 33.9326923162 -0.261637678657
-118.815332853 33.9108557762 -0.241424917189
-118.768049843 33.8890001996 -0.222674245882
-118.720790395 33.8671256304 -0.205967154351
-118.673554511 33.8452321126 -0.19162059354
-118.626342198 33.8233196901 -0.179825868923
-118.579153458 33.801388407 -0.17095339642
-118.531988297 33.7794383072 -0.165791303073
-118.484846717 33.7574694348 -0.165692809642
-118.437728722 33.7354818338 -0.171993838453
-118.390634316 33.7134755483 -0.166668537778
-118.343563503 33.6914506223 -0.152685158361
-118.296516285 33.6694071 -0.147083916966
-118.24949233 33.6473450287 -0.142842377195
-118.202492314 33.6252644457 -0.14206323424
-118.155515903 33.6031653985 -0.145984233944
-118.1085631 33.5810479314 -0.154724970553
-118.061633908 33.5589120884 -0.16789609685
-118.01472833 33.5367579137 -0.184506135959
-117.967846367 33.5145854513 -0.203525469723
-117.920988023 33.4923947456 -0.224398557479
-117.8741533 33.4701858406 -0.247022928003
-117.827342199 33.4479587805 -0.271520710314
-117.780554724 33.4257136095 -0.297916763382
-117.733790875 33.4034503717 -0.325813234262
-117.687050655 33.3811691115 -0.354547743952
-117.640334066 33.358869873 -0.383155716467
-117.593641108 33.3365527004 -0.40936526647
-117.546971785 33.314217638 -0.42749735179
-117.500326096 33.2918647299 -0.435039105293
-119.310966774 34.1895354099 -0.40463434407
-119.263408189 34.1678823141 -0.409959476393
-119.215873173 34.1462097316 -0.411256408921
-119.168361732 34.1245177061 -0.407176817155
-119.120873871 34.1028062817 -0.390112795144
-119.073409595 34.0810755023 -0.360472106925
-119.02596891 34.0593254116 -0.330792338354
-118.978551822 34.0375560537 -0.304027330174
-118.931158334 34.0157674726 -0.27995962062
-118.883788453 33.9939597122 -0.257469484483
-118.836441844 33.9721328215 -0.235502620236
-118.789119188 33.9502868343 -0.213954905508
-118.741820153 33.9284217997 -0.193997535276
-118.694544742 33.9065377619 -0.176444924166
-118.64729296 33.8846347647 -0.161298825596
-118.600064768 33.8627105985 -0.148341444036
-118.552860257 33.8407698149 -0.137675055916
-118.505679386 33.8188102042 -0.129939016272
-118.458522159 33.7968318106 -0.126130602507
-118.411388581 33.774834678 -0.126136557982
-118.364278655 33.7528188505 -0.11245778415
-118.317192384 33.7307843724 -0.110984912367
-118.270129771 33.7087312878 -0.114563872265
-118.223090483 33.686659644 -0.111483422175
-118.176075197 33.6645694785 -0.113015062979
-118.129083578 33.6424608389 -0.119349288571
-118.08211563 33.6203337694 -0.130792124609
-118.035171355 33.5981883141 -0.147158400883
-117.988250756 33.5760245173 -0.166579971405
-117.941353835 33.5538424231 -0.187599772806
-117.894480595 33.5316420757 -0.209839948828
-117.847631038 33.5094235195 -0.233538498985
-117.800805165 33.4871867986 -0.25923312759
-117.75400298 33.4649319572 -0.287364953704
-117.707224483 33.4426590396 -0.317234011488
-117.660469677 33.4203680901 -0.348264996554
-117.613738564 33.3980591529 -0.380088444014
-117.567031144 33.3757322724 -0.411536566357
-117.520347419 33.3533874927 -0.4301338092
-117.473687391 33.3310248582 -0.432542063816
-119.284909948 34.229062758 -0.39048865214
-119.237334634 34.2074003001 -0.397338806336
-119.189782954 34.1857183442 -0.397164590647
-119.142254913 34.1640169341 -0.386114779473
-119.094750515 34.1422961138 -0.362553936521
-119.047269766 34.1205559273 -0.330983469909
-118.999812672 34.0987964186 -0.300230038398
-118.952379238 34.0770176317 -0.274319046163
-118.904969468 34.0552196105 -0.251207828382
-118.857583368 34.0334023991 -0.229360331287
-118.810220604 34.0115660465 -0.206761053421
-118.762881857 33.9897105866 -0.183389317065
-118.715566793 33.9678360688 -0.162502350912
-118.668275416 33.9459425369 -0.144731885557
-118.621007732 33.9240300352 -0.129211212068
-118.573763743 33.9020986076 -0.114968770652
-118.526543455 33.8801482985 -0.101667220123
-118.47934687 33.8581791518 -0.0895386896388
-118.432173992 33.8361912116 -0.0779540563389
-118.385024826 33.8141845223 -0.061573557956
-118.337899375 33.7921591279 -0.0412361542768
-118.290797641 33.7701150725 -0.0624465264076
-118.243719629 33.7480524005 -0.074892744105
-118.196665003 33.7259711592 -0.079623968076
-118.149634443 33.7038713862 -0.0852649196019
-118.102627612 33.6817531292 -0.094496815299
-118.055644515 33.6596164323 -0.108807620428
-118.008685154 33.6374613397 -0.129476363441
-117.96174953 33.6152878958 -0.15163170231
-117.914837647 33.5930961448 -0.174037656004
-117.867949508 33.570886131 -0.196923150631
-117.821085113 33.5486578986 -0.22085398241
-117.774244465 33.526411492 -0.246747325011
-117.727427567 33.5041469553 -0.276309906987
-117.680634419 33.4818643331 -0.306982642034
-117.633865024 33.4595636695 -0.338778861661
-117.587119383 33.4372450088 -0.371765037106
-117.540397498 33.4149083955 -0.40338605417
-117.49369937 33.3925538738 -0.420651246639
-117.447025 33.3701814881 -0.423763624236
-119.258829555 34.2685875614 -0.370015914268
-119.211237506 34.246915716 -0.378710178412
-119.163669155 34.2252243613 -0.374179429491
-119.116124506 34.2035135412 -0.35211395014
-119.068603565 34.1817832997 -0.324041426241
-119.021106337 34.1600336808 -0.291400344463
-118.973632828 34.1382647287 -0.262983271566
-118.926183041 34.1164764873 -0.240483008397
-118.878756983 34.0946690007 -0.218920011488
-118.831354658 34.072842313 -0.198144094009
-118.783975733 34.0509964733 -0.174325391798
-118.736620888 34.0291315156 -0.14865752443
-118.68928979 34.0072474891 -0.128218486793
-118.641982443 33.985344438 -0.111623071878
-118.594698851 33.9634224064 -0.0966828850086
-118.547439018 33.9414814386 -0.0813973668475
-118.500202948 33.9195215785 -0.0652091519112
-118.452990646 33.8975428705 -0.0488850100611
-118.405802113 33.8755453588 -0.0331120633525
-118.358637356 33.8535290875 -0.0177054085604
-118.311496375 33.8314941009 -0.0116360961832
-118.264379176 33.8094404432 -0.0269334288686
-118.217285761 33.7873681587 -0.0438145209124
-118.170215796 33.7652772948 -0.0551496764427
-118.123169958 33.7431678892 -0.0650936908551
-118.076147913 33.7210399896 -0.0763431298244
-118.029149664 33.6988936402 -0.0930383320095
-117.982175213 33.6767288854 -0.118950478324
-117.935224563 33.6545457694 -0.142362199766
-117.888297716 33.6323443366 -0.1647244969
-117.841394674 33.6101246313 -0.188021255347
-117.79451544 33.5878866978 -0.211414234869
-117.747660015 33.5656305805 -0.235917555612
-117.700828402 33.5433563238 -0.266065815016
-117.654020602 33.5210639719 -0.294818817042
-117.607236616 33.4987535693 -0.325157019635
-117.560476447 33.4764251603 -0.357146422826
-117.513740095 33.4540787894 -0.387705959451
-117.467027562 33.4317145009 -0.405568130434
-117.42033885 33.4093323392 -0.40957448979
-119.23272541 34.3081052896 -0.340025931369
-119.185116623 34.2864240311 -0.343167618224
-119.137531596 34.264723252 -0.331908057204
-119.089970336 34.2430029963 -0.307008751453
-119.042432848 34.221263308 -0.277923849431
-118.994919136 34.1995042312 -0.248430164928
-118.947429207 34.1777258102 -0.224237720979
-118.899963065 34.1559280888 -0.204625996049
-118.852520715 34.1341111114 -0.183323744954
-118.805102162 34.112274922 -0.158537605943
-118.757707072 34.0904195696 -0.132275417892
-118.710336127 34.0685450886 -0.109296656193
-118.662988991 34.0466515282 -0.0919265376619
-118.61566567 34.0247389324 -0.0785520433146
-118.568366168 34.0028073457 -0.0657434999442
-118.521090488 33.9808568121 -0.0499157896041
-118.473838635 33.9588873759 -0.0310288674781
-118.426610612 33.9368990813 -0.0117123069893
-118.379406423 33.9148919727 0.00310943533918
-118.332226072 33.8928660942 0.00876847114337
-118.285069561 33.8708214902 0.00340689528546
-118.237936894 33.8487582049 -0.0138383216377
-118.190828074 33.8266762826 -0.0342673207407
-118.143742767 33.8045757709 -0.051381822619
-118.09668165 33.7824567076 -0.0663795783502
-118.04964439 33.7603191403 -0.0787304188224
-118.002630987 33.7381631134 -0.0974627247936
-117.955641446 33.7159886712 -0.121179786911
-117.908675768 33.693795858 -0.143425469407
-117.861733956 33.6715847184 -0.163338804858
-117.814816012 33.6493552966 -0.189253724618
-117.767921937 33.627107637 -0.215511752011
-117.721051735 33.604841784 -0.236023518858
-117.674205406 33.5825577822 -0.257354732708
-117.627382952 33.5602556757 -0.280646066455
-117.580584376 33.5379355092 -0.307655115666
-117.533809678 33.515597327 -0.338100488354
-117.487058859 33.4932411736 -0.368211904346
-117.440331922 33.4708670934 -0.386197846598
-117.393628867 33.4484751309 -0.391063350084
-119.20659757 34.3476204235 -0.300643381788
-119.158972036 34.3259297264 -0.296352717119
-119.111370328 34.3042194974 -0.280574303961
-119.063792449 34.2824897806 -0.25412625602
-119.016238407 34.2607406202 -0.227342578616
-118.968708206 34.2389720601 -0.202889990253
-118.921201851 34.2171841447 -0.183072632623
-118.873719348 34.1953769181 -0.167349716709
-118.8262607 34.1735504244 -0.144586623657
-118.778825913 34.1517047079 -0.112750430391
-118.731414652 34.1298398176 -0.0862819590853
-118.6840276 34.107955788 -0.0681608565395
-118.636664422 34.0860526683 -0.0555847682745
-118.589325122 34.0641305027 -0.0472356976766
-118.542009704 34.0421893354 -0.038997574055
-118.494718173 34.0202292109 -0.0230764271829
-118.447450531 33.9982501733 -0.00238972838431
-118.400206783 33.9762522669 0.0198834470234
-118.352986932 33.9542355362 0.0308204525993
-118.305790982 33.9322000253 0.0257666082465
-118.258618936 33.9101457787 0.0102396204265
-118.211470797 33.8880728407 -0.0151897344166
-118.164346568 33.8659812556 -0.0386750856337
-118.117245915 33.843871071 -0.0618213183206
-118.070169516 33.8217423248 -0.0786681760146
-118.023117035 33.7995950648 -0.0907754460179
-117.976088476 33.7774293352 -0.107401388216
-117.929083841 33.7552451806 -0.128042619037
-117.882103131 33.7330426453 -0.147088193853
-117.835146351 33.7108217738 -0.161589335861
-117.7882135 33.6885826105 -0.189386864308
-117.741304582 33.6663251999 -0.219729866901
-117.694419599 33.6440495864 -0.234062778143
-117.647558552 33.6217558144 -0.244214115339
-117.600721442 33.5994439286 -0.262026693503
-117.553908272 33.5771139732 -0.285747311645
-117.507119043 33.554765993 -0.314827327176
-117.460353756 33.5324000322 -0.346395751
-117.413612411 33.5100161355 -0.364471179095
-117.366895012 33.4876143474 -0.368238366627
-119.180445852 34.3871284322 -0.25507821884
-119.132803567 34.365428271 -0.242800864021
-119.085185172 34.3437085665 -0.222519116283
-119.037590672 34.321969363 -0.197628363216
-118.990020072 34.3002107047 -0.17497615247
-118.942473377 34.2784326358 -0.156837989977
-118.894950593 34.2566352005 -0.140733780879
-118.847451724 34.234818443 -0.123122354091
-118.799976775 34.2129824076 -0.0986425974746
-118.752525751 34.1911271386 -0.0703939325312
-118.705098317 34.1692526848 -0.0467080031714
-118.657695155 34.1473590812 -0.0292792949881
-118.610315931 34.1254463767 -0.0228356292722
-118.56296065 34.1035146158 -0.0176405307734
-118.515629314 34.0815638427 -0.0171726779807
-118.468321928 34.0595941018 -0.00439445292028
-118.421038495 34.0376054374 0.0166217004059
-118.37377902 34.015597894 0.0375394204653
-118.326543505 33.9935715158 0.0407967364297
-118.279331954 33.9715263473 0.0284619915367
-118.232144371 33.9494624328 0.00491849406559
-118.184980758 33.9273798168 -0.0246756040218
-118.137841119 33.9052785437 -0.045214861203
-118.090725118 33.8831586609 -0.0652164774585
-118.043633435 33.8610202067 -0.0797746718927
-117.996565733 33.8388632287 -0.0908638387792
-117.949522015 33.8166877714 -0.10394812528
-117.902502285 33.7944938792 -0.120663823928
-117.855506543 33.7722815967 -0.136921421339
-117.808534793 33.7500509682 -0.154978551428
-117.761587036 33.7278020384 -0.1796874881
-117.714663274 33.7055348516 -0.201518129795
-117.667763509 33.6832494525 -0.213018928079
-117.620887743 33.6609458855 -0.222485781197
-117.574035977 33.6386241952 -0.239092784962
-117.527208214 33.6162844262 -0.26240502618
-117.480404453 33.5939266229 -0.290443702907
-117.433624696 33.5715508299 -0.317557330953
-117.386868946 33.5491570918 -0.333698116859
-117.340137201 33.5267454532 -0.340678667656
-119.154270307 34.4266337968 -0.20693050791
-119.106611265 34.4049241458 -0.187033997417
-119.058976177 34.3831949403 -0.163955960092
-119.011365048 34.3614462247 -0.140597569451
-118.963777884 34.3396780431 -0.122405497509
-118.91621469 34.3178904399 -0.111949519308
-118.86867547 34.2960834592 -0.0977512766773
-118.82116023 34.2742571455 -0.0760821030648
-118.773668974 34.2524115429 -0.053358545788
-118.726201706 34.2305466959 -0.0327637340909
-118.678758093 34.2086626534 -0.0126020793792
-118.631338816 34.1867594503 0.00198075587192
-118.583943542 34.1648371358 0.00586026334127
-118.536572273 34.1428957542 0.00999408033187
-118.489225013 34.12093535 0.0122522429248
-118.441901768 34.0989559675 0.0169153905777
-118.394602539 34.0769576511 0.0325381784637
-118.347327332 34.0549404452 0.0490833581557
-118.300076148 34.0329043944 0.0457389576384
-118.252848993 34.010849543 0.0261102399239
-118.205645868 33.9887759355 0.00121181740173
-118.158466777 33.9666836163 -0.0241856355682
-118.111311723 33.9445726299 -0.0411204191597
-118.064180371 33.9224430238 -0.0566465226901
-118.017073399 33.9002948365 -0.0696055877577
-117.969990472 33.8781281155 -0.0778923008007
-117.922931593 33.8559429053 -0.0882297253915
-117.875896763 33.8337392505 -0.09994960563
-117.828885986 33.8115171957 -0.117075926463
-117.781899263 33.7892767852 -0.142172034417
-117.734936596 33.7670180638 -0.161826254616
-117.687997987 33.744741076 -0.171701089347
-117.641083438 33.7224458663 -0.181767353269
-117.59419295 33.7001324793 -0.193593967022
-117.547326526 33.6778009596 -0.211001126496
-117.500484165 33.6554513519 -0.236399546487
-117.453665871 33.6330837006 -0.261983498442
-117.406871643 33.6106980506 -0.282616850898
-117.360101483 33.5882944462 -0.299110798143
-117.313355392 33.5658729322 -0.31052208882
-119.128070757 34.4661319862 -0.16019043349
-119.080394953 34.4444128197 -0.136653241233
-119.032743168 34.4226740877 -0.112056879938
-118.985115407 34.4009158342 -0.0887129298571
-118.937511675 34.3791381037 -0.0741221110996
-118.889931977 34.3573409405 -0.0666951044092
-118.842376318 34.335524389 -0.053893375785
-118.794844703 34.3136884934 -0.0343713059711
-118.747337136 34.2918332981 -0.0147870146934
-118.699853622 34.2699588476 0.00347318819553
-118.652393827 34.2480651908 0.0198397378764
-118.604958772 34.2261523583 0.0302688229238
-118.557547104 34.2042204127 0.0359178511298
-118.510159845 34.182269385 0.0359565240504
-118.46279666 34.1602993242 0.0361052941064
-118.415457552 34.1383102746 0.0405055607921
-118.368142526 34.1163022808 0.0515065586634
-118.320851584 34.0942753872 0.0600746719327
-118.27358473 34.0722296383 0.0572482185765
-118.226341967 34.0501650787 0.0335468870295
-118.179123299 34.0280817528 0.0144035045891
-118.131928728 34.0059797052 -0.00135805410767
-118.084758258 33.9838589803 -0.0168983300494
-118.037611553 33.9617196257 -0.0345422625882
-117.990489291 33.93956168 -0.0462290884327
-117.943391138 33.9173851907 -0.0546596900973
-117.896317096 33.8951902025 -0.0639186055489
-117.849267167 33.8729767599 -0.076606115977
-117.802241353 33.8507449075 -0.0939618369361
-117.755239656 33.82849469 -0.11303051666
-117.708262079 33.8062261519 -0.126341944799
-117.661308622 33.7839393379 -0.136759647263
-117.614379288 33.7616342925 -0.148671799114
-117.567474079 33.7393110605 -0.160358080824
-117.520592995 33.7169696865 -0.177480858151
-117.473736039 33.6946102151 -0.20146654061
-117.42690321 33.672232691 -0.224153886429
-117.380094511 33.6498371588 -0.245213327248
-117.333309943 33.6274236633 -0.263899236823
-117.286549505 33.6049922491 -0.280843923864
-119.10184725 34.5056274814 -0.116851155183
-119.054154678 34.4838987739 -0.0918721558934
-119.006486189 34.4621504896 -0.0661462337504
-118.958841789 34.4403826728 -0.0405975936869
-118.911221483 34.4185953679 -0.0270939785835
-118.863625275 34.3967886193 -0.023606208346
-118.816053171 34.3749624713 -0.0133314335512
-118.768505175 34.3531169684 0.00286433872729
-118.720981292 34.331252155 0.0199026434382
-118.673481527 34.3093680755 0.038068253071
-118.626005883 34.2874647745 0.0518216089074
-118.578554365 34.2655422963 0.0594417955781
-118.531126638 34.2436006897 0.0634758728205
-118.483723384 34.2216399906 0.0605859276687
-118.436344268 34.1996602478 0.0583166888337
-118.388989293 34.1776615058 0.0658754633009
-118.341658464 34.1556438093 0.0730064064342
-118.294351783 34.1336072026 0.0776995727412
-118.247069254 34.1115517305 0.0680906786483
-118.19981088 34.0894774373 0.0492811646411
-118.152576664 34.0673843678 0.034863215603
-118.105366609 34.0452725665 0.0274365801235
-118.058180718 34.0231420779 0.0106547323048
-118.011018656 34.0009929496 -0.00559738622559
-117.963881102 33.9788252203 -0.0155091590774
-117.916767719 33.9566389376 -0.0237427559154
-117.86967851 33.9344341463 -0.0333960733825
-117.822613478 33.9122108908 -0.0503393842977
-117.775572624 33.8899692158 -0.0649544846625
-117.72855595 33.8677091661 -0.0732042626426
-117.681563459 33.8454307863 -0.0853957077685
-117.634595152 33.8231341211 -0.100673370867
-117.587651031 33.8008192151 -0.115430561683
-117.540731097 33.778486113 -0.127446981089
-117.493835351 33.7561348596 -0.144523276354
-117.446963796 33.7337654996 -0.166286569848
-117.400116431 33.7113780776 -0.188121010588
-117.353293259 33.6889726385 -0.211635277256
-117.306494279 33.6665492269 -0.23269808083
-117.259719494 33.6441078875 -0.255236337376
-119.075599609 34.5451157512 -0.0769555008531
-119.027890264 34.523377477 -0.0527152079581
-118.980205068 34.5016196148 -0.0277675557028
-118.932544025 34.479842209 -0.00279145414526
-118.884907141 34.458045304 0.0108887551714
-118.83729442 34.4362289442 0.0170854990229
-118.789705867 34.4143931742 0.0264333491508
-118.742141487 34.3925380384 0.0381120289952
-118.694601285 34.3706635812 0.051602722284
-118.647085264 34.3487698472 0.066109799978
-118.59959343 34.326856881 0.0776255624317
-118.552125786 34.3049247269 0.0860568009857
-118.504681997 34.2829734338 0.0923483665537
-118.457262745 34.2610030377 0.0929678556944
-118.409867696 34.2390135875 0.0873539046216
-118.362496852 34.2170051277 0.0946044643213
-118.315150218 34.1949777029 0.0995090561689
-118.267827795 34.1729313578 0.0995045948697
-118.220529589 34.150866137 0.0917040902699
-118.173255602 34.128782085 0.0760681228943
-118.126005837 34.1066792465 0.0644470851244
-118.078780297 34.0845576662 0.0533426490393
-118.031578984 34.0624173886 0.0317453989952
-117.984401564 34.0402584612 0.0256350550675
-117.937248715 34.0180809231 0.0178370841156
-117.890120101 33.9958848218 0.0104909747024
-117.843015725 33.973670202 0.000153587910822
-117.795935588 33.9514371084 -0.0139968864533
-117.748879694 33.9291855858 -0.026572538254
-117.701848043 33.9069156787 -0.0387825435111
-117.654840638 33.884627432 -0.0562192254977
-117.60785748 33.8623208904 -0.0745983434065
-117.56089857 33.8399960987 -0.0934570813542
-117.513963912 33.8176531015 -0.110939914192
-117.467053504 33.7952919437 -0.131270705599
-117.42016735 33.77291267 -0.151599955376
-117.37330545 33.7505153252 -0.173767337637
-117.326467804 33.7280999541 -0.194811375325
-117.279654414 33.7056666015 -0.215763050645
-117.232865281 33.6832153121 -0.235625200021
-119.04932788 34.5846012766 -0.0390280186058
-119.001601757 34.5628534101 -0.0171635820265
-118.953899846 34.5410859444 0.00617131133322
-118.906222154 34.5192989239 0.0299730053271
-118.858568686 34.4974923933 0.0442582526876
-118.810939445 34.4756663969 0.0541785748542
-118.763334438 34.4538209793 0.0622109251881
-118.715753669 34.431956185 0.0690943965947
-118.668197141 34.4100720586 0.0784182396718
-118.62066486 34.3881686446 0.0885885255495
-118.57315683 34.3662459877 0.0995510769754
-118.525673054 34.3443041323 0.111003811579
-118.478213198 34.3223431273 0.119429760346
-118.430777944 34.3003630088 0.127663370732
-118.383366956 34.2783638257 0.128392437812
-118.335980238 34.2563456228 0.131501458434
-118.288617794 34.2343084445 0.132370023489
-118.241279626 34.2122523356 0.127842800999
-118.193965738 34.1901773407 0.119412719114
-118.146676134 34.1680835046 0.10703091144
-118.099410815 34.1459708718 0.0981302824896
-118.052169785 34.1238394872 0.0893871164883
-118.004953047 34.1016893954 0.0765508577771
-117.957760264 34.0795206437 0.0639661332747
-117.910592117 34.0573332716 0.0539063216698
-117.863448269 34.0351273265 0.0464273805564
-117.816328722 34.0129028531 0.0376670877883
-117.769233478 33.9906598963 0.0284240067726
-117.722162539 33.9683985007 0.0126806395703
-117.675115908 33.9461187112 -0.0109243404472
-117.628093586 33.9238205726 -0.0353672391222
-117.581095574 33.9015041296 -0.0591636548404
-117.534121875 33.879169427 -0.0830937383268
-117.487172488 33.8568165097 -0.107093093156
-117.440247417 33.8344454225 -0.128776417022
-117.393346662 33.8120562101 -0.149306264438
-117.346470223 33.7896489175 -0.169369703286
-117.299618102 33.7672235895 -0.186989093236
-117.2527903 33.7447802709 -0.204325407751
-117.205986817 33.7223190065 -0.218399775333
-119.023031889 34.6240795263 -0.000120765562921
-118.975288982 34.6023220417 0.0235892232189
-118.927570354 34.5805449467 0.0458497505153
-118.879876009 34.5587482859 0.0635939754219
-118.832205953 34.5369321038 0.0743807408462
-118.784560189 34.5150964451 0.0831081936847
-118.736938724 34.4932413542 0.0884507633824
-118.689341562 34.4713668759 0.0930611969514
-118.641768706 34.4494730546 0.0992663558373
-118.594220161 34.427559935 0.108119089647
-118.546695932 34.4056275618 0.118768468665
-118.499196023 34.3836759796 0.13094106812
-118.451720097 34.361705237 0.141561343046
-118.404268837 34.3397153706 0.151587128596
-118.356841909 34.3177064292 0.156023152172
-118.309439315 34.2956784575 0.158093606941
-118.262061059 34.2736315003 0.155451231302
-118.214707144 34.2515656021 0.148734012267
-118.167377573 34.2294808078 0.140604649047
-118.120072349 34.2073771621 0.134235035243
-118.072791475 34.1852547097 0.130578230557
-118.025534954 34.1631134954 0.128115996201
-117.978302789 34.140953564 0.120799802493
-117.931094643 34.1187749628 0.107035518998
-117.883911196 34.0965777313 0.0950240119909
-117.836752112 34.074361917 0.0872118480729
-117.789617394 34.0521275648 0.0788982586671
-117.742507042 34.0298747195 0.066684148655
-117.695421059 34.0076034258 0.0450861818157
-117.648359447 33.9853137287 0.015483849334
-117.601322207 33.9630056729 -0.0153061444716
-117.554309341 33.9406793033 -0.0461470655067
-117.507320851 33.9183346648 -0.0742309218635
-117.460356738 33.8959718023 -0.0979503967134
-117.413417002 33.8735907606 -0.117859149851
-117.366501646 33.8511915845 -0.137086616341
-117.319610669 33.8287743191 -0.154522956464
-117.272744074 33.8063390091 -0.17129787322
-117.22590186 33.7838856995 -0.186255472081
-117.179084028 33.7614144352 -0.199012901899
-118.996711678 34.6635549813 0.0410171789938
-118.948951982 34.6417878529 0.0693335725774
-118.90121663 34.620001103 0.0901851090834
-118.853505626 34.5981947762 0.0994836584448
-118.805818976 34.5763689172 0.104560202172
-118.758156684 34.5545235705 0.11029556097
-118.710518755 34.5326587808 0.113228683484
-118.662905193 34.5107745928 0.115511380033
-118.615316004 34.4888710511 0.119854697408
-118.56775119 34.4669482004 0.128524986912
-118.520210757 34.4450060854 0.138243408135
-118.472694708 34.4230447508 0.148769636219
-118.425202707 34.4010642453 0.159684863468
-118.377735438 34.3790646055 0.171095104165
-118.330292564 34.3570458804 0.176263650618
-118.282874089 34.3350081146 0.177306941688
-118.235480017 34.3129513529 0.172879835249
-118.188110349 34.2908756401 0.163898774925
-118.140765091 34.268781021 0.158959469217
-118.093444243 34.2466675403 0.159545817694
-118.046147811 34.224535243 0.161065700743
-117.998875795 34.2023841737 0.164241625385
-117.951628199 34.1802143774 0.159033368556
-117.904404686 34.1580259013 0.144758655116
-117.857205936 34.1358187853 0.135045392863
-117.810031613 34.1135930767 0.129463739679
-117.762881719 34.0913488204 0.119740772676
-117.715756256 34.0690860614 0.101525035954
-117.668655226 34.0468048444 0.0753785788326
-117.62157863 34.0245052145 0.0418581682245
-117.57452647 34.0021872165 0.0063824000045
-117.527498748 33.9798508952 -0.0314009395418
-117.480495464 33.9574962957 -0.0605015851457
-117.433516621 33.9351234628 -0.0790535335574
-117.386562219 33.9127324415 -0.0967181455853
-117.339632259 33.8903232767 -0.113294731
-117.292726743 33.8678960134 -0.129598100574
-117.245845671 33.8454506965 -0.146875372392
-117.198989043 33.822987371 -0.162392883735
-117.152156861 33.8005060818 -0.176040234127
-118.970367076 34.70302311 0.0831820447745
-118.922590586 34.681246312 0.119710290082
-118.874838505 34.6594498814 0.142251282753
-118.827110839 34.6376338629 0.145047342578
-118.779407591 34.6157983011 0.144966995243
-118.731728767 34.5939432407 0.147593944118
-118.684074372 34.5720687265 0.148126987652
-118.636444408 34.5501748031 0.148214929911
-118.588838882 34.5282615153 0.150750868799
-118.541257797 34.5063289078 0.157913526727
-118.493701157 34.4843770254 0.166352310892
-118.446168966 34.4624059128 0.176298434338
-118.398660888 34.4404156188 0.186413142401
-118.351177606 34.4184061801 0.195390232546
-118.303718785 34.3963776456 0.197530966392
-118.256284427 34.3743300601 0.195382626107
-118.208874536 34.3522634685 0.189517816405
-118.161489115 34.3301779156 0.185025245178
-118.114128167 34.3080734462 0.184403467409
-118.066791695 34.2859501052 0.186980384459
-118.019479701 34.2638079374 0.190160185212
-117.972192189 34.2416469878 0.193994443663
-117.924929161 34.2194673012 0.187928198181
-117.87769028 34.1972689249 0.174763019876
-117.830476226 34.1750518989 0.170431557005
-117.783286664 34.1528162707 0.167470524414
-117.736121594 34.1305620851 0.155232168804
-117.688981019 34.1082893871 0.133319576369
-117.641864941 34.0859982216 0.103797133088
-117.594773361 34.0636886337 0.0697451653809
-117.54770628 34.0413606681 0.033724404059
-117.500663701 34.01901437 -0.0023797776508
-117.453645625 33.9966497843 -0.029484008643
-117.406652052 33.974266956 -0.0485869493116
-117.359682983 33.95186593 -0.0655348652844
-117.312738421 33.9294467514 -0.0806446952055
-117.265818365 33.9070094651 -0.0956694174918
-117.218922817 33.8845541163 -0.111784140769
-117.172051776 33.8620807498 -0.129074441171
-117.125205244 33.8395894107 -0.150631961756
-118.943998122 34.7424883935 0.12298596633
-118.896204833 34.7207019002 0.173586903432
-118.848436018 34.6988957632 0.202080217256
-118.800691683 34.6770700273 0.197312557513
-118.752971832 34.6552247371 0.195796228772
-118.70527647 34.6333599374 0.198453701748
-118.657605601 34.611475673 0.196690129364
-118.60995923 34.5895719887 0.194502503118
-118.562337362 34.5676489292 0.194677450102
-118.51474 34.5457065393 0.200602088953
-118.467167148 34.523744864 0.207571074511
-118.41961881 34.5017639479 0.217759573333
-118.372094649 34.4797638397 0.225803924736
-118.324595351 34.4577445766 0.231034228294
-118.277120577 34.4357062073 0.228193660077
-118.229670332 34.4136487767 0.220676426962
-118.182244618 34.3915723298 0.214863533651
-118.134843438 34.3694769113 0.217657595965
-118.087466797 34.3473625662 0.219485478502
-118.040114696 34.3252293395 0.221188486609
-117.992787138 34.303077276 0.223844702114
-117.945484125 34.2809064206 0.227026817471
-117.898205661 34.2587168184 0.222521251228
-117.850951409 34.2365085166 0.215023164483
-117.803722048 34.2142815554 0.211635851157
-117.756517243 34.1920359822 0.208057408551
-117.709336994 34.169771842 0.192812781314
-117.662181304 34.1474891798 0.166639139264
-117.615050175 34.1251880406 0.136208806636
-117.567943608 34.1028684694 0.10427948598
-117.520861604 34.0805305113 0.0717508298018
-117.473804165 34.0581742111 0.0405533345443
-117.426771293 34.0357996141 0.013123000255
-117.379762988 34.0134067652 -0.0083256268538
-117.332779251 33.9909957094 -0.0271204479426
-117.285820084 33.9685664919 -0.0419634129162
-117.238885487 33.9461191577 -0.0577119494757
-117.19197546 33.9236537518 -0.0717859689841
-117.145090005 33.9011703193 -0.0948439571004
-117.098229122 33.8786689054 -0.128430052363
-118.917604646 34.7819463001 0.152624344397
-118.869794553 34.7601500856 0.219311165414
-118.822009001 34.7383342164 0.260506634088
-118.774247993 34.7164987372 0.268821749104
-118.726511536 34.6946436928 0.276023469817
-118.678799632 34.6727691281 0.274247562136
-118.631112288 34.6508750877 0.273165948475
-118.583449507 34.6289616167 0.267772834405
-118.535811293 34.6070287598 0.268670567924
-118.488197651 34.5850765619 0.269351790149
-118.440608585 34.5631050679 0.27697010282
-118.393044097 34.5411143226 0.28537926591
-118.345503852 34.5191043748 0.293643895332
-118.297988534 34.4970752616 0.292549560761
-118.250497806 34.4750270319 0.28633869655
-118.203031672 34.4529597307 0.273434042091
-118.155590133 34.4308734028 0.268718509415
-118.108173194 34.4087680932 0.27156692026
-118.060780857 34.386643847 0.275104223989
-118.013413126 34.364500709 0.276483574102
-117.966070002 34.3423387242 0.279858770904
-117.918751488 34.3201579377 0.281731671109
-117.871457587 34.2979583945 0.279745031567
-117.824187962 34.2757401418 0.274383074926
-117.776943294 34.2535032199 0.26864299216
-117.729723244 34.2312476765 0.260172641348
-117.682527816 34.2089735563 0.24069545833
-117.635357011 34.1866809046 0.211776820082
-117.58821083 34.1643697664 0.182692565402
-117.541089276 34.1420401867 0.157040411811
-117.493992349 34.1196922107 0.12951896255
-117.446920051 34.0973258833 0.0979994673765
-117.399872383 34.0749412498 0.0687266285228
-117.352849346 34.0525383551 0.0430386392546
-117.305850941 34.0301172444 0.0199357260544
-117.25887717 34.0076779629 -0.0019645114726
-117.211928032 33.9852205555 -0.0235621343376
-117.165003528 33.9627450675 -0.0450903059974
-117.118103659 33.940251544 -0.0766435553124
-117.071228425 33.9177400302 -0.115581700321
-118.891186687 34.8214013107 0.159437558428
-118.843359785 34.7995953494 0.245446426528
-118.795557488 34.7777697222 0.297742029435
-118.747779802 34.7559244741 0.323817429819
-118.700026732 34.7340596498 0.338431745263
-118.652298282 34.7121752942 0.335626450446
-118.604594456 34.6902714523 0.336493886964
-118.556915259 34.668348169 0.333354158817
-118.509260695 34.646405489 0.334964494989
-118.461630768 34.6244434575 0.33333496095
-118.414025481 34.6024621192 0.341885095968
-118.366444839 34.5804615192 0.35398499105
-118.318888505 34.5584417061 0.363051342754
-118.271357163 34.5364027173 0.359104882379
-118.223850476 34.5143446017 0.351858708394
-118.176368447 34.4922674043 0.335774761893
-118.12891108 34.47017117 0.331970376455
-118.081478377 34.4480559439 0.336677432903
-118.034070341 34.425921771 0.341219254185
-117.986686975 34.4037686964 0.343834678853
-117.939328281 34.381596765 0.348222708699
-117.891994263 34.3594060219 0.351269712714
-117.844684922 34.3371965123 0.350921632195
-117.79739992 34.3149682833 0.344578351648
-117.75013994 34.2927213756 0.335531995808
-117.702904644 34.2704558365 0.323132477749
-117.655694033 34.2481717111 0.299498750949
-117.60850811 34.2258690446 0.266593508626
-117.561346875 34.2035478821 0.238751723175
-117.51421033 34.1812082687 0.223193531831
-117.467098478 34.1588502496 0.195927793144
-117.420011318 34.1364738698 0.160008950085
-117.372948852 34.1140791745 0.125455960366
-117.325911081 34.091666209 0.0951308833416
-117.278898007 34.0692350183 0.0630948449033
-117.231909628 34.0467856475 0.0301970892052
-117.184945948 34.024318142 -0.00123923238987
-117.138006965 34.0018325469 -0.0332530281065
-117.09109268 33.9793289073 -0.0709695753803
-117.044203094 33.9568072685 -0.113604648603
-118.864744076 34.8608488937 0.127057836641
-118.816900359 34.8390331595 0.193642580707
-118.769081315 34.8171977485 0.237214292527
-118.721286948 34.7953427055 0.276070802825
-118.673517262 34.7734680755 0.296151832228
-118.625772261 34.7515739034 0.308692819216
-118.578051951 34.7296602341 0.316210554725
-118.530356336 34.7077271126 0.326330016035
-118.482685419 34.6857745839 0.332808950572
-118.435039204 34.6638026929 0.339497516132
-118.387417695 34.6418114847 0.35265841835
-118.339820897 34.6198010042 0.373089115942
-118.292248471 34.5977713002 0.387207622696
-118.244701103 34.5757224102 0.392661374863
-118.197178455 34.553654383 0.392945619575
-118.14968053 34.5315672638 0.387775185886
-118.102207332 34.5094610975 0.391893783447
-118.054758864 34.4873359293 0.397596116878
-118.007335127 34.4651918042 0.405700068674
-117.959936125 34.4430287674 0.410390086385
-117.912561861 34.4208468638 0.420961875631
-117.865212336 34.3986461387 0.429206514469
-117.817887554 34.3764266372 0.434772083201
-117.770587175 34.3541884066 0.426457466592
-117.723311883 34.3319314875 0.417517240953
-117.67606134 34.3096559274 0.399560609241
-117.628835546 34.2873617714 0.375282002525
-117.581634503 34.2650490648 0.338470367124
-117.534458214 34.2427178527 0.311373324869
-117.48730668 34.2203681803 0.286607156281
-117.440179901 34.1980000928 0.25437745253
-117.39307788 34.1756136353 0.212510015474
-117.346000616 34.1532088531 0.171960492694
-117.298948112 34.1307857915 0.129689443233
-117.251920368 34.1083444955 0.0870303595273
-117.204917384 34.0858850105 0.043218999428
-117.157939161 34.0634073816 0.0031543378374
-117.1109857 34.0409116542 -0.0356139396924
-117.064057001 34.0183978735 -0.0775021401536
-117.017153064 33.9958660847 -0.123410417355
-118.838276848 34.9002935298 0.0576468049497
-118.790416312 34.8784679971 0.084796628096
-118.742580514 34.8566227765 0.117291534167
-118.694769459 34.8347579129 0.160543910423
-118.646983151 34.8128734514 0.191632458035
-118.599221595 34.790969437 0.216127259704
-118.551484795 34.7690459146 0.23592650412
-118.503772756 34.7471029293 0.259186813188
-118.45608548 34.7251405261 0.275401142831
-118.408422972 34.7031587501 0.288879287432
-118.360785237 34.6811576463 0.30967662924
-118.313172277 34.6591372598 0.339504511365
-118.265583754 34.6370976392 0.361821076475
-118.218020356 34.6150388223 0.379437707755
-118.170481742 34.5929608581 0.391090807506
-118.122967918 34.5708637915 0.401627161919
-118.075478885 34.5487476677 0.411996181772
-118.028014646 34.5266125319 0.420810499011
-117.980575205 34.5044584291 0.431691366238
-117.933160564 34.4822854046 0.440473661613
-117.885770725 34.4600935035 0.457479309506
-117.838405691 34.437882771 0.477532515091
-117.791065463 34.4156532522 0.48684456643
-117.743749705 34.3934049944 0.477935929696
-117.696459098 34.3711380386 0.467068333973
-117.649193303 34.3488524322 0.448722727719
-117.601952323 34.3265482203 0.42343293187
-117.55473616 34.3042254483 0.384693135109
-117.507544813 34.2818841613 0.352249393731
-117.460378286 34.2595244045 0.315378596497
-117.413236579 34.2371462234 0.277281472007
-117.366119694 34.214749663 0.230367833705
-117.319027631 34.1923347687 0.183680989239
-117.271960391 34.1699015857 0.129294466635
-117.224917975 34.1474501593 0.0798293189558
-117.177900383 34.1249805349 0.0273399804792
-117.130907617 34.1024927576 -0.0167174297139
-117.083939676 34.0799868728 -0.0569822003352
-117.036996561 34.0574629258 -0.0992319688126
-116.990078272 34.0349209619 -0.147362822822
-118.811784836 34.9397306873 -0.0249702830658
-118.763907477 34.91789533 -0.0231734916332
-118.716054922 34.8960402738 -0.00270213542426
-118.668227177 34.8741655638 0.036973888455
-118.620424244 34.8522712449 0.071148896707
-118.57264613 34.8303573623 0.0985600672901
-118.524892837 34.808423961 0.122176064829
-118.47716437 34.7864710861 0.148836378041
-118.429460734 34.7644987826 0.168077149109
-118.381781931 34.7425070958 0.188561234896
-118.334127966 34.7204960706 0.210732287623
-118.286498842 34.6984657523 0.239252830316
-118.238894222 34.6764161894 0.259681140949
-118.19131479 34.6543474201 0.282656297729
-118.14376021 34.632259493 0.295358943079
-118.096230483 34.6101524535 0.31184481349
-118.048725614 34.5880263465 0.319714759227
-118.001245604 34.5658812175 0.334855130229
-117.953790457 34.5437171115 0.34351201813
-117.906360175 34.5215340737 0.360510466485
-117.858954761 34.4993321495 0.377784403757
-117.811574216 34.477111384 0.405826419821
-117.764218543 34.4548718224 0.410907620471
-117.716887404 34.4326135121 0.4064505646
-117.66958148 34.4103364941 0.389639981715
-117.622300435 34.3880408159 0.377210804752
-117.575044269 34.3657265227 0.348385445601
-117.527812983 34.3433936598 0.318216366464
-117.48060658 34.3210422726 0.28065622837
-117.43342506 34.2986724062 0.246375399708
-117.386268425 34.2762841061 0.203030705272
-117.339136676 34.2538774175 0.160208114366
-117.292029813 34.2314523858 0.110378810406
-117.244947838 34.2090090563 0.0631635047384
-117.197890751 34.1865474743 0.0139773463246
-117.150858553 34.1640676852 -0.0327373297106
-117.103851244 34.1415697343 -0.0763317994977
-117.056868824 34.119053667 -0.114127853769
-117.009911294 34.0965195286 -0.152304166691
-116.962978654 34.0739673645 -0.184677465732
-118.785268074 34.979164847 -0.101576912178
-118.737373886 34.9573196393 -0.121784636625
-118.689504569 34.9354547218 -0.111217044838
-118.641660126 34.9135701395 -0.0722197503878
-118.593840564 34.8916659375 -0.0412498122218
-118.546045885 34.8697421609 -0.0193469291769
-118.498276094 34.8477988549 0.00274255094708
-118.450531195 34.8258360646 0.0260742149975
-118.402811193 34.8038538352 0.0469424429253
-118.35511609 34.7818522118 0.0689106178482
-118.30744589 34.7598312396 0.0889413417824
-118.259800598 34.7377909638 0.106637380271
-118.212179874 34.7157314331 0.124302469646
-118.164584406 34.6936526856 0.142750339577
-118.117013854 34.6715547702 0.155316208142
-118.069468221 34.649437732 0.164734101492
-118.021947511 34.6273016164 0.174040191781
-117.974451727 34.6051464685 0.18782591107
-117.92698087 34.5829723337 0.199791887658
-117.879534944 34.5607792573 0.215635689426
-117.83211395 34.5385672844 0.236093780937
-117.784717891 34.5163364604 0.263360132406
-117.737346769 34.4940868306 0.269536266802
-117.690000246 34.4718184423 0.258609633195
-117.642679004 34.4495313368 0.24437232058
-117.595382704 34.4272255614 0.23262786229
-117.548111349 34.4049011615 0.209967569264
-117.500864939 34.3825581825 0.183633735084
-117.453643476 34.3601966696 0.151498692067
-117.406446961 34.3378166683 0.119495602257
-117.359275396 34.315418224 0.0806860370424
-117.31212878 34.2930013819 0.0402043649861
-117.265007116 34.2705661876 -0.00135785174591
-117.217910404 34.2481126863 -0.0366671136985
-117.170838644 34.2256409235 -0.0762816275809
-117.123791837 34.2031509445 -0.113988679768
-117.076769984 34.1806427948 -0.152119742938
-117.029773084 34.1581165198 -0.18799124228
-116.982801138 34.135572165 -0.214048170112
-116.935854145 34.1130097756 -0.223074743511
-118.758726398 35.0185914768 -0.158819496071
-118.710815377 34.9967363928 -0.177604446428
-118.662929294 34.9748615879 -0.168124207869
-118.615068152 34.9529671074 -0.141981620081
-118.567231955 34.9310529963 -0.117037636263
-118.51942071 34.9091192999 -0.0987916800337
-118.471634418 34.8871660633 -0.0775796260407
-118.423873085 34.8651933318 -0.0582539407098
-118.376136713 34.8432011505 -0.0368895126383
-118.328425308 34.8211895648 -0.018309115841
-118.280738872 34.7991586198 -5.36394328869e-05
-118.233077409 34.7771083608 0.0128078154406
-118.18544058 34.7550388363 0.0295748623784
-118.137829073 34.732950085 0.042540293016
-118.090242548 34.7108421554 0.0552526209402
-118.042681008 34.688715093 0.0617736714394
-117.995144456 34.666568943 0.074000077916
-117.947632895 34.6444037507 0.0846318741863
-117.900146327 34.6222195615 0.0998371235959
-117.852684755 34.6000164207 0.113225997693
-117.805248181 34.5777943737 0.135081690707
-117.757836608 34.5555534657 0.153231041462
-117.710450036 34.5332937422 0.158877375294
-117.663088128 34.5110152503 0.147851124068
-117.615751567 34.4887180317 0.138759697815
-117.568440013 34.4664021337 0.124596976693
-117.521153468 34.4440676016 0.107447645701
-117.473891934 34.421714481 0.0822318968347
-117.426655411 34.3993428172 0.0564276791801
-117.379443902 34.3769526556 0.025085789026
-117.332257406 34.3545440417 -0.00731006784064
-117.285095925 34.3321170208 -0.0444188909874
-117.23795946 34.3096716385 -0.0765844274803
-117.190848011 34.2872079402 -0.107956810102
-117.14376158 34.2647259713 -0.139061424476
-117.096700165 34.2422257772 -0.171610133074
-117.049663768 34.2197074036 -0.202289805633
-117.002652389 34.1971708957 -0.231405442528
-116.955666028 34.1746162992 -0.246155870838
-116.908704685 34.1520436595 -0.250470160833
