-119.336999976 34.1500010364 0.652597759413
-119.289458115 34.1283572771 0.63265801782
-119.241939758 34.1066940424 0.571810838288
-119.194444913 34.0850113761 0.444609588656
-119.146973585 34.063309322 0.18773381823
-119.099525778 34.041587924 -0.164813335422
-119.052101499 34.019847226 -0.434110393478
-119.004700752 33.9980872718 -0.596683854635
-118.957323543 33.9763081053 -0.693634108917
-118.909969877 33.9545097704 -0.749338014927
-118.86263942 33.9326923162 -0.769384443919
-118.815332853 33.9108557762 -0.754312059179
-118.768049843 33.8890001996 -0.711648085565
-118.720790395 33.8671256304 -0.651964722417
-118.673554511 33.8452321126 -0.586124705282
-118.626342198 33.8233196901 -0.53006473773
-118.579153458 33.801388407 -0.506236130813
-118.531988297 33.7794383072 -0.536677982951
-118.484846717 33.7574694348 -0.632025905509
-118.437728722 33.7354818338 -0.76786574667
-118.390634316 33.7134755483 -0.785395938439
-118.343563503 33.6914506223 -0.620306930851
-118.296516285 33.6694071 -0.409542607296
-118.24949233 33.6473450287 -0.177524641623
-118.202492314 33.6252644457 0.00916865812501
-118.155515903 33.6031653985 0.125341168645
-118.1085631 33.5810479314 0.164685618706
-118.061633908 33.5589120884 0.126745536603
-118.01472833 33.5367579137 0.0221906121181
-117.967846367 33.5145854513 -0.122414840475
-117.920988023 33.4923947456 -0.267621749302
-117.8741533 33.4701858406 -0.381396691122
-117.827342199 33.4479587805 -0.455741003888
-117.780554724 33.4257136095 -0.497386145628
-117.733790875 33.4034503717 -0.514980896413
-117.687050655 33.3811691115 -0.517892631856
-117.640334066 33.358869873 -0.517394111799
-117.593641108 33.3365527004 -0.523197921581
-117.546971785 33.314217638 -0.541768422569
-117.500326096 33.2918647299 -0.571940344414
-119.310966774 34.1895354099 0.735136056858
-119.263408189 34.1678823141 0.730536257515
-119.215873173 34.1462097316 0.680800520191
-119.168361732 34.1245177061 0.571945671621
-119.120873871 34.1028062817 0.222468499093
-119.073409595 34.0810755023 -0.299913987599
-119.02596891 34.0593254116 -0.549528137106
-118.978551822 34.0375560537 -0.671501402305
-118.931158334 34.0157674726 -0.737682333394
-118.883788453 33.9939597122 -0.777242783354
-118.836441844 33.9721328215 -0.780312325709
-118.789119188 33.9502868343 -0.737161402343
-118.741820153 33.9284217997 -0.663629835391
-118.694544742 33.9065377619 -0.570686409779
-118.64729296 33.8846347647 -0.463450168783
-118.600064768 33.8627105985 -0.359931276008
-118.552860257 33.8407698149 -0.29482038109
-118.505679386 33.8188102042 -0.3026540601
-118.458522159 33.7968318106 -0.402965505828
-118.411388581 33.774834678 -0.608374451042
-118.364278655 33.7528188505 -0.605814117413
-118.317192384 33.7307843724 -0.354970077253
-118.270129771 33.7087312878 -0.14482310649
-118.223090483 33.686659644 0.123357375126
-118.176075197 33.6645694785 0.302653971435
-118.129083578 33.6424608389 0.401258585345
-118.08211563 33.6203337694 0.41169692794
-118.035171355 33.5981883141 0.326502482967
-117.988250756 33.5760245173 0.155223343135
-117.941353835 33.5538424231 -0.0663699021539
-117.894480595 33.5316420757 -0.26867500226
-117.847631038 33.5094235195 -0.403076974855
-117.800805165 33.4871867986 -0.478903050438
-117.75400298 33.4649319572 -0.516496839144
-117.707224483 33.4426590396 -0.525459498093
-117.660469677 33.4203680901 -0.516355029414
-117.613738564 33.3980591529 -0.507571307912
-117.567031144 33.3757322724 -0.511521024321
-117.520347419 33.3533874927 -0.536640450579
-117.473687391 33.3310248582 -0.578151276975
-119.284909948 34.229062758 0.810590606779
-119.237334634 34.2074003001 0.820471064733
-119.189782954 34.1857183442 0.762655210564
-119.142254913 34.1640169341 0.587725702056
-119.094750515 34.1422961138 0.138693827568
-119.047269766 34.1205559273 -0.410581368983
-118.999812672 34.0987964186 -0.640375550118
-118.952379238 34.0770176317 -0.710337075875
-118.904969468 34.0552196105 -0.742092056289
-118.857583368 34.0334023991 -0.782149571395
-118.810220604 34.0115660465 -0.773526894296
-118.762881857 33.9897105866 -0.692266193172
-118.715566793 33.9678360688 -0.593350104504
-118.668275416 33.9459425369 -0.472022571098
-118.621007732 33.9240300352 -0.3137010213
-118.573763743 33.9020986076 -0.138447163694
-118.526543455 33.8801482985 -0.0059285092884
-118.47934687 33.8581791518 0.0365291277724
-118.432173992 33.8361912116 -0.000509322123972
-118.385024826 33.8141845223 -0.0387015449913
-118.337899375 33.7921591279 0.170649864445
-118.290797641 33.7701150725 0.221426088797
-118.243719629 33.7480524005 0.344052715006
-118.196665003 33.7259711592 0.512875679734
-118.149634443 33.7038713862 0.63980041944
-118.102627612 33.6817531292 0.709700978025
-118.055644515 33.6596164323 0.685835410638
-118.008685154 33.6374613397 0.544018102356
-117.96174953 33.6152878958 0.290168090106
-117.914837647 33.5930961448 -0.0431804016336
-117.867949508 33.570886131 -0.311986018539
-117.821085113 33.5486578986 -0.443527939779
-117.774244465 33.526411492 -0.512387947741
-117.727427567 33.5041469553 -0.547346157507
-117.680634419 33.4818643331 -0.546573189293
-117.633865024 33.4595636695 -0.518893610303
-117.587119383 33.4372450088 -0.502907928755
-117.540397498 33.4149083955 -0.518783649867
-117.49369937 33.3925538738 -0.554940507317
-117.447025 33.3701814881 -0.600987879738
-119.258829555 34.2685875614 0.872730739775
-119.211237506 34.246915716 0.901752951326
-119.163669155 34.2252243613 0.823534429528
-119.116124506 34.2035135412 0.581413941173
-119.068603565 34.1817832997 0.125587139787
-119.021106337 34.1600336808 -0.41812496113
-118.973632828 34.1382647287 -0.685501276615
-118.926183041 34.1164764873 -0.676977810934
-118.878756983 34.0946690007 -0.678134456526
-118.831354658 34.072842313 -0.742058922873
-118.783975733 34.0509964733 -0.713702299869
-118.736620888 34.0291315156 -0.591063078586
-118.68928979 34.0072474891 -0.503540345582
-118.641982443 33.985344438 -0.374049535639
-118.594698851 33.9634224064 -0.15551127101
-118.547439018 33.9414814386 0.130126797963
-118.500202948 33.9195215785 0.354787057758
-118.452990646 33.8975428705 0.446967526621
-118.405802113 33.8755453588 0.488162165619
-118.358637356 33.8535290875 0.618311284846
-118.311496375 33.8314941009 0.805872615255
-118.264379176 33.8094404432 0.809111620407
-118.217285761 33.7873681587 0.848575454765
-118.170215796 33.7652772948 0.901185250648
-118.123169958 33.7431678892 0.96668394647
-118.076147913 33.7210399896 1.01549112968
-118.029149664 33.6988936402 0.95447795722
-117.982175213 33.6767288854 0.75709750128
-117.935224563 33.6545457694 0.424062420986
-117.888297716 33.6323443366 -0.0562448281458
-117.841394674 33.6101246313 -0.377382106479
-117.79451544 33.5878866978 -0.473503096707
-117.747660015 33.5656305805 -0.54841334293
-117.700828402 33.5433563238 -0.592588409366
-117.654020602 33.5210639719 -0.585818938156
-117.607236616 33.4987535693 -0.531804812311
-117.560476447 33.4764251603 -0.517548422391
-117.513740095 33.4540787894 -0.558779957583
-117.467027562 33.4317145009 -0.59856236669
-117.42033885 33.4093323392 -0.643814354903
-119.23272541 34.3081052896 0.912104836351
-119.185116623 34.2864240311 0.971660052395
-119.137531596 34.264723252 0.88294219656
-119.089970336 34.2430029963 0.580655989548
-119.042432848 34.221263308 0.125354495953
-118.994919136 34.1995042312 -0.34162126716
-118.947429207 34.1777258102 -0.578693496111
-118.899963065 34.1559280888 -0.590211399153
-118.852520715 34.1341111114 -0.558534288329
-118.805102162 34.112274922 -0.517003742013
-118.757707072 34.0904195696 -0.437842242403
-118.710336127 34.0685450886 -0.420032001279
-118.662988991 34.0466515282 -0.413151096515
-118.61566567 34.0247389324 -0.310992879685
-118.568366168 34.0028073457 -0.0343536314507
-118.521090488 33.9808568121 0.439024482004
-118.473838635 33.9588873759 0.76041373861
-118.426610612 33.9368990813 0.835184299448
-118.379406423 33.9148919727 0.877790506613
-118.332226072 33.8928660942 1.00271661641
-118.285069561 33.8708214902 1.09958350352
-118.237936894 33.8487582049 1.13776892251
-118.190828074 33.8266762826 1.19170012725
-118.143742767 33.8045757709 1.20052360205
-118.09668165 33.7824567076 1.21876017453
-118.04964439 33.7603191403 1.2239449826
-118.002630987 33.7381631134 1.11378773585
-117.955641446 33.7159886712 0.870206199325
-117.908675768 33.693795858 0.501486230854
-117.861733956 33.6715847184 0.0666581494888
-117.814816012 33.6493552966 -0.262864164779
-117.767921937 33.627107637 -0.48591640491
-117.721051735 33.604841784 -0.596883652013
-117.674205406 33.5825577822 -0.64825377625
-117.627382952 33.5602556757 -0.64763796669
-117.580584376 33.5379355092 -0.61681216096
-117.533809678 33.515597327 -0.625117018259
-117.487058859 33.4932411736 -0.658738679717
-117.440331922 33.4708670934 -0.688194584451
-117.393628867 33.4484751309 -0.701758904232
-119.20659757 34.3476204235 0.907275514608
-119.158972036 34.3259297264 1.03049288532
-119.111370328 34.3042194974 0.95235289903
-119.063792449 34.2824897806 0.589994838982
-119.016238407 34.2607406202 0.184509085668
-118.968708206 34.2389720601 -0.197413952191
-118.921201851 34.2171841447 -0.444313952889
-118.873719348 34.1953769181 -0.475579765576
-118.8262607 34.1735504244 -0.396871520997
-118.778825913 34.1517047079 -0.192006054925
-118.731414652 34.1298398176 -0.0863576163954
-118.6840276 34.107955788 -0.224718582313
-118.636664422 34.0860526683 -0.315909204014
-118.589325122 34.0641305027 -0.304545904187
-118.542009704 34.0421893354 -0.0504537258526
-118.494718173 34.0202292109 0.773889655993
-118.447450531 33.9982501733 1.08867118053
-118.400206783 33.9762522669 1.07700725765
-118.352986932 33.9542355362 1.07554141109
-118.305790982 33.9322000253 1.20995150682
-118.258618936 33.9101457787 1.31423620592
-118.211470797 33.8880728407 1.37619942537
-118.164346568 33.8659812556 1.40865069382
-118.117245915 33.843871071 1.37578707041
-118.070169516 33.8217423248 1.36099296015
-118.023117035 33.7995950648 1.3348944838
-117.976088476 33.7774293352 1.19191564646
-117.929083841 33.7552451806 0.899501430205
-117.882103131 33.7330426453 0.553796064041
-117.835146351 33.7108217738 0.259262745613
-117.7882135 33.6885826105 -0.114534135722
-117.741304582 33.6663251999 -0.506194714827
-117.694419599 33.6440495864 -0.651847857089
-117.647558552 33.6217558144 -0.708910264779
-117.600721442 33.5994439286 -0.724953490947
-117.553908272 33.5771139732 -0.737645141329
-117.507119043 33.554765993 -0.755734381643
-117.460353756 33.5324000322 -0.777103082855
-117.413612411 33.5100161355 -0.781968780622
-117.366895012 33.4876143474 -0.749310971878
-119.180445852 34.3871284322 0.815776699055
-119.132803567 34.365428271 0.940666457834
-119.085185172 34.3437085665 0.907392494505
-119.037590672 34.321969363 0.70104652204
-118.990020072 34.3002107047 0.411965908635
-118.942473377 34.2784326358 -0.000282104384248
-118.894950593 34.2566352005 -0.300039638377
-118.847451724 34.234818443 -0.348630996108
-118.799976775 34.2129824076 -0.290001547728
-118.752525751 34.1911271386 -0.12801098956
-118.705098317 34.1692526848 0.0203836070571
-118.657695155 34.1473590812 0.121380881269
-118.610315931 34.1254463767 -0.0375977177895
-118.56296065 34.1035146158 -0.23422285195
-118.515629314 34.0815638427 -0.241548545146
-118.468321928 34.0595941018 0.412808345576
-118.421038495 34.0376054374 1.01450952628
-118.37377902 34.015597894 1.07463226627
-118.326543505 33.9935715158 1.07008345057
-118.279331954 33.9715263473 1.21834480285
-118.232144371 33.9494624328 1.35878395569
-118.184980758 33.9273798168 1.44173391418
-118.137841119 33.9052785437 1.44595093339
-118.090725118 33.8831586609 1.40841963727
-118.043633435 33.8610202067 1.38094569082
-117.996565733 33.8388632287 1.34704456972
-117.949522015 33.8166877714 1.18935421429
-117.902502285 33.7944938792 0.882350135681
-117.855506543 33.7722815967 0.524756049776
-117.808534793 33.7500509682 0.171844157579
-117.761587036 33.7278020384 -0.240903822666
-117.714663274 33.7055348516 -0.5607588923
-117.667763509 33.6832494525 -0.703766535681
-117.620887743 33.6609458855 -0.753993838535
-117.574035977 33.6386241952 -0.774124508494
-117.527208214 33.6162844262 -0.795248654495
-117.480404453 33.5939266229 -0.806193610822
-117.433624696 33.5715508299 -0.812394423474
-117.386868946 33.5491570918 -0.794330097998
-117.340137201 33.5267454532 -0.762906397121
-119.154270307 34.4266337968 0.619087840281
-119.106611265 34.4049241458 0.733002052519
-119.058976177 34.3831949403 0.819094035515
-119.011365048 34.3614462247 0.88867411545
-118.963777884 34.3396780431 0.776779716036
-118.91621469 34.3178904399 0.248387155773
-118.86867547 34.2960834592 -0.126717092106
-118.82116023 34.2742571455 -0.183736058639
-118.773668974 34.2524115429 -0.256144089482
-118.726201706 34.2305466959 -0.264128619147
-118.678758093 34.2086626534 -0.0291445002729
-118.631338816 34.1867594503 0.38166646783
-118.583943542 34.1648371358 0.311153875048
-118.536572273 34.1428957542 -0.0362297765157
-118.489225013 34.12093535 -0.0973580588144
-118.441901768 34.0989559675 0.008739162747
-118.394602539 34.0769576511 0.345888990667
-118.347327332 34.0549404452 0.784149575546
-118.300076148 34.0329043944 0.814133682564
-118.252848993 34.010849543 1.05996844492
-118.205645868 33.9887759355 1.25160662943
-118.158466777 33.9666836163 1.308794453
-118.111311723 33.9445726299 1.35787494823
-118.064180371 33.9224430238 1.32119904468
-118.017073399 33.9002948365 1.28937260343
-117.969990472 33.8781281155 1.28956683993
-117.922931593 33.8559429053 1.13847256126
-117.875896763 33.8337392505 0.804645665346
-117.828885986 33.8115171957 0.404364153833
-117.781899263 33.7892767852 -0.103096645672
-117.734936596 33.7670180638 -0.49002547348
-117.687997987 33.744741076 -0.649292594746
-117.641083438 33.7224458663 -0.739863631408
-117.59419295 33.7001324793 -0.762201933628
-117.547326526 33.6778009596 -0.778198044649
-117.500484165 33.6554513519 -0.793275143777
-117.453665871 33.6330837006 -0.796820713608
-117.406871643 33.6106980506 -0.781812172836
-117.360101483 33.5882944462 -0.762523971658
-117.313355392 33.5658729322 -0.752466152686
-119.128070757 34.4661319862 0.331653738814
-119.080394953 34.4444128197 0.368110608116
-119.032743168 34.4226740877 0.564106491074
-118.985115407 34.4009158342 0.994046534318
-118.937511675 34.3791381037 1.20849446891
-118.889931977 34.3573409405 0.834662106581
-118.842376318 34.335524389 0.429141586406
-118.794844703 34.3136884934 0.0713478118641
-118.747337136 34.2918332981 -0.197353155603
-118.699853622 34.2699588476 -0.293800425361
-118.652393827 34.2480651908 -0.0530615134752
-118.604958772 34.2261523583 0.424686847388
-118.557547104 34.2042204127 0.616169842181
-118.510159845 34.182269385 0.477495325979
-118.46279666 34.1602993242 0.362703151168
-118.415457552 34.1383102746 0.158905660724
-118.368142526 34.1163022808 0.204656184686
-118.320851584 34.0942753872 0.342585157632
-118.27358473 34.0722296383 0.483741209077
-118.226341967 34.0501650787 0.756039665807
-118.179123299 34.0280817528 0.992986957144
-118.131928728 34.0059797052 1.13293256127
-118.084758258 33.9838589803 1.21820816015
-118.037611553 33.9617196257 1.16750889054
-117.990489291 33.93956168 1.10221460357
-117.943391138 33.9173851907 1.08980598192
-117.896317096 33.8951902025 0.927695881963
-117.849267167 33.8729767599 0.6657035078
-117.802241353 33.8507449075 0.291445168551
-117.755239656 33.82849469 -0.198803973971
-117.708262079 33.8062261519 -0.51330610278
-117.661308622 33.7839393379 -0.6327786784
-117.614379288 33.7616342925 -0.697601453497
-117.567474079 33.7393110605 -0.719190465418
-117.520592995 33.7169696865 -0.743294914094
-117.473736039 33.6946102151 -0.766854076901
-117.42690321 33.672232691 -0.769121341076
-117.380094511 33.6498371588 -0.747840735691
-117.333309943 33.6274236633 -0.733559038051
-117.286549505 33.6049922491 -0.73814962974
-119.10184725 34.5056274814 0.0161488751192
-119.054154678 34.4838987739 -0.114121568442
-119.006486189 34.4621504896 0.188904643929
-118.958841789 34.4403826728 1.03106454741
-118.911221483 34.4185953679 1.51587317419
-118.863625275 34.3967886193 1.35489908475
-118.816053171 34.3749624713 0.943763686555
-118.768505175 34.3531169684 0.26629055817
-118.720981292 34.331252155 -0.0924311756076
-118.673481527 34.3093680755 -0.229446111911
-118.626005883 34.2874647745 -0.0203547403174
-118.578554365 34.2655422963 0.515940857234
-118.531126638 34.2436006897 0.849248806914
-118.483723384 34.2216399906 1.02931203273
-118.436344268 34.1996602478 0.916127151426
-118.388989293 34.1776615058 0.545582389282
-118.341658464 34.1556438093 0.251498621837
-118.294351783 34.1336072026 0.0186432811884
-118.247069254 34.1115517305 0.213940012162
-118.19981088 34.0894774373 0.484473137714
-118.152576664 34.0673843678 0.749350053066
-118.105366609 34.0452725665 1.02317934408
-118.058180718 34.0231420779 1.15752067296
-118.011018656 34.0009929496 0.981505601701
-117.963881102 33.9788252203 0.845259841777
-117.916767719 33.9566389376 0.806686774077
-117.86967851 33.9344341463 0.65669847668
-117.822613478 33.9122108908 0.545868708148
-117.775572624 33.8899692158 0.263388554199
-117.72855595 33.8677091661 -0.164494463782
-117.681563459 33.8454307863 -0.422895686836
-117.634595152 33.8231341211 -0.502101034938
-117.587651031 33.8008192151 -0.582102835627
-117.540731097 33.778486113 -0.639879910678
-117.493835351 33.7561348596 -0.694629854002
-117.446963796 33.7337654996 -0.741878081553
-117.400116431 33.7113780776 -0.750132669752
-117.353293259 33.6889726385 -0.723140105549
-117.306494279 33.6665492269 -0.712756638296
-117.259719494 33.6441078875 -0.733608101844
-119.075599609 34.5451157512 -0.194668044304
-119.027890264 34.523377477 -0.274261040944
-118.980205068 34.5016196148 0.0723423002572
-118.932544025 34.479842209 0.715554579566
-118.884907141 34.458045304 1.05425338236
-118.83729442 34.4362289442 1.09632662394
-118.789705867 34.4143931742 0.818835642538
-118.742141487 34.3925380384 0.438413408358
-118.694601285 34.3706635812 0.25484108158
-118.647085264 34.3487698472 0.181882591397
-118.59959343 34.326856881 0.373769225078
-118.552125786 34.3049247269 0.713370888998
-118.504681997 34.2829734338 1.08701365826
-118.457262745 34.2610030377 1.20611458795
-118.409867696 34.2390135875 1.00779094093
-118.362496852 34.2170051277 0.603630962356
-118.315150218 34.1949777029 0.118582728886
-118.267827795 34.1729313578 -0.161672730042
-118.220529589 34.150866137 -0.0452034598377
-118.173255602 34.128782085 0.223173630821
-118.126005837 34.1066792465 0.531904599352
-118.078780297 34.0845576662 0.891472205181
-118.031578984 34.0624173886 1.1281287825
-117.984401564 34.0402584612 0.904060848091
-117.937248715 34.0180809231 0.747333382267
-117.890120101 33.9958848218 0.603436419106
-117.843015725 33.973670202 0.489615632499
-117.795935588 33.9514371084 0.414515826526
-117.748879694 33.9291855858 0.220509327561
-117.701848043 33.9069156787 -0.0418555046822
-117.654840638 33.884627432 -0.21505458342
-117.60785748 33.8623208904 -0.339340549855
-117.56089857 33.8399960987 -0.4682284837
-117.513963912 33.8176531015 -0.588241381929
-117.467053504 33.7952919437 -0.683098335183
-117.42016735 33.77291267 -0.741260622415
-117.37330545 33.7505153252 -0.760100787417
-117.326467804 33.7280999541 -0.745427791088
-117.279654414 33.7056666015 -0.741650472521
-117.232865281 33.6832153121 -0.744118735689
-119.04932788 34.5846012766 -0.274605772845
-119.001601757 34.5628534101 -0.273987105346
-118.953899846 34.5410859444 -0.0625694606049
-118.906222154 34.5192989239 0.210317655776
-118.858568686 34.4974923933 0.417727684629
-118.810939445 34.4756663969 0.514638685164
-118.763334438 34.4538209793 0.503234536917
-118.715753669 34.431956185 0.613390692409
-118.668197141 34.4100720586 0.667835349983
-118.62066486 34.3881686446 0.715229752702
-118.57315683 34.3662459877 0.789569896597
-118.525673054 34.3443041323 0.73733594273
-118.478213198 34.3223431273 1.04414693088
-118.430777944 34.3003630088 0.979818031139
-118.383366956 34.2783638257 0.687342438517
-118.335980238 34.2563456228 0.221214998403
-118.288617794 34.2343084445 -0.147845155164
-118.241279626 34.2122523356 -0.276737904857
-118.193965738 34.1901773407 -0.210499868721
-118.146676134 34.1680835046 -0.0112155048694
-118.099410815 34.1459708718 0.272829560576
-118.052169785 34.1238394872 0.632952780878
-118.004953047 34.1016893954 0.836135203355
-117.957760264 34.0795206437 0.813359376879
-117.910592117 34.0573332716 0.680025909737
-117.863448269 34.0351273265 0.462069258463
-117.816328722 34.0129028531 0.33978446452
-117.769233478 33.9906598963 0.275637245964
-117.722162539 33.9683985007 0.184957278088
-117.675115908 33.9461187112 0.113347680589
-117.628093586 33.9238205726 -0.0195249877308
-117.581095574 33.9015041296 -0.234035119514
-117.534121875 33.879169427 -0.405215847011
-117.487172488 33.8568165097 -0.575897675602
-117.440247417 33.8344454225 -0.688959648274
-117.393346662 33.8120562101 -0.750148753955
-117.346470223 33.7896489175 -0.785170635978
-117.299618102 33.7672235895 -0.790052861475
-117.2527903 33.7447802709 -0.779839517138
-117.205986817 33.7223190065 -0.751524098941
-119.023031889 34.6240795263 -0.297375529135
-118.975288982 34.6023220417 -0.286928024882
-118.927570354 34.5805449467 -0.185655928095
-118.879876009 34.5587482859 -0.0740326758475
-118.832205953 34.5369321038 0.0610488583123
-118.784560189 34.5150964451 0.164513709523
-118.736938724 34.4932413542 0.321200035189
-118.689341562 34.4713668759 0.592202543875
-118.641768706 34.4494730546 0.767773358318
-118.594220161 34.427559935 0.902032383769
-118.546695932 34.4056275618 0.908295929348
-118.499196023 34.3836759796 0.764823919442
-118.451720097 34.361705237 0.759831614192
-118.404268837 34.3397153706 0.591970632809
-118.356841909 34.3177064292 0.25282497441
-118.309439315 34.2956784575 -0.072133486382
-118.262061059 34.2736315003 -0.268668775655
-118.214707144 34.2515656021 -0.330651030604
-118.167377573 34.2294808078 -0.285382168941
-118.120072349 34.2073771621 -0.169391326242
-118.072791475 34.1852547097 0.0387043643967
-118.025534954 34.1631134954 0.293322159239
-117.978302789 34.140953564 0.461829374071
-117.931094643 34.1187749628 0.522395577088
-117.883911196 34.0965777313 0.419724355469
-117.836752112 34.074361917 0.261002151897
-117.789617394 34.0521275648 0.172097128501
-117.742507042 34.0298747195 0.142593300367
-117.695421059 34.0076034258 0.109700696365
-117.648359447 33.9853137287 0.0692625552347
-117.601322207 33.9630056729 -0.0684564052944
-117.554309341 33.9406793033 -0.242344798884
-117.507320851 33.9183346648 -0.397493314613
-117.460356738 33.8959718023 -0.534507538807
-117.413417002 33.8735907606 -0.63599911046
-117.366501646 33.8511915845 -0.722623718483
-117.319610669 33.8287743191 -0.777150742756
-117.272744074 33.8063390091 -0.791575476863
-117.22590186 33.7838856995 -0.772882775107
-117.179084028 33.7614144352 -0.734595810987
-118.996711678 34.6635549813 -0.293725308001
-118.948951982 34.6417878529 -0.285030429311
-118.90121663 34.620001103 -0.238803190863
-118.853505626 34.5981947762 -0.180441851942
-118.805818976 34.5763689172 -0.102554752872
-118.758156684 34.5545235705 -0.0176748901588
-118.710518755 34.5326587808 0.165626965767
-118.662905193 34.5107745928 0.448558247217
-118.615316004 34.4888710511 0.659830173329
-118.56775119 34.4669482004 0.845094311503
-118.520210757 34.4450060854 0.897595227757
-118.472694708 34.4230447508 0.848119936567
-118.425202707 34.4010642453 0.680156641867
-118.377735438 34.3790646055 0.213776691609
-118.330292564 34.3570458804 -0.115360191635
-118.282874089 34.3350081146 -0.209364787894
-118.235480017 34.3129513529 -0.290064291422
-118.188110349 34.2908756401 -0.31686728685
-118.140765091 34.268781021 -0.308056165436
-118.093444243 34.2466675403 -0.283792379454
-118.046147811 34.224535243 -0.175258960288
-117.998875795 34.2023841737 -0.0384682264801
-117.951628199 34.1802143774 0.0809443789463
-117.904404686 34.1580259013 0.150701467075
-117.857205936 34.1358187853 0.116924772632
-117.810031613 34.1135930767 0.0398681584026
-117.762881719 34.0913488204 0.00347216090009
-117.715756256 34.0690860614 0.021771612708
-117.668655226 34.0468048444 0.00670549118093
-117.62157863 34.0245052145 -0.0822093003173
-117.57452647 34.0021872165 -0.193847735238
-117.527498748 33.9798508952 -0.287898017845
-117.480495464 33.9574962957 -0.38633807437
-117.433516621 33.9351234628 -0.44619190084
-117.386562219 33.9127324415 -0.538457130625
-117.339632259 33.8903232767 -0.662477992662
-117.292726743 33.8678960134 -0.736280721857
-117.245845671 33.8454506965 -0.748860463486
-117.198989043 33.822987371 -0.728592515783
-117.152156861 33.8005060818 -0.686827118837
-118.970367076 34.70302311 -0.271034402024
-118.922590586 34.681246312 -0.25406046332
-118.874838505 34.6594498814 -0.228634503095
-118.827110839 34.6376338629 -0.209664348066
-118.779407591 34.6157983011 -0.156486597186
-118.731728767 34.5939432407 -0.0581599059354
-118.684074372 34.5720687265 0.104410714935
-118.636444408 34.5501748031 0.275178348604
-118.588838882 34.5282615153 0.419829492019
-118.541257797 34.5063289078 0.566269646522
-118.493701157 34.4843770254 0.637608682352
-118.446168966 34.4624059128 0.676052795623
-118.398660888 34.4404156188 0.485238715258
-118.351177606 34.4184061801 0.0672085212682
-118.303718785 34.3963776456 -0.172123392082
-118.256284427 34.3743300601 -0.231363321769
-118.208874536 34.3522634685 -0.275559893606
-118.161489115 34.3301779156 -0.309480258376
-118.114128167 34.3080734462 -0.335172560687
-118.066791695 34.2859501052 -0.339059275638
-118.019479701 34.2638079374 -0.289048371455
-117.972192189 34.2416469878 -0.227931247526
-117.924929161 34.2194673012 -0.142107268673
-117.87769028 34.1972689249 -0.0630211224232
-117.830476226 34.1750518989 -0.0689206780549
-117.783286664 34.1528162707 -0.10036847134
-117.736121594 34.1305620851 -0.0843779998582
-117.688981019 34.1082893871 -0.0319806674022
-117.641864941 34.0859982216 -0.0240556595834
-117.594773361 34.0636886337 -0.0953103024695
-117.54770628 34.0413606681 -0.164976785324
-117.500663701 34.01901437 -0.239401832674
-117.453645625 33.9966497843 -0.298022230561
-117.406652052 33.974266956 -0.343010201772
-117.359682983 33.95186593 -0.434937612273
-117.312738421 33.9294467514 -0.559476975764
-117.265818365 33.9070094651 -0.642509623996
-117.218922817 33.8845541163 -0.659387645116
-117.172051776 33.8620807498 -0.642477762607
-117.125205244 33.8395894107 -0.605918583476
-118.943998122 34.7424883935 -0.236999258171
-118.896204833 34.7207019002 -0.197588445662
-118.848436018 34.6988957632 -0.17930075977
-118.800691683 34.6770700273 -0.196827972847
-118.752971832 34.6552247371 -0.148117978414
-118.70527647 34.6333599374 -0.0155892084775
-118.657605601 34.611475673 0.0747382471805
-118.60995923 34.5895719887 0.082050398834
-118.562337362 34.5676489292 0.133216084689
-118.51474 34.5457065393 0.188653401987
-118.467167148 34.523744864 0.280079957681
-118.41961881 34.5017639479 0.438346845912
-118.372094649 34.4797638397 0.338701772949
-118.324595351 34.4577445766 0.0507713055248
-118.277120577 34.4357062073 -0.124138726406
-118.229670332 34.4136487767 -0.180741828257
-118.182244618 34.3915723298 -0.22727593786
-118.134843438 34.3694769113 -0.294242299951
-118.087466797 34.3473625662 -0.332344235636
-118.040114696 34.3252293395 -0.328128191452
-117.992787138 34.303077276 -0.313136085039
-117.945484125 34.2809064206 -0.299093471881
-117.898205661 34.2587168184 -0.247414119633
-117.850951409 34.2365085166 -0.18046974989
-117.803722048 34.2142815554 -0.173719240739
-117.756517243 34.1920359822 -0.167299639738
-117.709336994 34.169771842 -0.121807871116
-117.662181304 34.1474891798 -0.0237006545771
-117.615050175 34.1251880406 0.0115759278133
-117.567943608 34.1028684694 -0.0151748996192
-117.520861604 34.0805305113 -0.0589041885897
-117.473804165 34.0581742111 -0.131928268716
-117.426771293 34.0357996141 -0.16344786477
-117.379762988 34.0134067652 -0.198997459349
-117.332779251 33.9909957094 -0.268685082029
-117.285820084 33.9685664919 -0.396588946056
-117.238885487 33.9461191577 -0.49698657859
-117.19197546 33.9236537518 -0.514585204058
-117.145090005 33.9011703193 -0.515090050727
-117.098229122 33.8786689054 -0.490462172501
-118.917604646 34.7819463001 -0.20796951417
-118.869794553 34.7601500856 -0.157749923728
-118.822009001 34.7383342164 -0.132258149915
-118.774247993 34.7164987372 -0.127239060191
-118.726511536 34.6946436928 -0.0811412060174
-118.678799632 34.6727691281 -0.0181424234967
-118.631112288 34.6508750877 0.00223971847149
-118.583449507 34.6289616167 -0.00740727242889
-118.535811293 34.6070287598 0.00882481096378
-118.488197651 34.5850765619 0.0102653013054
-118.440608585 34.5631050679 0.0994764108097
-118.393044097 34.5411143226 0.232381886457
-118.345503852 34.5191043748 0.186921907965
-118.297988534 34.4970752616 0.0351116771056
-118.250497806 34.4750270319 -0.0644191053998
-118.203031672 34.4529597307 -0.104874489636
-118.155590133 34.4308734028 -0.150306146339
-118.108173194 34.4087680932 -0.218500579698
-118.060780857 34.386643847 -0.255918920619
-118.013413126 34.364500709 -0.264840303846
-117.966070002 34.3423387242 -0.269093517051
-117.918751488 34.3201579377 -0.274105450116
-117.871457587 34.2979583945 -0.245178709365
-117.824187962 34.2757401418 -0.21083202928
-117.776943294 34.2535032199 -0.192689622053
-117.729723244 34.2312476765 -0.177678097659
-117.682527816 34.2089735563 -0.129929612094
-117.635357011 34.1866809046 -0.0524082083641
-117.58821083 34.1643697664 -0.0146156898434
-117.541089276 34.1420401867 0.00523071084281
-117.493992349 34.1196922107 -0.00664322406541
-117.446920051 34.0973258833 -0.0281049168528
-117.399872383 34.0749412498 0.0101899769871
-117.352849346 34.0525383551 0.0794740905721
-117.305850941 34.0301172444 0.0689925652531
-117.25887717 34.0076779629 -0.0947085569041
-117.211928032 33.9852205555 -0.213961010179
-117.165003528 33.9627450675 -0.271619177144
-117.118103659 33.940251544 -0.305559426034
-117.071228425 33.9177400302 -0.352733953997
-118.891186687 34.8214013107 -0.196147682443
-118.843359785 34.7995953494 -0.134453990528
-118.795557488 34.7777697222 -0.0875368711571
-118.747779802 34.7559244741 -0.0447976364941
-118.700026732 34.7340596498 -0.0208126723796
-118.652298282 34.7121752942 -0.0509294433735
-118.604594456 34.6902714523 -0.0431895314665
-118.556915259 34.668348169 0.0052570244213
-118.509260695 34.646405489 0.00827888557119
-118.461630768 34.6244434575 -0.0335264366806
-118.414025481 34.6024621192 0.00508179658504
-118.366444839 34.5804615192 0.0858167610018
-118.318888505 34.5584417061 0.0777241451809
-118.271357163 34.5364027173 0.0267308366199
-118.223850476 34.5143446017 -0.0119038115145
-118.176368447 34.4922674043 -0.0212912134342
-118.12891108 34.47017117 -0.0530100826325
-118.081478377 34.4480559439 -0.114282053366
-118.034070341 34.425921771 -0.152182502489
-117.986686975 34.4037686964 -0.170265998919
-117.939328281 34.381596765 -0.183280784077
-117.891994263 34.3594060219 -0.193654468982
-117.844684922 34.3371965123 -0.184189723756
-117.79739992 34.3149682833 -0.166654034477
-117.75013994 34.2927213756 -0.160099212504
-117.702904644 34.2704558365 -0.160905544717
-117.655694033 34.2481717111 -0.141423156605
-117.60850811 34.2258690446 -0.115946046051
-117.561346875 34.2035478821 -0.0767275128114
-117.51421033 34.1812082687 -0.0176096984944
-117.467098478 34.1588502496 0.00558436163248
-117.420011318 34.1364738698 0.0317505856489
-117.372948852 34.1140791745 0.151797488513
-117.325911081 34.091666209 0.406781229903
-117.278898007 34.0692350183 0.428531350482
-117.231909628 34.0467856475 0.189609158686
-117.184945948 34.024318142 0.0515142953102
-117.138006965 34.0018325469 -0.0229001804596
-117.09109268 33.9793289073 -0.103748594388
-117.044203094 33.9568072685 -0.245294765093
-118.864744076 34.8608488937 -0.209431526787
-118.816900359 34.8390331595 -0.148806545224
-118.769081315 34.8171977485 -0.094049292073
-118.721286948 34.7953427055 -0.0405695814343
-118.673517262 34.7734680755 -0.0214738995568
-118.625772261 34.7515739034 -0.033158552804
-118.578051951 34.7296602341 -0.000733827526229
-118.530356336 34.7077271126 0.0458511756346
-118.482685419 34.6857745839 0.0427881358001
-118.435039204 34.6638026929 -0.000176509495993
-118.387417695 34.6418114847 0.00808150854085
-118.339820897 34.6198010042 0.0308148352726
-118.292248471 34.5977713002 0.030431328682
-118.244701103 34.5757224102 0.0202219672969
-118.197178455 34.553654383 0.0188918634537
-118.14968053 34.5315672638 0.0308308686506
-118.102207332 34.5094610975 0.0109416171442
-118.054758864 34.4873359293 -0.0308600979633
-118.007335127 34.4651918042 -0.0628625421836
-117.959936125 34.4430287674 -0.0832527980433
-117.912561861 34.4208468638 -0.0988644984372
-117.865212336 34.3986461387 -0.112394978427
-117.817887554 34.3764266372 -0.113514301333
-117.770587175 34.3541884066 -0.113969821144
-117.723311883 34.3319314875 -0.123670185856
-117.67606134 34.3096559274 -0.142903306477
-117.628835546 34.2873617714 -0.145762955402
-117.581634503 34.2650490648 -0.137164287612
-117.534458214 34.2427178527 -0.0996688409703
-117.48730668 34.2203681803 -0.0526452583034
-117.440179901 34.1980000928 -0.0285847156895
-117.39307788 34.1756136353 0.00707399053107
-117.346000616 34.1532088531 0.135218974372
-117.298948112 34.1307857915 0.348300165337
-117.251920368 34.1083444955 0.335192864678
-117.204917384 34.0858850105 0.197145180079
-117.157939161 34.0634073816 0.0983378950942
-117.1109857 34.0409116542 0.0415363645646
-117.064057001 34.0183978735 -0.0631221381617
-117.017153064 33.9958660847 -0.218485655999
-118.838276848 34.9002935298 -0.252218164006
-118.790416312 34.8784679971 -0.203316746995
-118.742580514 34.8566227765 -0.153664848614
-118.694769459 34.8347579129 -0.0962542412803
-118.646983151 34.8128734514 -0.053484352702
-118.599221595 34.790969437 -0.0108563716257
-118.551484795 34.7690459146 0.0413398574344
-118.503772756 34.7471029293 0.0820219468605
-118.45608548 34.7251405261 0.084594752975
-118.408422972 34.7031587501 0.0519434995424
-118.360785237 34.6811576463 0.0314592030201
-118.313172277 34.6591372598 0.00718776807849
-118.265583754 34.6370976392 0.00646343883219
-118.218020356 34.6150388223 0.0134635549143
-118.170481742 34.5929608581 0.0336669656148
-118.122967918 34.5708637915 0.0582575776543
-118.075478885 34.5487476677 0.0446398084368
-118.028014646 34.5266125319 0.0157992871201
-117.980575205 34.5044584291 -0.0134044288222
-117.933160564 34.4822854046 -0.032907355327
-117.885770725 34.4600935035 -0.0492217479151
-117.838405691 34.437882771 -0.0638289241351
-117.791065463 34.4156532522 -0.0716473290964
-117.743749705 34.3934049944 -0.0853264634551
-117.696459098 34.3711380386 -0.105174262873
-117.649193303 34.3488524322 -0.14098541569
-117.601952323 34.3265482203 -0.152674283518
-117.55473616 34.3042254483 -0.141886245318
-117.507544813 34.2818841613 -0.121102832484
-117.460378286 34.2595244045 -0.106070250361
-117.413236579 34.2371462234 -0.10481676572
-117.366119694 34.214749663 -0.112131658438
-117.319027631 34.1923347687 -0.0515523377115
-117.271960391 34.1699015857 0.0199490194221
-117.224917975 34.1474501593 0.0256168464341
-117.177900383 34.1249805349 0.0156686319182
-117.130907617 34.1024927576 -0.0173526831563
-117.083939676 34.0799868728 -0.0396865703345
-117.036996561 34.0574629258 -0.128521753168
-116.990078272 34.0349209619 -0.272082585657
-118.811784836 34.9397306873 -0.320713087928
-118.763907477 34.91789533 -0.303500254335
-118.716054922 34.8960402738 -0.274126841724
-118.668227177 34.8741655638 -0.218370304498
-118.620424244 34.8522712449 -0.160450143514
-118.57264613 34.8303573623 -0.0833236542545
-118.524892837 34.808423961 -0.0160543884584
-118.47716437 34.7864710861 0.0405728176862
-118.429460734 34.7644987826 0.0467901895167
-118.381781931 34.7425070958 0.0174434415998
-118.334127966 34.7204960706 -0.0164600235957
-118.286498842 34.6984657523 -0.0323988801222
-118.238894222 34.6764161894 -0.0152286920982
-118.19131479 34.6543474201 0.0246544675797
-118.14376021 34.632259493 0.0574654465528
-118.096230483 34.6101524535 0.0568302869928
-118.048725614 34.5880263465 0.0249651230815
-118.001245604 34.5658812175 -0.0134179364856
-117.953790457 34.5437171115 -0.0528300231251
-117.906360175 34.5215340737 -0.075771419179
-117.858954761 34.4993321495 -0.0989601789047
-117.811574216 34.477111384 -0.109810879585
-117.764218543 34.4548718224 -0.121951664222
-117.716887404 34.4326135121 -0.128995971784
-117.66958148 34.4103364941 -0.149957591018
-117.622300435 34.3880408159 -0.176918338497
-117.575044269 34.3657265227 -0.18847773401
-117.527812983 34.3433936598 -0.18342045602
-117.48060658 34.3210422726 -0.181010622288
-117.43342506 34.2986724062 -0.187597658054
-117.386268425 34.2762841061 -0.21096046067
-117.339136676 34.2538774175 -0.242706697332
-117.292029813 34.2314523858 -0.233799822384
-117.244947838 34.2090090563 -0.223614631651
-117.197890751 34.1865474743 -0.204575485868
-117.150858553 34.1640676852 -0.184827415747
-117.103851244 34.1415697343 -0.194213518272
-117.056868824 34.119053667 -0.223831742453
-117.009911294 34.0965195286 -0.301022395585
-116.962978654 34.0739673645 -0.382567859476
-118.785268074 34.979164847 -0.398416072659
-118.737373886 34.9573196393 -0.424486182291
-118.689504569 34.9354547218 -0.411858646903
-118.641660126 34.9135701395 -0.364027115072
-118.593840564 34.8916659375 -0.295599979847
-118.546045885 34.8697421609 -0.201260951693
-118.498276094 34.8477988549 -0.118450767949
-118.450531195 34.8258360646 -0.0445476253189
-118.402811193 34.8038538352 -0.031619688939
-118.35511609 34.7818522118 -0.0721237596216
-118.30744589 34.7598312396 -0.0949094170583
-118.259800598 34.7377909638 -0.0845574134994
-118.212179874 34.7157314331 -0.0402380926125
-118.164584406 34.6936526856 0.0453658499798
-118.117013854 34.6715547702 0.0708179548758
-118.069468221 34.649437732 0.0212286727974
-118.021947511 34.6273016164 -0.0326130205551
-117.974451727 34.6051464685 -0.0936081649642
-117.92698087 34.5829723337 -0.141238358262
-117.879534944 34.5607792573 -0.17430560936
-117.83211395 34.5385672844 -0.198278741685
-117.784717891 34.5163364604 -0.209921466247
-117.737346769 34.4940868306 -0.216056651946
-117.690000246 34.4718184423 -0.211656775813
-117.642679004 34.4495313368 -0.222044841
-117.595382704 34.4272255614 -0.236878917325
-117.548111349 34.4049011615 -0.246355173048
-117.500864939 34.3825581825 -0.248966994816
-117.453643476 34.3601966696 -0.25855168345
-117.406446961 34.3378166683 -0.279975574542
-117.359275396 34.315418224 -0.313809233992
-117.31212878 34.2930013819 -0.352535590222
-117.265007116 34.2705661876 -0.37171730593
-117.217910404 34.2481126863 -0.380762742551
-117.170838644 34.2256409235 -0.37294385952
-117.123791837 34.2031509445 -0.35782096031
-117.076769984 34.1806427948 -0.379696911342
-117.029773084 34.1581165198 -0.449584894042
-116.982801138 34.135572165 -0.498627292951
-116.935854145 34.1130097756 -0.499009294193
-118.758726398 35.0185914768 -0.456417309476
-118.710815377 34.9967363928 -0.484030680193
-118.662929294 34.9748615879 -0.471607881144
-118.615068152 34.9529671074 -0.432159231021
-118.567231955 34.9310529963 -0.361309431143
-118.51942071 34.9091192999 -0.27649905452
-118.471634418 34.8871660633 -0.194694985291
-118.423873085 34.8651933318 -0.130373546307
-118.376136713 34.8432011505 -0.115748491356
-118.328425308 34.8211895648 -0.135915669126
-118.280738872 34.7991586198 -0.137111738869
-118.233077409 34.7771083608 -0.113839666522
-118.18544058 34.7550388363 -0.05930635465
-118.137829073 34.732950085 0.00946387598852
-118.090242548 34.7108421554 0.0143052408661
-118.042681008 34.688715093 -0.0345224332223
-117.995144456 34.666568943 -0.0919302906269
-117.947632895 34.6444037507 -0.154220842329
-117.900146327 34.6222195615 -0.200905648417
-117.852684755 34.6000164207 -0.238417578302
-117.805248181 34.5777943737 -0.260474076033
-117.757836608 34.5555534657 -0.274902468762
-117.710450036 34.5332937422 -0.277102855289
-117.663088128 34.5110152503 -0.275490159039
-117.615751567 34.4887180317 -0.281158972718
-117.568440013 34.4664021337 -0.291876358752
-117.521153468 34.4440676016 -0.301268649761
-117.473891934 34.421714481 -0.311540445948
-117.426655411 34.3993428172 -0.329110973609
-117.379443902 34.3769526556 -0.357290165928
-117.332257406 34.3545440417 -0.393516035269
-117.285095925 34.3321170208 -0.433084213266
-117.23795946 34.3096716385 -0.459425984275
-117.190848011 34.2872079402 -0.477835720396
-117.14376158 34.2647259713 -0.479133650861
-117.096700165 34.2422257772 -0.482358236953
-117.049663768 34.2197074036 -0.513637186806
-117.002652389 34.1971708957 -0.573555050376
-116.955666028 34.1746162992 -0.590925404278
-116.908704685 34.1520436595 -0.577849157586
