-119.336999976 34.1500010364 0.34572393732
-119.289458115 34.1283572771 0.378015987601
-119.241939758 34.1066940424 0.390277048243
-119.194444913 34.0850113761 0.346580790779
-119.146973585 34.063309322 0.153698807901
-119.099525778 34.041587924 -0.173136211839
-119.052101499 34.019847226 -0.44315060045
-119.004700752 33.9980872718 -0.630986491633
-118.957323543 33.9763081053 -0.776522031781
-118.909969877 33.9545097704 -0.891708536295
-118.86263942 33.9326923162 -0.960533643722
-118.815332853 33.9108557762 -0.969404974612
-118.768049843 33.8890001996 -0.932580765596
-118.720790395 33.8671256304 -0.877075958748
-118.673554511 33.8452321126 -0.824446969285
-118.626342198 33.8233196901 -0.791871270639
-118.579153458 33.801388407 -0.796461244864
-118.531988297 33.7794383072 -0.851617857687
-118.484846717 33.7574694348 -0.955458296876
-118.437728722 33.7354818338 -1.04852734166
-118.390634316 33.7134755483 -0.866983081888
-118.343563503 33.6914506223 -0.460057811052
-118.296516285 33.6694071 -0.202741179716
-118.24949233 33.6473450287 -0.0836148253584
-118.202492314 33.6252644457 -0.030181361262
-118.155515903 33.6031653985 -0.0170083706086
-118.1085631 33.5810479314 -0.0443003568787
-118.061633908 33.5589120884 -0.119960717492
-118.01472833 33.5367579137 -0.247226237627
-117.967846367 33.5145854513 -0.409514213856
-117.920988023 33.4923947456 -0.56606046128
-117.8741533 33.4701858406 -0.680008759339
-117.827342199 33.4479587805 -0.745391278606
-117.780554724 33.4257136095 -0.775356080836
-117.733790875 33.4034503717 -0.782854347951
-117.687050655 33.3811691115 -0.777994918129
-117.640334066 33.358869873 -0.770141792082
-117.593641108 33.3365527004 -0.767143262752
-117.546971785 33.314217638 -0.779638295096
-117.500326096 33.2918647299 -0.807733133511
-119.310966774 34.1895354099 0.412572427427
-119.263408189 34.1678823141 0.466680408504
-119.215873173 34.1462097316 0.513634189447
-119.168361732 34.1245177061 0.529475027792
-119.120873871 34.1028062817 0.266174776357
-119.073409595 34.0810755023 -0.238489659954
-119.02596891 34.0593254116 -0.487723348257
-118.978551822 34.0375560537 -0.64423519519
-118.931158334 34.0157674726 -0.781750624312
-118.883788453 33.9939597122 -0.911286635948
-118.836441844 33.9721328215 -0.978232758404
-118.789119188 33.9502868343 -0.947162044295
-118.741820153 33.9284217997 -0.861180148028
-118.694544742 33.9065377619 -0.76481896189
-118.64729296 33.8846347647 -0.67605290686
-118.600064768 33.8627105985 -0.609700585932
-118.552860257 33.8407698149 -0.590014809675
-118.505679386 33.8188102042 -0.640245933233
-118.458522159 33.7968318106 -0.770392631483
-118.411388581 33.774834678 -0.986388917947
-118.364278655 33.7528188505 -0.57207782198
-118.317192384 33.7307843724 -0.0418579352665
-118.270129771 33.7087312878 0.117618474758
-118.223090483 33.686659644 0.156997058612
-118.176075197 33.6645694785 0.175842598226
-118.129083578 33.6424608389 0.173848671817
-118.08211563 33.6203337694 0.134842441389
-118.035171355 33.5981883141 0.036499014307
-117.988250756 33.5760245173 -0.140389134001
-117.941353835 33.5538424231 -0.377237426617
-117.894480595 33.5316420757 -0.590936790719
-117.847631038 33.5094235195 -0.717432556521
-117.800805165 33.4871867986 -0.774045037648
-117.75400298 33.4649319572 -0.794164280698
-117.707224483 33.4426590396 -0.791923607069
-117.660469677 33.4203680901 -0.77745876963
-117.613738564 33.3980591529 -0.764346529047
-117.567031144 33.3757322724 -0.757726263291
-117.520347419 33.3533874927 -0.778034470088
-117.473687391 33.3310248582 -0.821273495122
-119.284909948 34.229062758 0.461571631991
-119.237334634 34.2074003001 0.528562388096
-119.189782954 34.1857183442 0.5951447907
-119.142254913 34.1640169341 0.601995929773
-119.094750515 34.1422961138 0.273712201136
-119.047269766 34.1205559273 -0.2535693977
-118.999812672 34.0987964186 -0.486568724336
-118.952379238 34.0770176317 -0.600443814787
-118.904969468 34.0552196105 -0.733082136759
-118.857583368 34.0334023991 -0.917408561265
-118.810220604 34.0115660465 -0.99099209123
-118.762881857 33.9897105866 -0.881715219881
-118.715566793 33.9678360688 -0.739478996875
-118.668275416 33.9459425369 -0.609312756778
-118.621007732 33.9240300352 -0.482102362226
-118.573763743 33.9020986076 -0.364298313781
-118.526543455 33.8801482985 -0.296192030024
-118.47934687 33.8581791518 -0.307551391317
-118.432173992 33.8361912116 -0.366842746295
-118.385024826 33.8141845223 -0.296904131676
-118.337899375 33.7921591279 0.344268250366
-118.290797641 33.7701150725 0.349432543525
-118.243719629 33.7480524005 0.365163343773
-118.196665003 33.7259711592 0.36596881756
-118.149634443 33.7038713862 0.368111707735
-118.102627612 33.6817531292 0.366641667138
-118.055644515 33.6596164323 0.328927410091
-118.008685154 33.6374613397 0.221618211974
-117.96174953 33.6152878958 -0.0123475870946
-117.914837647 33.5930961448 -0.371237582366
-117.867949508 33.570886131 -0.65884952781
-117.821085113 33.5486578986 -0.766804882472
-117.774244465 33.526411492 -0.80331385129
-117.727427567 33.5041469553 -0.817668995317
-117.680634419 33.4818643331 -0.807104939842
-117.633865024 33.4595636695 -0.781402753957
-117.587119383 33.4372450088 -0.770980899437
-117.540397498 33.4149083955 -0.789667099675
-117.49369937 33.3925538738 -0.825321091097
-117.447025 33.3701814881 -0.857484539961
-119.258829555 34.2685875614 0.490260707616
-119.211237506 34.246915716 0.558014252148
-119.163669155 34.2252243613 0.636971757699
-119.116124506 34.2035135412 0.672271080441
-119.068603565 34.1817832997 0.385514084962
-119.021106337 34.1600336808 -0.146809656422
-118.973632828 34.1382647287 -0.428437079254
-118.926183041 34.1164764873 -0.456511068098
-118.878756983 34.0946690007 -0.583276764662
-118.831354658 34.072842313 -0.880085029155
-118.783975733 34.0509964733 -0.942069079229
-118.736620888 34.0291315156 -0.710160221614
-118.68928979 34.0072474891 -0.552294889683
-118.641982443 33.985344438 -0.422855433708
-118.594698851 33.9634224064 -0.261080262655
-118.547439018 33.9414814386 -0.0622442819273
-118.500202948 33.9195215785 0.0771863057265
-118.452990646 33.8975428705 0.107580680804
-118.405802113 33.8755453588 0.123515244689
-118.358637356 33.8535290875 0.282258972068
-118.311496375 33.8314941009 0.480556183018
-118.264379176 33.8094404432 0.511569898815
-118.217285761 33.7873681587 0.535411885664
-118.170215796 33.7652772948 0.537130816112
-118.123169958 33.7431678892 0.537609485442
-118.076147913 33.7210399896 0.551801353135
-118.029149664 33.6988936402 0.520802115307
-117.982175213 33.6767288854 0.43212167373
-117.935224563 33.6545457694 0.150962337858
-117.888297716 33.6323443366 -0.382216375129
-117.841394674 33.6101246313 -0.73563654414
-117.79451544 33.5878866978 -0.791361992741
-117.747660015 33.5656305805 -0.827114575337
-117.700828402 33.5433563238 -0.852023517198
-117.654020602 33.5210639719 -0.837274962558
-117.607236616 33.4987535693 -0.796524670713
-117.560476447 33.4764251603 -0.800824980292
-117.513740095 33.4540787894 -0.867143122811
-117.467027562 33.4317145009 -0.902462303808
-117.42033885 33.4093323392 -0.906013274132
-119.23272541 34.3081052896 0.504393817754
-119.185116623 34.2864240311 0.592701821399
-119.137531596 34.264723252 0.692325174915
-119.089970336 34.2430029963 0.724013225385
-119.042432848 34.221263308 0.465089495918
-118.994919136 34.1995042312 0.00827275375254
-118.947429207 34.1777258102 -0.231805418805
-118.899963065 34.1559280888 -0.244063713374
-118.852520715 34.1341111114 -0.330462574918
-118.805102162 34.112274922 -0.520726924449
-118.757707072 34.0904195696 -0.517128632529
-118.710336127 34.0685450886 -0.394728279696
-118.662988991 34.0466515282 -0.31354207972
-118.61566567 34.0247389324 -0.248360417977
-118.568366168 34.0028073457 -0.0634445082966
-118.521090488 33.9808568121 0.282842028312
-118.473838635 33.9588873759 0.500249981429
-118.426610612 33.9368990813 0.507882327828
-118.379406423 33.9148919727 0.498787180444
-118.332226072 33.8928660942 0.573689603801
-118.285069561 33.8708214902 0.614686292721
-118.237936894 33.8487582049 0.643934802499
-118.190828074 33.8266762826 0.708760981698
-118.143742767 33.8045757709 0.704715487236
-118.09668165 33.7824567076 0.699707907063
-118.04964439 33.7603191403 0.700443100039
-118.002630987 33.7381631134 0.655134576176
-117.955641446 33.7159886712 0.536837069472
-117.908675768 33.693795858 0.263928309786
-117.861733956 33.6715847184 -0.127482696093
-117.814816012 33.6493552966 -0.513715567459
-117.767921937 33.627107637 -0.827606635779
-117.721051735 33.604841784 -0.889664182934
-117.674205406 33.5825577822 -0.907531555898
-117.627382952 33.5602556757 -0.900327401542
-117.580584376 33.5379355092 -0.884632005241
-117.533809678 33.515597327 -0.916426289755
-117.487058859 33.4932411736 -0.970178406966
-117.440331922 33.4708670934 -0.982461336508
-117.393628867 33.4484751309 -0.944899712952
-119.20659757 34.3476204235 0.500771191733
-119.158972036 34.3259297264 0.615725905131
-119.111370328 34.3042194974 0.734350279302
-119.063792449 34.2824897806 0.789908345789
-119.016238407 34.2607406202 0.584605934944
-118.968708206 34.2389720601 0.165864687234
-118.921201851 34.2171841447 -0.0346538422004
-118.873719348 34.1953769181 0.0316644101524
-118.8262607 34.1735504244 0.0276448643595
-118.778825913 34.1517047079 -0.0206759585946
-118.731414652 34.1298398176 -0.0267198914551
-118.6840276 34.107955788 -0.0430838376239
-118.636664422 34.0860526683 -0.0631816871859
-118.589325122 34.0641305027 -0.145930989355
-118.542009704 34.0421893354 0.0142250770015
-118.494718173 34.0202292109 0.649054923828
-118.447450531 33.9982501733 0.871828753973
-118.400206783 33.9762522669 0.789179329309
-118.352986932 33.9542355362 0.717540744927
-118.305790982 33.9322000253 0.768994066578
-118.258618936 33.9101457787 0.801927558555
-118.211470797 33.8880728407 0.850134026877
-118.164346568 33.8659812556 0.881251017216
-118.117245915 33.843871071 0.838771469689
-118.070169516 33.8217423248 0.816144508671
-118.023117035 33.7995950648 0.801647728919
-117.976088476 33.7774293352 0.734729016692
-117.929083841 33.7552451806 0.564577549094
-117.882103131 33.7330426453 0.384791541398
-117.835146351 33.7108217738 0.324933610135
-117.7882135 33.6885826105 -0.158678081696
-117.741304582 33.6663251999 -0.818939172176
-117.694419599 33.6440495864 -0.925514321845
-117.647558552 33.6217558144 -0.955359892976
-117.600721442 33.5994439286 -0.963651542054
-117.553908272 33.5771139732 -0.991336645677
-117.507119043 33.554765993 -1.02620193612
-117.460353756 33.5324000322 -1.05213692104
-117.413612411 33.5100161355 -1.0334364074
-117.366895012 33.4876143474 -0.943058539136
-119.180445852 34.3871284322 0.464569012407
-119.132803567 34.365428271 0.601270882133
-119.085185172 34.3437085665 0.750180311378
-119.037590672 34.321969363 0.83852434457
-118.990020072 34.3002107047 0.684015871883
-118.942473377 34.2784326358 0.326992944298
-118.894950593 34.2566352005 0.179758250751
-118.847451724 34.234818443 0.304419225528
-118.799976775 34.2129824076 0.296562045567
-118.752525751 34.1911271386 0.14446786693
-118.705098317 34.1692526848 0.108491847141
-118.657695155 34.1473590812 0.257189234655
-118.610315931 34.1254463767 0.179535352707
-118.56296065 34.1035146158 -0.0437899817483
-118.515629314 34.0815638427 -0.0558855464806
-118.468321928 34.0595941018 0.443674054716
-118.421038495 34.0376054374 0.914122612804
-118.37377902 34.015597894 0.878691779739
-118.326543505 33.9935715158 0.815317952501
-118.279331954 33.9715263473 0.855941966962
-118.232144371 33.9494624328 0.8911780803
-118.184980758 33.9273798168 0.943365394876
-118.137841119 33.9052785437 0.932552989795
-118.090725118 33.8831586609 0.882034480901
-118.043633435 33.8610202067 0.852410844026
-117.996565733 33.8388632287 0.845488504789
-117.949522015 33.8166877714 0.78086181661
-117.902502285 33.7944938792 0.627063599367
-117.855506543 33.7722815967 0.450015210343
-117.808534793 33.7500509682 0.247332119565
-117.761587036 33.7278020384 -0.288050443865
-117.714663274 33.7055348516 -0.772710757755
-117.667763509 33.6832494525 -0.92414957398
-117.620887743 33.6609458855 -0.949522567205
-117.574035977 33.6386241952 -0.953283491945
-117.527208214 33.6162844262 -0.980590548628
-117.480404453 33.5939266229 -0.990849666764
-117.433624696 33.5715508299 -0.989319331031
-117.386868946 33.5491570918 -0.943480949715
-117.340137201 33.5267454532 -0.879714789113
-119.154270307 34.4266337968 0.380740129741
-119.106611265 34.4049241458 0.530738599607
-119.058976177 34.3831949403 0.717871774237
-119.011365048 34.3614462247 0.89581688699
-118.963777884 34.3396780431 0.847107751438
-118.91621469 34.3178904399 0.47651305581
-118.86867547 34.2960834592 0.354096423032
-118.82116023 34.2742571455 0.584793899167
-118.773668974 34.2524115429 0.456835724081
-118.726201706 34.2305466959 -0.0113651241781
-118.678758093 34.2086626534 0.0016361316538
-118.631338816 34.1867594503 0.463545474661
-118.583943542 34.1648371358 0.454587741376
-118.536572273 34.1428957542 0.101120750563
-118.489225013 34.12093535 0.0293583164981
-118.441901768 34.0989559675 0.122343536414
-118.394602539 34.0769576511 0.402013547736
-118.347327332 34.0549404452 0.742824366042
-118.300076148 34.0329043944 0.780951041135
-118.252848993 34.010849543 0.845514639177
-118.205645868 33.9887759355 0.861730524153
-118.158466777 33.9666836163 0.881246779622
-118.111311723 33.9445726299 0.90978504305
-118.064180371 33.9224430238 0.856740513518
-118.017073399 33.9002948365 0.831950922293
-117.969990472 33.8781281155 0.860871195796
-117.922931593 33.8559429053 0.814071118291
-117.875896763 33.8337392505 0.675852584564
-117.828885986 33.8115171957 0.368129577182
-117.781899263 33.7892767852 -0.210665838552
-117.734936596 33.7670180638 -0.693894103665
-117.687997987 33.744741076 -0.860005708731
-117.641083438 33.7224458663 -0.914538153314
-117.59419295 33.7001324793 -0.889917816763
-117.547326526 33.6778009596 -0.877143298829
-117.500484165 33.6554513519 -0.886074148059
-117.453665871 33.6330837006 -0.870835367123
-117.406871643 33.6106980506 -0.830683554449
-117.360101483 33.5882944462 -0.791552430666
-117.313355392 33.5658729322 -0.787662320489
-119.128070757 34.4661319862 0.239855778223
-119.080394953 34.4444128197 0.344576937722
-119.032743168 34.4226740877 0.569772924195
-118.985115407 34.4009158342 0.91845597345
-118.937511675 34.3791381037 1.05547487316
-118.889931977 34.3573409405 0.856039795353
-118.842376318 34.335524389 0.739581160551
-118.794844703 34.3136884934 0.653827362796
-118.747337136 34.2918332981 0.327698317943
-118.699853622 34.2699588476 -0.0425035604058
-118.652393827 34.2480651908 0.0764657255003
-118.604958772 34.2261523583 0.55775479619
-118.557547104 34.2042204127 0.68889750919
-118.510159845 34.182269385 0.501228249658
-118.46279666 34.1602993242 0.412024528771
-118.415457552 34.1383102746 0.320632428184
-118.368142526 34.1163022808 0.443710341516
-118.320851584 34.0942753872 0.56751782676
-118.27358473 34.0722296383 0.697807291328
-118.226341967 34.0501650787 0.786134422706
-118.179123299 34.0280817528 0.805143146497
-118.131928728 34.0059797052 0.849552890582
-118.084758258 33.9838589803 0.888102576593
-118.037611553 33.9617196257 0.866059492997
-117.990489291 33.93956168 0.835420319419
-117.943391138 33.9173851907 0.819577731908
-117.896317096 33.8951902025 0.76488961146
-117.849267167 33.8729767599 0.611796602123
-117.802241353 33.8507449075 0.208521952074
-117.755239656 33.82849469 -0.428730924816
-117.708262079 33.8062261519 -0.814017585033
-117.661308622 33.7839393379 -0.869161984111
-117.614379288 33.7616342925 -0.855036847603
-117.567474079 33.7393110605 -0.822958095936
-117.520592995 33.7169696865 -0.816177653625
-117.473736039 33.6946102151 -0.810834733273
-117.42690321 33.672232691 -0.775996806962
-117.380094511 33.6498371588 -0.715121708745
-117.333309943 33.6274236633 -0.688000413075
-117.286549505 33.6049922491 -0.711380936857
-119.10184725 34.5056274814 0.0745498309346
-119.054154678 34.4838987739 0.0777730953065
-119.006486189 34.4621504896 0.356869843277
-118.958841789 34.4403826728 0.939727206031
-118.911221483 34.4185953679 1.25110080788
-118.863625275 34.3967886193 1.23865025587
-118.816053171 34.3749624713 1.04672674012
-118.768505175 34.3531169684 0.559774609008
-118.720981292 34.331252155 0.212478605993
-118.673481527 34.3093680755 0.0511003382583
-118.626005883 34.2874647745 0.196443062263
-118.578554365 34.2655422963 0.636619316967
-118.531126638 34.2436006897 0.867068840341
-118.483723384 34.2216399906 0.945276412994
-118.436344268 34.1996602478 0.894253086171
-118.388989293 34.1776615058 0.765730086867
-118.341658464 34.1556438093 0.715926140953
-118.294351783 34.1336072026 0.325974565456
-118.247069254 34.1115517305 0.527565771486
-118.19981088 34.0894774373 0.746259258278
-118.152576664 34.0673843678 0.855762712481
-118.105366609 34.0452725665 0.876379635381
-118.058180718 34.0231420779 0.938357137184
-118.011018656 34.0009929496 0.914113814069
-117.963881102 33.9788252203 0.836221537947
-117.916767719 33.9566389376 0.753753925815
-117.86967851 33.9344341463 0.691210622154
-117.822613478 33.9122108908 0.549487173479
-117.775572624 33.8899692158 0.172043633884
-117.72855595 33.8677091661 -0.441544873457
-117.681563459 33.8454307863 -0.753898228714
-117.634595152 33.8231341211 -0.729106751334
-117.587651031 33.8008192151 -0.736059268426
-117.540731097 33.778486113 -0.745780078505
-117.493835351 33.7561348596 -0.776209003276
-117.446963796 33.7337654996 -0.776968915142
-117.400116431 33.7113780776 -0.729485490467
-117.353293259 33.6889726385 -0.650282929496
-117.306494279 33.6665492269 -0.623748157881
-117.259719494 33.6441078875 -0.671256464353
-119.075599609 34.5451157512 -0.0362749726893
-119.027890264 34.523377477 0.0209425939895
-118.980205068 34.5016196148 0.340020044625
-118.932544025 34.479842209 0.807571789921
-118.884907141 34.458045304 1.0649296805
-118.83729442 34.4362289442 1.12460215481
-118.789705867 34.4143931742 0.94650347606
-118.742141487 34.3925380384 0.635172904271
-118.694601285 34.3706635812 0.467727766143
-118.647085264 34.3487698472 0.38835313398
-118.59959343 34.326856881 0.514804380583
-118.552125786 34.3049247269 0.778618371878
-118.504681997 34.2829734338 1.03992970606
-118.457262745 34.2610030377 1.10789651018
-118.409867696 34.2390135875 1.02416817873
-118.362496852 34.2170051277 0.838303855165
-118.315150218 34.1949777029 0.659134215033
-118.267827795 34.1729313578 0.189569483839
-118.220529589 34.150866137 0.217374600418
-118.173255602 34.128782085 0.549566741696
-118.126005837 34.1066792465 0.744399836133
-118.078780297 34.0845576662 0.875257371425
-118.031578984 34.0624173886 1.04468309469
-117.984401564 34.0402584612 0.955034670701
-117.937248715 34.0180809231 0.845742068477
-117.890120101 33.9958848218 0.721190361182
-117.843015725 33.973670202 0.620073522891
-117.795935588 33.9514371084 0.507847647064
-117.748879694 33.9291855858 0.244710574148
-117.701848043 33.9069156787 -0.115448274493
-117.654840638 33.884627432 -0.289235230202
-117.60785748 33.8623208904 -0.391257707404
-117.56089857 33.8399960987 -0.518671000501
-117.513963912 33.8176531015 -0.674755996326
-117.467053504 33.7952919437 -0.786370663005
-117.42016735 33.77291267 -0.788414560021
-117.37330545 33.7505153252 -0.745982054016
-117.326467804 33.7280999541 -0.679357054798
-117.279654414 33.7056666015 -0.65847757238
-117.232865281 33.6832153121 -0.670751971865
-119.04932788 34.5846012766 -0.095457827743
-119.001601757 34.5628534101 0.0426798707843
-118.953899846 34.5410859444 0.284378709078
-118.906222154 34.5192989239 0.540741114119
-118.858568686 34.4974923933 0.721026019633
-118.810939445 34.4756663969 0.757408550266
-118.763334438 34.4538209793 0.744531186014
-118.715753669 34.431956185 0.821777421107
-118.668197141 34.4100720586 0.854356718278
-118.62066486 34.3881686446 0.824172566539
-118.57315683 34.3662459877 0.845145445312
-118.525673054 34.3443041323 0.80422337886
-118.478213198 34.3223431273 1.05069766036
-118.430777944 34.3003630088 1.08445035324
-118.383366956 34.2783638257 0.890877757226
-118.335980238 34.2563456228 0.411779867185
-118.288617794 34.2343084445 0.103976595194
-118.241279626 34.2122523356 -0.0272048757451
-118.193965738 34.1901773407 0.0309413528275
-118.146676134 34.1680835046 0.305512935847
-118.099410815 34.1459708718 0.521783716392
-118.052169785 34.1238394872 0.718950101993
-118.004953047 34.1016893954 0.888489881439
-117.957760264 34.0795206437 0.901856186673
-117.910592117 34.0573332716 0.800974848726
-117.863448269 34.0351273265 0.622172704603
-117.816328722 34.0129028531 0.532459344636
-117.769233478 33.9906598963 0.496180793816
-117.722162539 33.9683985007 0.413887720698
-117.675115908 33.9461187112 0.39677067932
-117.628093586 33.9238205726 0.268382752255
-117.581095574 33.9015041296 -0.0156452712629
-117.534121875 33.879169427 -0.273514296555
-117.487172488 33.8568165097 -0.627167361507
-117.440247417 33.8344454225 -0.801980730847
-117.393346662 33.8120562101 -0.790820158733
-117.346470223 33.7896489175 -0.785665866998
-117.299618102 33.7672235895 -0.753220445548
-117.2527903 33.7447802709 -0.716521152867
-117.205986817 33.7223190065 -0.676188712099
-119.023031889 34.6240795263 -0.179877484758
-118.975288982 34.6023220417 -0.100016171912
-118.927570354 34.5805449467 0.0435751853085
-118.879876009 34.5587482859 0.245959793268
-118.832205953 34.5369321038 0.386982503742
-118.784560189 34.5150964451 0.43010879518
-118.736938724 34.4932413542 0.564250332729
-118.689341562 34.4713668759 0.860050114851
-118.641768706 34.4494730546 1.03145114941
-118.594220161 34.427559935 1.09226983962
-118.546695932 34.4056275618 1.06711361081
-118.499196023 34.3836759796 0.921928839254
-118.451720097 34.361705237 0.922071201947
-118.404268837 34.3397153706 0.841628826588
-118.356841909 34.3177064292 0.514007421112
-118.309439315 34.2956784575 0.103086658475
-118.262061059 34.2736315003 -0.0946621283945
-118.214707144 34.2515656021 -0.139711102454
-118.167377573 34.2294808078 -0.0947556591477
-118.120072349 34.2073771621 0.0107482435189
-118.072791475 34.1852547097 0.159871618322
-118.025534954 34.1631134954 0.402083073051
-117.978302789 34.140953564 0.608643916481
-117.931094643 34.1187749628 0.679241144812
-117.883911196 34.0965777313 0.601882255111
-117.836752112 34.074361917 0.507159579569
-117.789617394 34.0521275648 0.491045946805
-117.742507042 34.0298747195 0.514985006272
-117.695421059 34.0076034258 0.527064574856
-117.648359447 33.9853137287 0.527046852139
-117.601322207 33.9630056729 0.356585792286
-117.554309341 33.9406793033 0.123119627926
-117.507320851 33.9183346648 -0.1287046446
-117.460356738 33.8959718023 -0.407631410138
-117.413417002 33.8735907606 -0.572516126902
-117.366501646 33.8511915845 -0.702127869107
-117.319610669 33.8287743191 -0.782234608845
-117.272744074 33.8063390091 -0.766900927653
-117.22590186 33.7838856995 -0.709393977024
-117.179084028 33.7614144352 -0.652369914275
-118.996711678 34.6635549813 -0.284150832281
-118.948951982 34.6417878529 -0.322806680331
-118.90121663 34.620001103 -0.229023666279
-118.853505626 34.5981947762 0.00697244388418
-118.805818976 34.5763689172 0.140898344698
-118.758156684 34.5545235705 0.165393462383
-118.710518755 34.5326587808 0.402986028009
-118.662905193 34.5107745928 0.844631014756
-118.615316004 34.4888710511 1.06969605476
-118.56775119 34.4669482004 1.20450215925
-118.520210757 34.4450060854 1.21114170314
-118.472694708 34.4230447508 1.09165263931
-118.425202707 34.4010642453 0.909896746219
-118.377735438 34.3790646055 0.492320388192
-118.330292564 34.3570458804 0.144151462792
-118.282874089 34.3350081146 -0.0205119833958
-118.235480017 34.3129513529 -0.114356668221
-118.188110349 34.2908756401 -0.139721889794
-118.140765091 34.268781021 -0.199676234435
-118.093444243 34.2466675403 -0.336842356831
-118.046147811 34.224535243 -0.248556204083
-117.998875795 34.2023841737 0.0624507728938
-117.951628199 34.1802143774 0.273821221157
-117.904404686 34.1580259013 0.333666043758
-117.857205936 34.1358187853 0.340188543956
-117.810031613 34.1135930767 0.367776827723
-117.762881719 34.0913488204 0.418936785705
-117.715756256 34.0690860614 0.495831307161
-117.668655226 34.0468048444 0.52227351076
-117.62157863 34.0245052145 0.379203528834
-117.57452647 34.0021872165 0.23316951145
-117.527498748 33.9798508952 0.135570944223
-117.480495464 33.9574962957 0.0107585986467
-117.433516621 33.9351234628 -0.0561031790289
-117.386562219 33.9127324415 -0.244230151903
-117.339632259 33.8903232767 -0.590206009862
-117.292726743 33.8678960134 -0.759332445298
-117.245845671 33.8454506965 -0.719677209249
-117.198989043 33.822987371 -0.64949681662
-117.152156861 33.8005060818 -0.592848575054
-118.970367076 34.70302311 -0.329349485548
-118.922590586 34.681246312 -0.352843779156
-118.874838505 34.6594498814 -0.276122050429
-118.827110839 34.6376338629 -0.153348439406
-118.779407591 34.6157983011 0.00209981089067
-118.731728767 34.5939432407 0.255936696899
-118.684074372 34.5720687265 0.584404546976
-118.636444408 34.5501748031 0.789273938883
-118.588838882 34.5282615153 0.884715695741
-118.541257797 34.5063289078 1.00115433144
-118.493701157 34.4843770254 1.01911032976
-118.446168966 34.4624059128 0.977733621156
-118.398660888 34.4404156188 0.732295137311
-118.351177606 34.4184061801 0.262469634903
-118.303718785 34.3963776456 -0.0222050401403
-118.256284427 34.3743300601 -0.0689751090799
-118.208874536 34.3522634685 -0.109297084829
-118.161489115 34.3301779156 -0.209144547287
-118.114128167 34.3080734462 -0.359832411264
-118.066791695 34.2859501052 -0.490330570727
-118.019479701 34.2638079374 -0.410278321279
-117.972192189 34.2416469878 -0.208238535789
-117.924929161 34.2194673012 -0.0347074880703
-117.87769028 34.1972689249 0.132179711909
-117.830476226 34.1750518989 0.0979422396885
-117.783286664 34.1528162707 0.103616150445
-117.736121594 34.1305620851 0.193944831389
-117.688981019 34.1082893871 0.374390621331
-117.641864941 34.0859982216 0.448352261981
-117.594773361 34.0636886337 0.352192538288
-117.54770628 34.0413606681 0.278798184648
-117.500663701 34.01901437 0.218022602103
-117.453645625 33.9966497843 0.179841935504
-117.406652052 33.974266956 0.159059421101
-117.359682983 33.95186593 -0.0695403243602
-117.312738421 33.9294467514 -0.45801224399
-117.265818365 33.9070094651 -0.666269202358
-117.218922817 33.8845541163 -0.641611752017
-117.172051776 33.8620807498 -0.569724088539
-117.125205244 33.8395894107 -0.495344909337
-118.943998122 34.7424883935 -0.298898149689
-118.896204833 34.7207019002 -0.245343406427
-118.848436018 34.6988957632 -0.214366773066
-118.800691683 34.6770700273 -0.26110864019
-118.752971832 34.6552247371 -0.0327721595881
-118.70527647 34.6333599374 0.576587560928
-118.657605601 34.611475673 0.827388630926
-118.60995923 34.5895719887 0.61124694543
-118.562337362 34.5676489292 0.562736864225
-118.51474 34.5457065393 0.61884277768
-118.467167148 34.523744864 0.652916863168
-118.41961881 34.5017639479 0.741377822395
-118.372094649 34.4797638397 0.542443967511
-118.324595351 34.4577445766 0.0699310964524
-118.277120577 34.4357062073 -0.133944699024
-118.229670332 34.4136487767 -0.0421441245041
-118.182244618 34.3915723298 -0.079916078846
-118.134843438 34.3694769113 -0.308934778951
-118.087466797 34.3473625662 -0.458215540038
-118.040114696 34.3252293395 -0.475253064192
-117.992787138 34.303077276 -0.441852003479
-117.945484125 34.2809064206 -0.403014245536
-117.898205661 34.2587168184 -0.293778120179
-117.850951409 34.2365085166 -0.171501863987
-117.803722048 34.2142815554 -0.219461074137
-117.756517243 34.1920359822 -0.22562787524
-117.709336994 34.169771842 -0.0877910135562
-117.662181304 34.1474891798 0.244374405542
-117.615050175 34.1251880406 0.396387536448
-117.567943608 34.1028684694 0.402290924849
-117.520861604 34.0805305113 0.380619453425
-117.473804165 34.0581742111 0.313988702436
-117.426771293 34.0357996141 0.322699678113
-117.379762988 34.0134067652 0.326969911859
-117.332779251 33.9909957094 0.13003508498
-117.285820084 33.9685664919 -0.293966945381
-117.238885487 33.9461191577 -0.530005332239
-117.19197546 33.9236537518 -0.491286751646
-117.145090005 33.9011703193 -0.425210697567
-117.098229122 33.8786689054 -0.338375802399
-118.917604646 34.7819463001 -0.251370151758
-118.869794553 34.7601500856 -0.16630416205
-118.822009001 34.7383342164 -0.137905303731
-118.774247993 34.7164987372 -0.142397043423
-118.726511536 34.6946436928 0.102471356353
-118.678799632 34.6727691281 0.500282823592
-118.631112288 34.6508750877 0.586859212231
-118.583449507 34.6289616167 0.479560197545
-118.535811293 34.6070287598 0.42843421334
-118.488197651 34.5850765619 0.332035963898
-118.440608585 34.5631050679 0.315984331814
-118.393044097 34.5411143226 0.400514366552
-118.345503852 34.5191043748 0.256748918874
-118.297988534 34.4970752616 -0.0308922611927
-118.250497806 34.4750270319 -0.11723094464
-118.203031672 34.4529597307 -0.0469682327733
-118.155590133 34.4308734028 -0.102064081194
-118.108173194 34.4087680932 -0.273672096155
-118.060780857 34.386643847 -0.365659350427
-118.013413126 34.364500709 -0.381555304304
-117.966070002 34.3423387242 -0.389232394248
-117.918751488 34.3201579377 -0.406634911467
-117.871457587 34.2979583945 -0.355998368467
-117.824187962 34.2757401418 -0.323448848726
-117.776943294 34.2535032199 -0.319577099827
-117.729723244 34.2312476765 -0.315013226624
-117.682527816 34.2089735563 -0.168659874891
-117.635357011 34.1866809046 0.0770892600628
-117.58821083 34.1643697664 0.221710142831
-117.541089276 34.1420401867 0.324501350146
-117.493992349 34.1196922107 0.355880400653
-117.446920051 34.0973258833 0.355192223113
-117.399872383 34.0749412498 0.458240617217
-117.352849346 34.0525383551 0.607575296317
-117.305850941 34.0301172444 0.508013190303
-117.25887717 34.0076779629 0.0951560075429
-117.211928032 33.9852205555 -0.121292321463
-117.165003528 33.9627450675 -0.128866488376
-117.118103659 33.940251544 -0.0985265054148
-117.071228425 33.9177400302 -0.123794722801
-118.891186687 34.8214013107 -0.228012649822
-118.843359785 34.7995953494 -0.111772666493
-118.795557488 34.7777697222 -0.0435413373486
-118.747779802 34.7559244741 0.0258998067677
-118.700026732 34.7340596498 0.147430734923
-118.652298282 34.7121752942 0.171388875736
-118.604594456 34.6902714523 0.25014953276
-118.556915259 34.668348169 0.443955745813
-118.509260695 34.646405489 0.394202623849
-118.461630768 34.6244434575 0.0900955651294
-118.414025481 34.6024621192 0.00345843521212
-118.366444839 34.5804615192 0.0913175239382
-118.318888505 34.5584417061 0.0364591858824
-118.271357163 34.5364027173 -0.0606956029451
-118.223850476 34.5143446017 -0.0843873243228
-118.176368447 34.4922674043 -0.0548764877187
-118.12891108 34.47017117 -0.0775012561871
-118.081478377 34.4480559439 -0.144538929393
-118.034070341 34.425921771 -0.200430782538
-117.986686975 34.4037686964 -0.234015659861
-117.939328281 34.381596765 -0.258095489713
-117.891994263 34.3594060219 -0.278929778469
-117.844684922 34.3371965123 -0.264356353159
-117.79739992 34.3149682833 -0.235524507842
-117.75013994 34.2927213756 -0.235544844172
-117.702904644 34.2704558365 -0.240628927583
-117.655694033 34.2481717111 -0.178166241336
-117.60850811 34.2258690446 -0.112521402023
-117.561346875 34.2035478821 0.00749234858828
-117.51421033 34.1812082687 0.190043978887
-117.467098478 34.1588502496 0.261957961927
-117.420011318 34.1364738698 0.300983553669
-117.372948852 34.1140791745 0.507742690537
-117.325911081 34.091666209 0.933855061229
-117.278898007 34.0692350183 0.932009395912
-117.231909628 34.0467856475 0.487506966624
-117.184945948 34.024318142 0.295419631853
-117.138006965 34.0018325469 0.301251512056
-117.09109268 33.9793289073 0.257622640914
-117.044203094 33.9568072685 0.0602942000381
-118.864744076 34.8608488937 -0.253145857611
-118.816900359 34.8390331595 -0.152961597832
-118.769081315 34.8171977485 -0.0792742045545
-118.721286948 34.7953427055 0.00420457989075
-118.673517262 34.7734680755 0.0513809168775
-118.625772261 34.7515739034 0.0406938661549
-118.578051951 34.7296602341 0.159375039518
-118.530356336 34.7077271126 0.325950498163
-118.482685419 34.6857745839 0.257479878225
-118.435039204 34.6638026929 0.0287268532965
-118.387417695 34.6418114847 -0.0392121351357
-118.339820897 34.6198010042 -0.0303770149207
-118.292248471 34.5977713002 -0.0547669053321
-118.244701103 34.5757224102 -0.0792893094747
-118.197178455 34.553654383 -0.0602037382038
-118.14968053 34.5315672638 -0.0115344527824
-118.102207332 34.5094610975 0.00328997258487
-118.054758864 34.4873359293 -0.0220865153662
-118.007335127 34.4651918042 -0.0574826192653
-117.959936125 34.4430287674 -0.0888643698685
-117.912561861 34.4208468638 -0.110839287673
-117.865212336 34.3986461387 -0.128809976544
-117.817887554 34.3764266372 -0.125873439058
-117.770587175 34.3541884066 -0.124543053771
-117.723311883 34.3319314875 -0.143993299523
-117.67606134 34.3096559274 -0.168810566468
-117.628835546 34.2873617714 -0.16112392266
-117.581634503 34.2650490648 -0.142952175735
-117.534458214 34.2427178527 -0.0417153881098
-117.48730668 34.2203681803 0.0766073230351
-117.440179901 34.1980000928 0.113770582843
-117.39307788 34.1756136353 0.138750431668
-117.346000616 34.1532088531 0.348527723103
-117.298948112 34.1307857915 0.727819298555
-117.251920368 34.1083444955 0.727691712366
-117.204917384 34.0858850105 0.518915482773
-117.157939161 34.0634073816 0.44135046292
-117.1109857 34.0409116542 0.473400015945
-117.064057001 34.0183978735 0.372593783737
-117.017153064 33.9958660847 0.112945202705
-118.838276848 34.9002935298 -0.328743169898
-118.790416312 34.8784679971 -0.273175245145
-118.742580514 34.8566227765 -0.208272851818
-118.694769459 34.8347579129 -0.121715130461
-118.646983151 34.8128734514 -0.063753771088
-118.599221595 34.790969437 -0.00106207721585
-118.551484795 34.7690459146 0.0980617798459
-118.503772756 34.7471029293 0.169264979527
-118.45608548 34.7251405261 0.140191191609
-118.408422972 34.7031587501 0.0635129408897
-118.360785237 34.6811576463 -0.00099923199697
-118.313172277 34.6591372598 -0.0722873730894
-118.265583754 34.6370976392 -0.0977517860135
-118.218020356 34.6150388223 -0.0958827224987
-118.170481742 34.5929608581 -0.0444320262257
-118.122967918 34.5708637915 0.0451897805414
-118.075478885 34.5487476677 0.0701354092923
-118.028014646 34.5266125319 0.0480097691482
-117.980575205 34.5044584291 0.0191356371696
-117.933160564 34.4822854046 -0.00372722067294
-117.885770725 34.4600935035 -0.0179672179014
-117.838405691 34.437882771 -0.0261299628214
-117.791065463 34.4156532522 -0.0332992355753
-117.743749705 34.3934049944 -0.0644940622571
-117.696459098 34.3711380386 -0.0936825175084
-117.649193303 34.3488524322 -0.131846347048
-117.601952323 34.3265482203 -0.133667010973
-117.55473616 34.3042254483 -0.0974814020755
-117.507544813 34.2818841613 -0.0476534607526
-117.460378286 34.2595244045 -0.0345112132377
-117.413236579 34.2371462234 -0.0645004843642
-117.366119694 34.214749663 -0.137532384676
-117.319027631 34.1923347687 -0.0303076922922
-117.271960391 34.1699015857 0.172614868164
-117.224917975 34.1474501593 0.241151530472
-117.177900383 34.1249805349 0.290399778175
-117.130907617 34.1024927576 0.327348468671
-117.083939676 34.0799868728 0.405962386722
-117.036996561 34.0574629258 0.298609140212
-116.990078272 34.0349209619 -0.000301331623093
-118.811784836 34.9397306873 -0.42808637744
-118.763907477 34.91789533 -0.407004992048
-118.716054922 34.8960402738 -0.363453440283
-118.668227177 34.8741655638 -0.293839284284
-118.620424244 34.8522712449 -0.22999292818
-118.57264613 34.8303573623 -0.147273829668
-118.524892837 34.808423961 -0.0683388431312
-118.47716437 34.7864710861 -0.00779512328674
-118.429460734 34.7644987826 -0.00550517288512
-118.381781931 34.7425070958 -0.0339567363468
-118.334127966 34.7204960706 -0.0968976939183
-118.286498842 34.6984657523 -0.15346655936
-118.238894222 34.6764161894 -0.157643412915
-118.19131479 34.6543474201 -0.110505906804
-118.14376021 34.632259493 -0.0427576101657
-118.096230483 34.6101524535 0.00890586781248
-118.048725614 34.5880263465 -0.000395523025041
-118.001245604 34.5658812175 -0.0324412442495
-117.953790457 34.5437171115 -0.0732386468977
-117.906360175 34.5215340737 -0.0897199844523
-117.858954761 34.4993321495 -0.10762670926
-117.811574216 34.477111384 -0.105928406696
-117.764218543 34.4548718224 -0.120566708477
-117.716887404 34.4326135121 -0.134111027135
-117.66958148 34.4103364941 -0.158578808719
-117.622300435 34.3880408159 -0.179565394898
-117.575044269 34.3657265227 -0.179084052798
-117.527812983 34.3433936598 -0.151397355778
-117.48060658 34.3210422726 -0.146791247476
-117.43342506 34.2986724062 -0.177105145552
-117.386268425 34.2762841061 -0.246500039337
-117.339136676 34.2538774175 -0.33379332219
-117.292029813 34.2314523858 -0.290911646853
-117.244947838 34.2090090563 -0.209395445307
-117.197890751 34.1865474743 -0.128920952227
-117.150858553 34.1640676852 -0.0440338016213
-117.103851244 34.1415697343 -0.00212121188338
-117.056868824 34.119053667 0.0182999980251
-117.009911294 34.0965195286 -0.104243190283
-116.962978654 34.0739673645 -0.263988651449
-118.785268074 34.979164847 -0.527257895979
-118.737373886 34.9573196393 -0.539886374702
-118.689504569 34.9354547218 -0.519795435999
-118.641660126 34.9135701395 -0.474638725834
-118.593840564 34.8916659375 -0.415252011655
-118.546045885 34.8697421609 -0.340114116892
-118.498276094 34.8477988549 -0.264137441259
-118.450531195 34.8258360646 -0.190829142403
-118.402811193 34.8038538352 -0.173568944074
-118.35511609 34.7818522118 -0.204297288357
-118.30744589 34.7598312396 -0.243787418532
-118.259800598 34.7377909638 -0.266801488529
-118.212179874 34.7157314331 -0.233524374905
-118.164584406 34.6936526856 -0.12869332662
-118.117013854 34.6715547702 -0.076778419522
-118.069468221 34.649437732 -0.105555574043
-118.021947511 34.6273016164 -0.148380449246
-117.974451727 34.6051464685 -0.209347030666
-117.92698087 34.5829723337 -0.254980250565
-117.879534944 34.5607792573 -0.277529455166
-117.83211395 34.5385672844 -0.291639860384
-117.784717891 34.5163364604 -0.291918476891
-117.737346769 34.4940868306 -0.291731993479
-117.690000246 34.4718184423 -0.277583871884
-117.642679004 34.4495313368 -0.281096853264
-117.595382704 34.4272255614 -0.285255080931
-117.548111349 34.4049011615 -0.281940004302
-117.500864939 34.3825581825 -0.27136410905
-117.453643476 34.3601966696 -0.284900514256
-117.406446961 34.3378166683 -0.327012962167
-117.359275396 34.315418224 -0.39002684591
-117.31212878 34.2930013819 -0.440015809083
-117.265007116 34.2705661876 -0.449923868674
-117.217910404 34.2481126863 -0.452472751319
-117.170838644 34.2256409235 -0.424516679195
-117.123791837 34.2031509445 -0.396461335927
-117.076769984 34.1806427948 -0.419249390695
-117.029773084 34.1581165198 -0.531877953013
-116.982801138 34.135572165 -0.599727479906
-116.935854145 34.1130097756 -0.5517991998
-118.758726398 35.0185914768 -0.60656766389
-118.710815377 34.9967363928 -0.623763502281
-118.662929294 34.9748615879 -0.611377343096
-118.615068152 34.9529671074 -0.581136329901
-118.567231955 34.9310529963 -0.527653428101
-118.51942071 34.9091192999 -0.465848508402
-118.471634418 34.8871660633 -0.394816190081
-118.423873085 34.8651933318 -0.334428873617
-118.376136713 34.8432011505 -0.314438281639
-118.328425308 34.8211895648 -0.329313906678
-118.280738872 34.7991586198 -0.34158181663
-118.233077409 34.7771083608 -0.338142267288
-118.18544058 34.7550388363 -0.284913386756
-118.137829073 34.732950085 -0.201137804666
-118.090242548 34.7108421554 -0.180278134567
-118.042681008 34.688715093 -0.220601090092
-117.995144456 34.666568943 -0.272090362276
-117.947632895 34.6444037507 -0.335319190208
-117.900146327 34.6222195615 -0.375617814437
-117.852684755 34.6000164207 -0.404039673567
-117.805248181 34.5777943737 -0.413521369125
-117.757836608 34.5555534657 -0.41722167642
-117.710450036 34.5332937422 -0.406251182373
-117.663088128 34.5110152503 -0.391282122537
-117.615751567 34.4887180317 -0.384879437255
-117.568440013 34.4664021337 -0.384516204849
-117.521153468 34.4440676016 -0.382892221722
-117.473891934 34.421714481 -0.386704997476
-117.426655411 34.3993428172 -0.409205264682
-117.379443902 34.3769526556 -0.451661892945
-117.332257406 34.3545440417 -0.50319136334
-117.285095925 34.3321170208 -0.547198230812
-117.23795946 34.3096716385 -0.583844252797
-117.190848011 34.2872079402 -0.619059993199
-117.14376158 34.2647259713 -0.629391366764
-117.096700165 34.2422257772 -0.651749314655
-117.049663768 34.2197074036 -0.710922461464
-117.002652389 34.1971708957 -0.82073091345
-116.955666028 34.1746162992 -0.819696175784
-116.908704685 34.1520436595 -0.74355357792
