-119.336999976 34.1500010364 0.568233246771
-119.289458115 34.1283572771 0.59453128288
-119.241939758 34.1066940424 0.592901428499
-119.194444913 34.0850113761 0.522152623413
-119.146973585 34.063309322 0.268032117922
-119.099525778 34.041587924 -0.143576922485
-119.052101499 34.019847226 -0.460920589163
-119.004700752 33.9980872718 -0.653740735689
-118.957323543 33.9763081053 -0.778624823703
-118.909969877 33.9545097704 -0.862131628597
-118.86263942 33.9326923162 -0.901700558077
-118.815332853 33.9108557762 -0.892013726428
-118.768049843 33.8890001996 -0.845984938817
-118.720790395 33.8671256304 -0.783709298656
-118.673554511 33.8452321126 -0.721040896711
-118.626342198 33.8233196901 -0.673943628285
-118.579153458 33.801388407 -0.662887897736
-118.531988297 33.7794383072 -0.707422839247
-118.484846717 33.7574694348 -0.813857469952
-118.437728722 33.7354818338 -0.941170452396
-118.390634316 33.7134755483 -0.888549051601
-118.343563503 33.6914506223 -0.623720454957
-118.296516285 33.6694071 -0.390590795103
-118.24949233 33.6473450287 -0.208326448424
-118.202492314 33.6252644457 -0.080098769163
-118.155515903 33.6031653985 -0.00761757785976
-118.1085631 33.5810479314 0.00622899059341
-118.061633908 33.5589120884 -0.0437235854744
-118.01472833 33.5367579137 -0.157371059024
-117.967846367 33.5145854513 -0.315068761078
-117.920988023 33.4923947456 -0.473279632359
-117.8741533 33.4701858406 -0.592269797853
-117.827342199 33.4479587805 -0.662446491714
-117.780554724 33.4257136095 -0.694049314364
-117.733790875 33.4034503717 -0.699837326258
-117.687050655 33.3811691115 -0.691640599578
-117.640334066 33.358869873 -0.68088544498
-117.593641108 33.3365527004 -0.676626886177
-117.546971785 33.314217638 -0.688692363412
-117.500326096 33.2918647299 -0.716470192355
-119.310966774 34.1895354099 0.637331703253
-119.263408189 34.1678823141 0.685754458009
-119.215873173 34.1462097316 0.716784888234
-119.168361732 34.1245177061 0.708754271591
-119.120873871 34.1028062817 0.352792964469
-119.073409595 34.0810755023 -0.289365198191
-119.02596891 34.0593254116 -0.572924876652
-118.978551822 34.0375560537 -0.715111436636
-118.931158334 34.0157674726 -0.811647482282
-118.883788453 33.9939597122 -0.890041066431
-118.836441844 33.9721328215 -0.916611691612
-118.789119188 33.9502868343 -0.86882296097
-118.741820153 33.9284217997 -0.780699222077
-118.694544742 33.9065377619 -0.68151016479
-118.64729296 33.8846347647 -0.580081008305
-118.600064768 33.8627105985 -0.490611515296
-118.552860257 33.8407698149 -0.444108317206
-118.505679386 33.8188102042 -0.47302672093
-118.458522159 33.7968318106 -0.595721468358
-118.411388581 33.774834678 -0.831257684265
-118.364278655 33.7528188505 -0.682456548232
-118.317192384 33.7307843724 -0.283885245049
-118.270129771 33.7087312878 -0.0964407134352
-118.223090483 33.686659644 0.0676193232746
-118.176075197 33.6645694785 0.175704178303
-118.129083578 33.6424608389 0.231608659465
-118.08211563 33.6203337694 0.227272757273
-118.035171355 33.5981883141 0.146959238331
-117.988250756 33.5760245173 -0.0239772839643
-117.941353835 33.5538424231 -0.263359562445
-117.894480595 33.5316420757 -0.485315593286
-117.847631038 33.5094235195 -0.623478887046
-117.800805165 33.4871867986 -0.689276970117
-117.75400298 33.4649319572 -0.711283799815
-117.707224483 33.4426590396 -0.705410517288
-117.660469677 33.4203680901 -0.685366803186
-117.613738564 33.3980591529 -0.668171822197
-117.567031144 33.3757322724 -0.661206887209
-117.520347419 33.3533874927 -0.681868082902
-117.473687391 33.3310248582 -0.724775035798
-119.284909948 34.229062758 0.686829392502
-119.237334634 34.2074003001 0.747358876877
-119.189782954 34.1857183442 0.785225319872
-119.142254913 34.1640169341 0.727756638458
-119.094750515 34.1422961138 0.269823298622
-119.047269766 34.1205559273 -0.381690690942
-118.999812672 34.0987964186 -0.635810214628
-118.952379238 34.0770176317 -0.719791276312
-118.904969468 34.0552196105 -0.789745712667
-118.857583368 34.0334023991 -0.896319057015
-118.810220604 34.0115660465 -0.916656793384
-118.762881857 33.9897105866 -0.804266438157
-118.715566793 33.9678360688 -0.675077918241
-118.668275416 33.9459425369 -0.548753290385
-118.621007732 33.9240300352 -0.404337201239
-118.573763743 33.9020986076 -0.249954460882
-118.526543455 33.8801482985 -0.140758988585
-118.47934687 33.8581791518 -0.122037555842
-118.432173992 33.8361912116 -0.173907238593
-118.385024826 33.8141845223 -0.16465023582
-118.337899375 33.7921591279 0.283920959711
-118.290797641 33.7701150725 0.238137398928
-118.243719629 33.7480524005 0.286625739834
-118.196665003 33.7259711592 0.377259011761
-118.149634443 33.7038713862 0.448992690326
-118.102627612 33.6817531292 0.486435260546
-118.055644515 33.6596164323 0.468700868189
-118.008685154 33.6374613397 0.367185577608
-117.96174953 33.6152878958 0.128838498457
-117.914837647 33.5930961448 -0.240602476208
-117.867949508 33.570886131 -0.542095717288
-117.821085113 33.5486578986 -0.670284664383
-117.774244465 33.526411492 -0.720813486654
-117.727427567 33.5041469553 -0.733987046508
-117.680634419 33.4818643331 -0.716254749146
-117.633865024 33.4595636695 -0.681220676945
-117.587119383 33.4372450088 -0.664618576405
-117.540397498 33.4149083955 -0.682728799899
-117.49369937 33.3925538738 -0.719770433013
-117.447025 33.3701814881 -0.754494692941
-119.258829555 34.2685875614 0.714597563858
-119.211237506 34.246915716 0.779220117894
-119.163669155 34.2252243613 0.816013444523
-119.116124506 34.2035135412 0.736751581494
-119.068603565 34.1817832997 0.32229691856
-119.021106337 34.1600336808 -0.302009600315
-118.973632828 34.1382647287 -0.631237775846
-118.926183041 34.1164764873 -0.626394085044
-118.878756983 34.0946690007 -0.676679514468
-118.831354658 34.072842313 -0.855881503512
-118.783975733 34.0509964733 -0.850568840202
-118.736620888 34.0291315156 -0.647042245138
-118.68928979 34.0072474891 -0.522166350606
-118.641982443 33.985344438 -0.404515774225
-118.594698851 33.9634224064 -0.216849323557
-118.547439018 33.9414814386 0.0420418443509
-118.500202948 33.9195215785 0.240850308837
-118.452990646 33.8975428705 0.306879883492
-118.405802113 33.8755453588 0.332833369874
-118.358637356 33.8535290875 0.481647202346
-118.311496375 33.8314941009 0.657428565049
-118.264379176 33.8094404432 0.609950272969
-118.217285761 33.7873681587 0.629476826101
-118.170215796 33.7652772948 0.666710874804
-118.123169958 33.7431678892 0.704830368357
-118.076147913 33.7210399896 0.729649559051
-118.029149664 33.6988936402 0.70223788306
-117.982175213 33.6767288854 0.604509073315
-117.935224563 33.6545457694 0.305685192979
-117.888297716 33.6323443366 -0.244891002597
-117.841394674 33.6101246313 -0.610063774751
-117.79451544 33.5878866978 -0.693684607621
-117.747660015 33.5656305805 -0.746732916552
-117.700828402 33.5433563238 -0.763618956527
-117.654020602 33.5210639719 -0.739824712591
-117.607236616 33.4987535693 -0.684948646608
-117.560476447 33.4764251603 -0.680936598699
-117.513740095 33.4540787894 -0.747129744599
-117.467027562 33.4317145009 -0.78657356573
-117.42033885 33.4093323392 -0.796940840395
-119.23272541 34.3081052896 0.724636004989
-119.185116623 34.2864240311 0.823535541968
-119.137531596 34.264723252 0.892794885261
-119.089970336 34.2430029963 0.833332384544
-119.042432848 34.221263308 0.464584257438
-118.994919136 34.1995042312 -0.126541992952
-118.947429207 34.1777258102 -0.459671579253
-118.899963065 34.1559280888 -0.489522581439
-118.852520715 34.1341111114 -0.506553120012
-118.805102162 34.112274922 -0.539567375473
-118.757707072 34.0904195696 -0.455273445371
-118.710336127 34.0685450886 -0.368820757772
-118.662988991 34.0466515282 -0.339975431044
-118.61566567 34.0247389324 -0.296584311895
-118.568366168 34.0028073457 -0.0744226741682
-118.521090488 33.9808568121 0.378617419961
-118.473838635 33.9588873759 0.672871347439
-118.426610612 33.9368990813 0.714200874144
-118.379406423 33.9148919727 0.714949124985
-118.332226072 33.8928660942 0.785776418932
-118.285069561 33.8708214902 0.807460050922
-118.237936894 33.8487582049 0.814242630594
-118.190828074 33.8266762826 0.881124300256
-118.143742767 33.8045757709 0.892476843497
-118.09668165 33.7824567076 0.902531402188
-118.04964439 33.7603191403 0.910352648023
-118.002630987 33.7381631134 0.856754491803
-117.955641446 33.7159886712 0.709171020137
-117.908675768 33.693795858 0.398667903714
-117.861733956 33.6715847184 -0.0153859502379
-117.814816012 33.6493552966 -0.391545695573
-117.767921937 33.627107637 -0.696533934772
-117.721051735 33.604841784 -0.780776198298
-117.674205406 33.5825577822 -0.804661672621
-117.627382952 33.5602556757 -0.791336063922
-117.580584376 33.5379355092 -0.760668434817
-117.533809678 33.515597327 -0.783197975338
-117.487058859 33.4932411736 -0.838662472067
-117.440331922 33.4708670934 -0.858398763811
-117.393628867 33.4484751309 -0.8328343513
-119.20659757 34.3476204235 0.704193308364
-119.158972036 34.3259297264 0.855851693085
-119.111370328 34.3042194974 0.973188597235
-119.063792449 34.2824897806 0.99407644464
-119.016238407 34.2607406202 0.685520258275
-118.968708206 34.2389720601 0.0655371532561
-118.921201851 34.2171841447 -0.280340458418
-118.873719348 34.1953769181 -0.309006287499
-118.8262607 34.1735504244 -0.255419136897
-118.778825913 34.1517047079 -0.0751799306835
-118.731414652 34.1298398176 0.0183085191028
-118.6840276 34.107955788 -0.0653183133448
-118.636664422 34.0860526683 -0.153577062495
-118.589325122 34.0641305027 -0.275544040306
-118.542009704 34.0421893354 -0.0881995822398
-118.494718173 34.0202292109 0.763499774768
-118.447450531 33.9982501733 1.04251857253
-118.400206783 33.9762522669 0.98195452091
-118.352986932 33.9542355362 0.9153371766
-118.305790982 33.9322000253 0.973413978718
-118.258618936 33.9101457787 1.00370937913
-118.211470797 33.8880728407 1.03972350754
-118.164346568 33.8659812556 1.07363916578
-118.117245915 33.843871071 1.03386370976
-118.070169516 33.8217423248 1.02394311328
-118.023117035 33.7995950648 1.02871937815
-117.976088476 33.7774293352 0.946352439192
-117.929083841 33.7552451806 0.715124706555
-117.882103131 33.7330426453 0.476534992047
-117.835146351 33.7108217738 0.380982492898
-117.7882135 33.6885826105 -0.0629421343201
-117.741304582 33.6663251999 -0.666856559864
-117.694419599 33.6440495864 -0.797728637442
-117.647558552 33.6217558144 -0.844836570427
-117.600721442 33.5994439286 -0.850045637374
-117.553908272 33.5771139732 -0.859485723979
-117.507119043 33.554765993 -0.885143475589
-117.460353756 33.5324000322 -0.916488806722
-117.413612411 33.5100161355 -0.907620684335
-117.366895012 33.4876143474 -0.834595219362
-119.180445852 34.3871284322 0.619793243294
-119.132803567 34.365428271 0.787077409172
-119.085185172 34.3437085665 0.942956407172
-119.037590672 34.321969363 1.01895467732
-118.990020072 34.3002107047 0.779971486313
-118.942473377 34.2784326358 0.275620871976
-118.894950593 34.2566352005 -0.0204677754057
-118.847451724 34.234818443 -0.030134005118
-118.799976775 34.2129824076 0.00898932278515
-118.752525751 34.1911271386 0.0662361361239
-118.705098317 34.1692526848 0.123821998842
-118.657695155 34.1473590812 0.215946914402
-118.610315931 34.1254463767 0.078903581204
-118.56296065 34.1035146158 -0.187872827768
-118.515629314 34.0815638427 -0.270481857644
-118.468321928 34.0595941018 0.414222064384
-118.421038495 34.0376054374 1.02671060109
-118.37377902 34.015597894 1.00117506391
-118.326543505 33.9935715158 0.948551652229
-118.279331954 33.9715263473 1.03352207825
-118.232144371 33.9494624328 1.0980816003
-118.184980758 33.9273798168 1.12140202765
-118.137841119 33.9052785437 1.12861470847
-118.090725118 33.8831586609 1.0799081952
-118.043633435 33.8610202067 1.06775934221
-117.996565733 33.8388632287 1.09043593896
-117.949522015 33.8166877714 0.998685969511
-117.902502285 33.7944938792 0.753638269197
-117.855506543 33.7722815967 0.508208817966
-117.808534793 33.7500509682 0.284984728047
-117.761587036 33.7278020384 -0.210074828637
-117.714663274 33.7055348516 -0.656338969598
-117.667763509 33.6832494525 -0.81487942111
-117.620887743 33.6609458855 -0.850966209393
-117.574035977 33.6386241952 -0.851377565423
-117.527208214 33.6162844262 -0.863589526798
-117.480404453 33.5939266229 -0.868957428341
-117.433624696 33.5715508299 -0.870785214391
-117.386868946 33.5491570918 -0.834417954992
-117.340137201 33.5267454532 -0.783136015903
-119.154270307 34.4266337968 0.451350627047
-119.106611265 34.4049241458 0.606599915567
-119.058976177 34.3831949403 0.803537900069
-119.011365048 34.3614462247 0.986112688643
-118.963777884 34.3396780431 0.928859215722
-118.91621469 34.3178904399 0.511963383663
-118.86867547 34.2960834592 0.254750340737
-118.82116023 34.2742571455 0.301094089189
-118.773668974 34.2524115429 0.180159193967
-118.726201706 34.2305466959 -0.0829636496602
-118.678758093 34.2086626534 0.0139365644362
-118.631338816 34.1867594503 0.413906404083
-118.583943542 34.1648371358 0.394559827161
-118.536572273 34.1428957542 0.0489271477076
-118.489225013 34.12093535 -0.12349309014
-118.441901768 34.0989559675 -0.0231467806462
-118.394602539 34.0769576511 0.321859819139
-118.347327332 34.0549404452 0.752599342976
-118.300076148 34.0329043944 0.805471219585
-118.252848993 34.010849543 0.985867806128
-118.205645868 33.9887759355 1.08440300187
-118.158466777 33.9666836163 1.10464702869
-118.111311723 33.9445726299 1.11748562621
-118.064180371 33.9224430238 1.05162543871
-118.017073399 33.9002948365 1.04518541194
-117.969990472 33.8781281155 1.12249898057
-117.922931593 33.8559429053 1.02949840857
-117.875896763 33.8337392505 0.762301269135
-117.828885986 33.8115171957 0.396685368663
-117.781899263 33.7892767852 -0.158333674378
-117.734936596 33.7670180638 -0.606012993153
-117.687997987 33.744741076 -0.76649498557
-117.641083438 33.7224458663 -0.832853765351
-117.59419295 33.7001324793 -0.812420934611
-117.547326526 33.6778009596 -0.796165197381
-117.500484165 33.6554513519 -0.795718784503
-117.453665871 33.6330837006 -0.778970533993
-117.406871643 33.6106980506 -0.740142143965
-117.360101483 33.5882944462 -0.70608916667
-117.313355392 33.5658729322 -0.706240152301
-119.128070757 34.4661319862 0.204545781459
-119.080394953 34.4444128197 0.2776316982
-119.032743168 34.4226740877 0.52210190862
-118.985115407 34.4009158342 0.962397144068
-118.937511675 34.3791381037 1.19331707872
-118.889931977 34.3573409405 0.984595911974
-118.842376318 34.335524389 0.746546550431
-118.794844703 34.3136884934 0.497598016746
-118.747337136 34.2918332981 0.148710292516
-118.699853622 34.2699588476 -0.152090539135
-118.652393827 34.2480651908 0.0135099576527
-118.604958772 34.2261523583 0.570828813805
-118.557547104 34.2042204127 0.732555837708
-118.510159845 34.182269385 0.513832653674
-118.46279666 34.1602993242 0.370963431308
-118.415457552 34.1383102746 0.24926820429
-118.368142526 34.1163022808 0.363950581224
-118.320851584 34.0942753872 0.459603264238
-118.27358473 34.0722296383 0.627485063253
-118.226341967 34.0501650787 0.819146089176
-118.179123299 34.0280817528 0.951919704534
-118.131928728 34.0059797052 1.03653537024
-118.084758258 33.9838589803 1.08976199499
-118.037611553 33.9617196257 1.06215993451
-117.990489291 33.93956168 1.04421463525
-117.943391138 33.9173851907 1.0508746714
-117.896317096 33.8951902025 0.908192298236
-117.849267167 33.8729767599 0.649730620332
-117.802241353 33.8507449075 0.226811280142
-117.755239656 33.82849469 -0.353455638215
-117.708262079 33.8062261519 -0.700748914602
-117.661308622 33.7839393379 -0.772132379574
-117.614379288 33.7616342925 -0.781557516048
-117.567474079 33.7393110605 -0.749040130011
-117.520592995 33.7169696865 -0.737312442034
-117.473736039 33.6946102151 -0.732223709853
-117.42690321 33.672232691 -0.701303990407
-117.380094511 33.6498371588 -0.642665850562
-117.333309943 33.6274236633 -0.618101548616
-117.286549505 33.6049922491 -0.642200577644
-119.10184725 34.5056274814 -0.060447437279
-119.054154678 34.4838987739 -0.143404915689
-119.006486189 34.4621504896 0.176138508642
-118.958841789 34.4403826728 0.965041780862
-118.911221483 34.4185953679 1.42116925463
-118.863625275 34.3967886193 1.4113042152
-118.816053171 34.3749624713 1.13739732548
-118.768505175 34.3531169684 0.531131614256
-118.720981292 34.331252155 0.116349683209
-118.673481527 34.3093680755 -0.146578694539
-118.626005883 34.2874647745 0.0334787562324
-118.578554365 34.2655422963 0.650437084149
-118.531126638 34.2436006897 0.947140986134
-118.483723384 34.2216399906 1.01452120739
-118.436344268 34.1996602478 0.959289291008
-118.388989293 34.1776615058 0.872018609339
-118.341658464 34.1556438093 0.689403326217
-118.294351783 34.1336072026 0.129618910111
-118.247069254 34.1115517305 0.348636076831
-118.19981088 34.0894774373 0.645760008372
-118.152576664 34.0673843678 0.841542035869
-118.105366609 34.0452725665 1.01582244206
-118.058180718 34.0231420779 1.15072935105
-118.011018656 34.0009929496 1.09421554585
-117.963881102 33.9788252203 1.00060897085
-117.916767719 33.9566389376 0.893694973752
-117.86967851 33.9344341463 0.724862738588
-117.822613478 33.9122108908 0.538158463673
-117.775572624 33.8899692158 0.175815103513
-117.72855595 33.8677091661 -0.339130583316
-117.681563459 33.8454307863 -0.62140126943
-117.634595152 33.8231341211 -0.622772440836
-117.587651031 33.8008192151 -0.648395674101
-117.540731097 33.778486113 -0.663224165581
-117.493835351 33.7561348596 -0.684437086281
-117.446963796 33.7337654996 -0.695523396938
-117.400116431 33.7113780776 -0.658454508697
-117.353293259 33.6889726385 -0.582170267434
-117.306494279 33.6665492269 -0.561114692743
-117.259719494 33.6441078875 -0.608680455569
-119.075599609 34.5451157512 -0.222761950612
-119.027890264 34.523377477 -0.241922057975
-118.980205068 34.5016196148 0.128260295773
-118.932544025 34.479842209 0.748935557665
-118.884907141 34.458045304 1.09436637959
-118.83729442 34.4362289442 1.1732529866
-118.789705867 34.4143931742 0.95183051384
-118.742141487 34.3925380384 0.602662526409
-118.694601285 34.3706635812 0.38681636162
-118.647085264 34.3487698472 0.242434971018
-118.59959343 34.326856881 0.418115883043
-118.552125786 34.3049247269 0.7795110593
-118.504681997 34.2829734338 1.10153445441
-118.457262745 34.2610030377 1.16862832376
-118.409867696 34.2390135875 1.09055584493
-118.362496852 34.2170051277 0.957227902239
-118.315150218 34.1949777029 0.562209767492
-118.267827795 34.1729313578 -0.0365484999787
-118.220529589 34.150866137 0.0422623899768
-118.173255602 34.128782085 0.384435127496
-118.126005837 34.1066792465 0.666327685807
-118.078780297 34.0845576662 0.953480898851
-118.031578984 34.0624173886 1.20703392294
-117.984401564 34.0402584612 1.07536388632
-117.937248715 34.0180809231 0.93204065783
-117.890120101 33.9958848218 0.762577577045
-117.843015725 33.973670202 0.628381451258
-117.795935588 33.9514371084 0.508989139811
-117.748879694 33.9291855858 0.26352351612
-117.701848043 33.9069156787 -0.0827224218895
-117.654840638 33.884627432 -0.277473847218
-117.60785748 33.8623208904 -0.377348019855
-117.56089857 33.8399960987 -0.487876030343
-117.513963912 33.8176531015 -0.598438018118
-117.467053504 33.7952919437 -0.670720469152
-117.42016735 33.77291267 -0.680333075676
-117.37330545 33.7505153252 -0.647663054265
-117.326467804 33.7280999541 -0.594609234788
-117.279654414 33.7056666015 -0.587230659863
-117.232865281 33.6832153121 -0.609982612261
-119.04932788 34.5846012766 -0.272525214816
-119.001601757 34.5628534101 -0.190149550902
-118.953899846 34.5410859444 0.0693259030099
-118.906222154 34.5192989239 0.379388159841
-118.858568686 34.4974923933 0.584665812621
-118.810939445 34.4756663969 0.614895033191
-118.763334438 34.4538209793 0.603373369114
-118.715753669 34.431956185 0.734548043177
-118.668197141 34.4100720586 0.786647479699
-118.62066486 34.3881686446 0.79560583645
-118.57315683 34.3662459877 0.837459160588
-118.525673054 34.3443041323 0.748111648525
-118.478213198 34.3223431273 1.03344545346
-118.430777944 34.3003630088 1.05817702314
-118.383366956 34.2783638257 0.866582719846
-118.335980238 34.2563456228 0.397594492027
-118.288617794 34.2343084445 -0.00253545015316
-118.241279626 34.2122523356 -0.184093419771
-118.193965738 34.1901773407 -0.122787140489
-118.146676134 34.1680835046 0.136067647276
-118.099410815 34.1459708718 0.41091992975
-118.052169785 34.1238394872 0.707480921588
-118.004953047 34.1016893954 0.925206642521
-117.957760264 34.0795206437 0.937008720206
-117.910592117 34.0573332716 0.813416596713
-117.863448269 34.0351273265 0.635297117117
-117.816328722 34.0129028531 0.542291777884
-117.769233478 33.9906598963 0.527665624252
-117.722162539 33.9683985007 0.41801937544
-117.675115908 33.9461187112 0.264449845616
-117.628093586 33.9238205726 0.0841578113018
-117.581095574 33.9015041296 -0.173319458699
-117.534121875 33.879169427 -0.364699222593
-117.487172488 33.8568165097 -0.570220386179
-117.440247417 33.8344454225 -0.669722469623
-117.393346662 33.8120562101 -0.662724251618
-117.346470223 33.7896489175 -0.656710759056
-117.299618102 33.7672235895 -0.648198840689
-117.2527903 33.7447802709 -0.636919135176
-117.205986817 33.7223190065 -0.619620542858
-119.023031889 34.6240795263 -0.302328823067
-118.975288982 34.6023220417 -0.240497650302
-118.927570354 34.5805449467 -0.0998480712363
-118.879876009 34.5587482859 0.0668143352564
-118.832205953 34.5369321038 0.18199693783
-118.784560189 34.5150964451 0.218519510973
-118.736938724 34.4932413542 0.379145599412
-118.689341562 34.4713668759 0.722454790832
-118.641768706 34.4494730546 0.936237368388
-118.594220161 34.427559935 1.04650959222
-118.546695932 34.4056275618 1.01420633488
-118.499196023 34.3836759796 0.821064289888
-118.451720097 34.361705237 0.823254206919
-118.404268837 34.3397153706 0.731145423075
-118.356841909 34.3177064292 0.405853377526
-118.309439315 34.2956784575 0.0117889859239
-118.262061059 34.2736315003 -0.208761407741
-118.214707144 34.2515656021 -0.270423221293
-118.167377573 34.2294808078 -0.217169458846
-118.120072349 34.2073771621 -0.0828880322661
-118.072791475 34.1852547097 0.114524125662
-118.025534954 34.1631134954 0.365842889566
-117.978302789 34.140953564 0.581506400301
-117.931094643 34.1187749628 0.658305139412
-117.883911196 34.0965777313 0.556964047679
-117.836752112 34.074361917 0.438425361146
-117.789617394 34.0521275648 0.39740090842
-117.742507042 34.0298747195 0.426466493198
-117.695421059 34.0076034258 0.374934328799
-117.648359447 33.9853137287 0.272762082553
-117.601322207 33.9630056729 0.0777254924393
-117.554309341 33.9406793033 -0.129446992406
-117.507320851 33.9183346648 -0.304295846185
-117.460356738 33.8959718023 -0.463914756382
-117.413417002 33.8735907606 -0.551795526196
-117.366501646 33.8511915845 -0.612839311362
-117.319610669 33.8287743191 -0.655697558317
-117.272744074 33.8063390091 -0.66066658899
-117.22590186 33.7838856995 -0.6376358919
-117.179084028 33.7614144352 -0.60911899054
-118.996711678 34.6635549813 -0.333372592071
-118.948951982 34.6417878529 -0.334400848513
-118.90121663 34.620001103 -0.262958894467
-118.853505626 34.5981947762 -0.14391916832
-118.805818976 34.5763689172 -0.0712944472664
-118.758156684 34.5545235705 -0.0399914339086
-118.710518755 34.5326587808 0.192074225901
-118.662905193 34.5107745928 0.63805881894
-118.615316004 34.4888710511 0.901728934272
-118.56775119 34.4669482004 1.06123267462
-118.520210757 34.4450060854 1.07382708719
-118.472694708 34.4230447508 0.971333523404
-118.425202707 34.4010642453 0.791246953249
-118.377735438 34.3790646055 0.328898139335
-118.330292564 34.3570458804 -0.013111907238
-118.282874089 34.3350081146 -0.137522866879
-118.235480017 34.3129513529 -0.231746888334
-118.188110349 34.2908756401 -0.266111987169
-118.140765091 34.268781021 -0.27540238571
-118.093444243 34.2466675403 -0.292984728708
-118.046147811 34.224535243 -0.179622658223
-117.998875795 34.2023841737 0.0325156568182
-117.951628199 34.1802143774 0.205613167832
-117.904404686 34.1580259013 0.273171950555
-117.857205936 34.1358187853 0.254547794382
-117.810031613 34.1135930767 0.194496118511
-117.762881719 34.0913488204 0.190841916338
-117.715756256 34.0690860614 0.240085328401
-117.668655226 34.0468048444 0.21700268849
-117.62157863 34.0245052145 0.0732979998704
-117.57452647 34.0021872165 -0.0735088529946
-117.527498748 33.9798508952 -0.154376895844
-117.480495464 33.9574962957 -0.244824021759
-117.433516621 33.9351234628 -0.287687770808
-117.386562219 33.9127324415 -0.382469179603
-117.339632259 33.8903232767 -0.55055842593
-117.292726743 33.8678960134 -0.63876139524
-117.245845671 33.8454506965 -0.630333757856
-117.198989043 33.822987371 -0.601075444431
-117.152156861 33.8005060818 -0.572831162522
-118.970367076 34.70302311 -0.330431262599
-118.922590586 34.681246312 -0.324625288001
-118.874838505 34.6594498814 -0.278197147741
-118.827110839 34.6376338629 -0.231328484057
-118.779407591 34.6157983011 -0.157772183849
-118.731728767 34.5939432407 -0.0182060517876
-118.684074372 34.5720687265 0.237541791868
-118.636444408 34.5501748031 0.483708102195
-118.588838882 34.5282615153 0.629210788097
-118.541257797 34.5063289078 0.759231839445
-118.493701157 34.4843770254 0.792067293481
-118.446168966 34.4624059128 0.788602123763
-118.398660888 34.4404156188 0.567106072304
-118.351177606 34.4184061801 0.122283639821
-118.303718785 34.3963776456 -0.130912269224
-118.256284427 34.3743300601 -0.179406082053
-118.208874536 34.3522634685 -0.225527498585
-118.161489115 34.3301779156 -0.288438761348
-118.114128167 34.3080734462 -0.35370658507
-118.066791695 34.2859501052 -0.389686722199
-118.019479701 34.2638079374 -0.317325823537
-117.972192189 34.2416469878 -0.195229493346
-117.924929161 34.2194673012 -0.0666225845863
-117.87769028 34.1972689249 0.0531707554318
-117.830476226 34.1750518989 0.0315009089385
-117.783286664 34.1528162707 -0.0165101139611
-117.736121594 34.1305620851 0.0189125768097
-117.688981019 34.1082893871 0.117641732925
-117.641864941 34.0859982216 0.14006744913
-117.594773361 34.0636886337 0.0376783321516
-117.54770628 34.0413606681 -0.0433685572875
-117.500663701 34.01901437 -0.103580824643
-117.453645625 33.9966497843 -0.142841964104
-117.406652052 33.974266956 -0.160755681092
-117.359682983 33.95186593 -0.272765520131
-117.312738421 33.9294467514 -0.458287463289
-117.265818365 33.9070094651 -0.572013845892
-117.218922817 33.8845541163 -0.571924209293
-117.172051776 33.8620807498 -0.543683672667
-117.125205244 33.8395894107 -0.509727975314
-118.943998122 34.7424883935 -0.287114036391
-118.896204833 34.7207019002 -0.233368028023
-118.848436018 34.6988957632 -0.206098703107
-118.800691683 34.6770700273 -0.237490796614
-118.752971832 34.6552247371 -0.130059656177
-118.70527647 34.6333599374 0.173901594545
-118.657605601 34.611475673 0.330003830382
-118.60995923 34.5895719887 0.248685631094
-118.562337362 34.5676489292 0.25487262442
-118.51474 34.5457065393 0.302393568888
-118.467167148 34.523744864 0.361714209201
-118.41961881 34.5017639479 0.491806699257
-118.372094649 34.4797638397 0.36326680659
-118.324595351 34.4577445766 0.0291816252733
-118.277120577 34.4357062073 -0.144839389613
-118.229670332 34.4136487767 -0.140258918243
-118.182244618 34.3915723298 -0.185060873967
-118.134843438 34.3694769113 -0.313418093994
-118.087466797 34.3473625662 -0.386306717871
-118.040114696 34.3252293395 -0.37649214205
-117.992787138 34.303077276 -0.346797312473
-117.945484125 34.2809064206 -0.321236279025
-117.898205661 34.2587168184 -0.237611516802
-117.850951409 34.2365085166 -0.131136955561
-117.803722048 34.2142815554 -0.156700350004
-117.756517243 34.1920359822 -0.181292449064
-117.709336994 34.169771842 -0.111315889241
-117.662181304 34.1474891798 0.0805029774801
-117.615050175 34.1251880406 0.152377863901
-117.567943608 34.1028684694 0.115618679375
-117.520861604 34.0805305113 0.0666599552048
-117.473804165 34.0581742111 -0.0126945131831
-117.426771293 34.0357996141 -0.0168607368419
-117.379762988 34.0134067652 -0.0150213209911
-117.332779251 33.9909957094 -0.0999194554336
-117.285820084 33.9685664919 -0.306705312854
-117.238885487 33.9461191577 -0.461584681931
-117.19197546 33.9236537518 -0.461503467681
-117.145090005 33.9011703193 -0.44446267747
-117.098229122 33.8786689054 -0.409858876911
-118.917604646 34.7819463001 -0.239135609064
-118.869794553 34.7601500856 -0.162267774698
-118.822009001 34.7383342164 -0.126119580024
-118.774247993 34.7164987372 -0.119787058436
-118.726511536 34.6946436928 -0.000461109313957
-118.678799632 34.6727691281 0.182128332903
-118.631112288 34.6508750877 0.214169644139
-118.583449507 34.6289616167 0.137056774647
-118.535811293 34.6070287598 0.105388573273
-118.488197651 34.5850765619 0.0504469916081
-118.440608585 34.5631050679 0.0990053459787
-118.393044097 34.5411143226 0.232116464074
-118.345503852 34.5191043748 0.179841529259
-118.297988534 34.4970752616 0.0017503301296
-118.250497806 34.4750270319 -0.0810376933529
-118.203031672 34.4529597307 -0.0815941582704
-118.155590133 34.4308734028 -0.132754166069
-118.108173194 34.4087680932 -0.238902158662
-118.060780857 34.386643847 -0.289605449724
-118.013413126 34.364500709 -0.2914209954
-117.966070002 34.3423387242 -0.293155615838
-117.918751488 34.3201579377 -0.303676573662
-117.871457587 34.2979583945 -0.258354249373
-117.824187962 34.2757401418 -0.212995926681
-117.776943294 34.2535032199 -0.207469659086
-117.729723244 34.2312476765 -0.214595090945
-117.682527816 34.2089735563 -0.138628699752
-117.635357011 34.1866809046 0.00290769045752
-117.58821083 34.1643697664 0.0729437802401
-117.541089276 34.1420401867 0.111559635987
-117.493992349 34.1196922107 0.10323161783
-117.446920051 34.0973258833 0.0791686870898
-117.399872383 34.0749412498 0.174241184926
-117.352849346 34.0525383551 0.339609448201
-117.305850941 34.0301172444 0.331674447802
-117.25887717 34.0076779629 0.0311389859311
-117.211928032 33.9852205555 -0.172839719315
-117.165003528 33.9627450675 -0.224693814933
-117.118103659 33.940251544 -0.238427039127
-117.071228425 33.9177400302 -0.278360584442
-118.891186687 34.8214013107 -0.214156406632
-118.843359785 34.7995953494 -0.114693071714
-118.795557488 34.7777697222 -0.0467571433934
-118.747779802 34.7559244741 0.0167632927684
-118.700026732 34.7340596498 0.0808819331093
-118.652298282 34.7121752942 0.0671983502142
-118.604594456 34.6902714523 0.0821290904997
-118.556915259 34.668348169 0.147524858681
-118.509260695 34.646405489 0.0986077738679
-118.461630768 34.6244434575 -0.0708927850675
-118.414025481 34.6024621192 -0.0725012274239
-118.366444839 34.5804615192 0.0595268731491
-118.318888505 34.5584417061 0.0678386848855
-118.271357163 34.5364027173 0.0150523030841
-118.223850476 34.5143446017 -0.0115859577342
-118.176368447 34.4922674043 -0.0168781005608
-118.12891108 34.47017117 -0.0444473382108
-118.081478377 34.4480559439 -0.103638721988
-118.034070341 34.425921771 -0.140998801033
-117.986686975 34.4037686964 -0.158010948397
-117.939328281 34.381596765 -0.175083038228
-117.891994263 34.3594060219 -0.19391153857
-117.844684922 34.3371965123 -0.178283785984
-117.79739992 34.3149682833 -0.147669436916
-117.75013994 34.2927213756 -0.150029476405
-117.702904644 34.2704558365 -0.16728759133
-117.655694033 34.2481717111 -0.143566870255
-117.60850811 34.2258690446 -0.112149596186
-117.561346875 34.2035478821 -0.0465661716699
-117.51421033 34.1812082687 0.0628564387762
-117.467098478 34.1588502496 0.0952907551969
-117.420011318 34.1364738698 0.111225748018
-117.372948852 34.1140791745 0.321305427339
-117.325911081 34.091666209 0.791850844846
-117.278898007 34.0692350183 0.81078336331
-117.231909628 34.0467856475 0.326612361206
-117.184945948 34.024318142 0.0883553439643
-117.138006965 34.0018325469 0.037382522945
-117.09109268 33.9793289073 -0.0242935365082
-117.044203094 33.9568072685 -0.172304814388
-118.864744076 34.8608488937 -0.229780980555
-118.816900359 34.8390331595 -0.141474727004
-118.769081315 34.8171977485 -0.0691183874634
-118.721286948 34.7953427055 0.00735293872122
-118.673517262 34.7734680755 0.0400481420124
-118.625772261 34.7515739034 0.0250714945502
-118.578051951 34.7296602341 0.0691190908166
-118.530356336 34.7077271126 0.129639606017
-118.482685419 34.6857745839 0.0718211163471
-118.435039204 34.6638026929 -0.061855979462
-118.387417695 34.6418114847 -0.0710478537795
-118.339820897 34.6198010042 -0.0182072314517
-118.292248471 34.5977713002 -0.00639070316528
-118.244701103 34.5757224102 -0.00879473481458
-118.197178455 34.553654383 0.00425413540825
-118.14968053 34.5315672638 0.038478392438
-118.102207332 34.5094610975 0.045571642624
-118.054758864 34.4873359293 0.0223820973639
-118.007335127 34.4651918042 -0.00171887697511
-117.959936125 34.4430287674 -0.0258842395326
-117.912561861 34.4208468638 -0.0460314358253
-117.865212336 34.3986461387 -0.0633540897046
-117.817887554 34.3764266372 -0.059638448856
-117.770587175 34.3541884066 -0.0601539956944
-117.723311883 34.3319314875 -0.084204156638
-117.67606134 34.3096559274 -0.122587599326
-117.628835546 34.2873617714 -0.136169458327
-117.581634503 34.2650490648 -0.134242476304
-117.534458214 34.2427178527 -0.0733266969513
-117.48730668 34.2203681803 0.00596177022963
-117.440179901 34.1980000928 0.0271233116371
-117.39307788 34.1756136353 0.0513443540528
-117.346000616 34.1532088531 0.261288827985
-117.298948112 34.1307857915 0.624233175627
-117.251920368 34.1083444955 0.56880630976
-117.204917384 34.0858850105 0.284574704868
-117.157939161 34.0634073816 0.142659304569
-117.1109857 34.0409116542 0.116630125558
-117.064057001 34.0183978735 0.0248584332643
-117.017153064 33.9958660847 -0.15336045999
-118.838276848 34.9002935298 -0.288409369885
-118.790416312 34.8784679971 -0.233430319056
-118.742580514 34.8566227765 -0.171944151275
-118.694769459 34.8347579129 -0.0952097291323
-118.646983151 34.8128734514 -0.0461637460913
-118.599221595 34.790969437 -0.000970286910174
-118.551484795 34.7690459146 0.0537173511021
-118.503772756 34.7471029293 0.0834582962976
-118.45608548 34.7251405261 0.051889346099
-118.408422972 34.7031587501 -0.00730674203403
-118.360785237 34.6811576463 -0.0409700474871
-118.313172277 34.6591372598 -0.0752144027827
-118.265583754 34.6370976392 -0.0731004450149
-118.218020356 34.6150388223 -0.0586466025692
-118.170481742 34.5929608581 -0.00786472549786
-118.122967918 34.5708637915 0.0780994965851
-118.075478885 34.5487476677 0.105450454849
-118.028014646 34.5266125319 0.101604836337
-117.980575205 34.5044584291 0.0810798359692
-117.933160564 34.4822854046 0.0521292238353
-117.885770725 34.4600935035 0.0355143734396
-117.838405691 34.437882771 0.0291550639123
-117.791065463 34.4156532522 0.0219523189115
-117.743749705 34.3934049944 -0.00999820731475
-117.696459098 34.3711380386 -0.0487466082067
-117.649193303 34.3488524322 -0.106450496858
-117.601952323 34.3265482203 -0.129476610692
-117.55473616 34.3042254483 -0.117427346619
-117.507544813 34.2818841613 -0.0876269793808
-117.460378286 34.2595244045 -0.0704923831428
-117.413236579 34.2371462234 -0.087990797253
-117.366119694 34.214749663 -0.128091732393
-117.319027631 34.1923347687 -0.0460936705634
-117.271960391 34.1699015857 0.042526679345
-117.224917975 34.1474501593 0.0340791608658
-117.177900383 34.1249805349 0.036322105258
-117.130907617 34.1024927576 0.0191490580864
-117.083939676 34.0799868728 0.0404302946346
-117.036996561 34.0574629258 -0.0459798885101
-116.990078272 34.0349209619 -0.235907927938
-118.811784836 34.9397306873 -0.371884518474
-118.763907477 34.91789533 -0.350380059113
-118.716054922 34.8960402738 -0.314327242518
-118.668227177 34.8741655638 -0.258292988943
-118.620424244 34.8522712449 -0.202885396928
-118.57264613 34.8303573623 -0.124923443849
-118.524892837 34.808423961 -0.0628011395061
-118.47716437 34.7864710861 -0.0234885932461
-118.429460734 34.7644987826 -0.038155177071
-118.381781931 34.7425070958 -0.0789059396688
-118.334127966 34.7204960706 -0.128256942653
-118.286498842 34.6984657523 -0.155875976518
-118.238894222 34.6764161894 -0.134284410555
-118.19131479 34.6543474201 -0.0752674417721
-118.14376021 34.632259493 -0.00147032064393
-118.096230483 34.6101524535 0.0511622521515
-118.048725614 34.5880263465 0.0523107853125
-118.001245604 34.5658812175 0.0377684034464
-117.953790457 34.5437171115 0.00328164692269
-117.906360175 34.5215340737 -0.0189305710637
-117.858954761 34.4993321495 -0.0379444028165
-117.811574216 34.477111384 -0.0367120925811
-117.764218543 34.4548718224 -0.0528320487808
-117.716887404 34.4326135121 -0.0737691496925
-117.66958148 34.4103364941 -0.11198880921
-117.622300435 34.3880408159 -0.153611321523
-117.575044269 34.3657265227 -0.173882629698
-117.527812983 34.3433936598 -0.169863521747
-117.48060658 34.3210422726 -0.173234239873
-117.43342506 34.2986724062 -0.193835541116
-117.386268425 34.2762841061 -0.247225303029
-117.339136676 34.2538774175 -0.314484621418
-117.292029813 34.2314523858 -0.314357821676
-117.244947838 34.2090090563 -0.318230104554
-117.197890751 34.1865474743 -0.279886925468
-117.150858553 34.1640676852 -0.216809838645
-117.103851244 34.1415697343 -0.197966296898
-117.056868824 34.119053667 -0.207767758226
-117.009911294 34.0965195286 -0.299766348613
-116.962978654 34.0739673645 -0.4042824513
-118.785268074 34.979164847 -0.45979402309
-118.737373886 34.9573196393 -0.4740273262
-118.689504569 34.9354547218 -0.46480485277
-118.641660126 34.9135701395 -0.440856035105
-118.593840564 34.8916659375 -0.383358476449
-118.546045885 34.8697421609 -0.288681943344
-118.498276094 34.8477988549 -0.2154235645
-118.450531195 34.8258360646 -0.16219579986
-118.402811193 34.8038538352 -0.167699260893
-118.35511609 34.7818522118 -0.222929782502
-118.30744589 34.7598312396 -0.256943441425
-118.259800598 34.7377909638 -0.24900301558
-118.212179874 34.7157314331 -0.191457861773
-118.164584406 34.6936526856 -0.0711575354099
-118.117013854 34.6715547702 -0.0111244696127
-118.069468221 34.649437732 -0.0368598247664
-118.021947511 34.6273016164 -0.06961206984
-117.974451727 34.6051464685 -0.11674330728
-117.92698087 34.5829723337 -0.156209485593
-117.879534944 34.5607792573 -0.179469084591
-117.83211395 34.5385672844 -0.194187965525
-117.784717891 34.5163364604 -0.195360704622
-117.737346769 34.4940868306 -0.201242907313
-117.690000246 34.4718184423 -0.202285931891
-117.642679004 34.4495313368 -0.221687894038
-117.595382704 34.4272255614 -0.242486950474
-117.548111349 34.4049011615 -0.258730903916
-117.500864939 34.3825581825 -0.268999474328
-117.453643476 34.3601966696 -0.292340081926
-117.406446961 34.3378166683 -0.337132297961
-117.359275396 34.315418224 -0.397613782025
-117.31212878 34.2930013819 -0.455932710469
-117.265007116 34.2705661876 -0.486037176629
-117.217910404 34.2481126863 -0.494758295132
-117.170838644 34.2256409235 -0.467858515465
-117.123791837 34.2031509445 -0.425071004998
-117.076769984 34.1806427948 -0.440371259449
-117.029773084 34.1581165198 -0.541663602099
-116.982801138 34.135572165 -0.603136504364
-116.935854145 34.1130097756 -0.583051384302
-118.758726398 35.0185914768 -0.531110553068
-118.710815377 34.9967363928 -0.552103947632
-118.662929294 34.9748615879 -0.550811917761
-118.615068152 34.9529671074 -0.534829708877
-118.567231955 34.9310529963 -0.476389478137
-118.51942071 34.9091192999 -0.397974104037
-118.471634418 34.8871660633 -0.328729723367
-118.423873085 34.8651933318 -0.283358698208
-118.376136713 34.8432011505 -0.284604888172
-118.328425308 34.8211895648 -0.318251893771
-118.280738872 34.7991586198 -0.324890819668
-118.233077409 34.7771083608 -0.298614217747
-118.18544058 34.7550388363 -0.225595777141
-118.137829073 34.732950085 -0.126576107641
-118.090242548 34.7108421554 -0.097389687859
-118.042681008 34.688715093 -0.131723323319
-117.995144456 34.666568943 -0.174225119873
-117.947632895 34.6444037507 -0.226854063834
-117.900146327 34.6222195615 -0.262082179067
-117.852684755 34.6000164207 -0.288916047683
-117.805248181 34.5777943737 -0.299425511726
-117.757836608 34.5555534657 -0.305508711662
-117.710450036 34.5332937422 -0.304039710782
-117.663088128 34.5110152503 -0.304023369004
-117.615751567 34.4887180317 -0.312959695796
-117.568440013 34.4664021337 -0.327648202296
-117.521153468 34.4440676016 -0.343917920943
-117.473891934 34.421714481 -0.365090661945
-117.426655411 34.3993428172 -0.399077958277
-117.379443902 34.3769526556 -0.449624747306
-117.332257406 34.3545440417 -0.505402193726
-117.285095925 34.3321170208 -0.557945937014
-117.23795946 34.3096716385 -0.590751934109
-117.190848011 34.2872079402 -0.605345630825
-117.14376158 34.2647259713 -0.5951932486
-117.096700165 34.2422257772 -0.587267717619
-117.049663768 34.2197074036 -0.629237594731
-117.002652389 34.1971708957 -0.72130749305
-116.955666028 34.1746162992 -0.738319748912
-116.908704685 34.1520436595 -0.70206076645
