-119.336999976 34.1500010364 0.467618604552
-119.289458115 34.1283572771 0.384396739421
-119.241939758 34.1066940424 0.249592350286
-119.194444913 34.0850113761 0.0666915392675
-119.146973585 34.063309322 -0.1333248867
-119.099525778 34.041587924 -0.307610238145
-119.052101499 34.019847226 -0.430864281099
-119.004700752 33.9980872718 -0.509784243433
-118.957323543 33.9763081053 -0.559433914224
-118.909969877 33.9545097704 -0.586830615387
-118.86263942 33.9326923162 -0.591871206033
-118.815332853 33.9108557762 -0.573483924834
-118.768049843 33.8890001996 -0.535019388964
-118.720790395 33.8671256304 -0.482800800009
-118.673554511 33.8452321126 -0.424860901793
-118.626342198 33.8233196901 -0.372740052306
-118.579153458 33.801388407 -0.341749402496
-118.531988297 33.7794383072 -0.347047875555
-118.484846717 33.7574694348 -0.396525351106
-118.437728722 33.7354818338 -0.475652154206
-118.390634316 33.7134755483 -0.492482350451
-118.343563503 33.6914506223 -0.398256193325
-118.296516285 33.6694071 -0.257417257279
-118.24949233 33.6473450287 -0.0966356251635
-118.202492314 33.6252644457 0.0320481040894
-118.155515903 33.6031653985 0.109185053125
-118.1085631 33.5810479314 0.131632759626
-118.061633908 33.5589120884 0.102843403386
-118.01472833 33.5367579137 0.0336734890272
-117.967846367 33.5145854513 -0.0578522395469
-117.920988023 33.4923947456 -0.150034992989
-117.8741533 33.4701858406 -0.226219072689
-117.827342199 33.4479587805 -0.280950596947
-117.780554724 33.4257136095 -0.315996301118
-117.733790875 33.4034503717 -0.335085991955
-117.687050655 33.3811691115 -0.34322322045
-117.640334066 33.358869873 -0.346975196459
-117.593641108 33.3365527004 -0.353526129372
-117.546971785 33.314217638 -0.372656784441
-117.500326096 33.2918647299 -0.406111157318
-119.310966774 34.1895354099 0.578266484359
-119.263408189 34.1678823141 0.501995119072
-119.215873173 34.1462097316 0.349352555327
-119.168361732 34.1245177061 0.117236732682
-119.120873871 34.1028062817 -0.136617992868
-119.073409595 34.0810755023 -0.344168136441
-119.02596891 34.0593254116 -0.458440775497
-118.978551822 34.0375560537 -0.524878787935
-118.931158334 34.0157674726 -0.565984719598
-118.883788453 33.9939597122 -0.589108902816
-118.836441844 33.9721328215 -0.58682176749
-118.789119188 33.9502868343 -0.553128046863
-118.741820153 33.9284217997 -0.494789207197
-118.694544742 33.9065377619 -0.418848468942
-118.64729296 33.8846347647 -0.331749147617
-118.600064768 33.8627105985 -0.247110598094
-118.552860257 33.8407698149 -0.18753058252
-118.505679386 33.8188102042 -0.176885746975
-118.458522159 33.7968318106 -0.231313896721
-118.411388581 33.774834678 -0.354800594596
-118.364278655 33.7528188505 -0.377494733237
-118.317192384 33.7307843724 -0.233134887857
-118.270129771 33.7087312878 -0.0698075891678
-118.223090483 33.686659644 0.125686502104
-118.176075197 33.6645694785 0.252173535843
-118.129083578 33.6424608389 0.313779558081
-118.08211563 33.6203337694 0.309084413169
-118.035171355 33.5981883141 0.241478264103
-117.988250756 33.5760245173 0.125297008479
-117.941353835 33.5538424231 -0.0140500360764
-117.894480595 33.5316420757 -0.141973986063
-117.847631038 33.5094235195 -0.235584923683
-117.800805165 33.4871867986 -0.296678118345
-117.75400298 33.4649319572 -0.332947019875
-117.707224483 33.4426590396 -0.349171389161
-117.660469677 33.4203680901 -0.351535743081
-117.613738564 33.3980591529 -0.350089936856
-117.567031144 33.3757322724 -0.351790837374
-117.520347419 33.3533874927 -0.375655773207
-117.473687391 33.3310248582 -0.421948972103
-119.284909948 34.229062758 0.707479439105
-119.237334634 34.2074003001 0.65567082697
-119.189782954 34.1857183442 0.488972538377
-119.142254913 34.1640169341 0.195371007152
-119.094750515 34.1422961138 -0.114768146419
-119.047269766 34.1205559273 -0.350320315806
-118.999812672 34.0987964186 -0.463333633515
-118.952379238 34.0770176317 -0.517574663291
-118.904969468 34.0552196105 -0.551757846274
-118.857583368 34.0334023991 -0.579383003193
-118.810220604 34.0115660465 -0.572995750195
-118.762881857 33.9897105866 -0.519447795452
-118.715566793 33.9678360688 -0.442059876196
-118.668275416 33.9459425369 -0.342286874225
-118.621007732 33.9240300352 -0.218773067627
-118.573763743 33.9020986076 -0.0864895858492
-118.526543455 33.8801482985 0.0196305186228
-118.47934687 33.8581791518 0.0665326482059
-118.432173992 33.8361912116 0.0453503401691
-118.385024826 33.8141845223 -0.017987466905
-118.337899375 33.7921591279 0.0228063476475
-118.290797641 33.7701150725 0.1378288428
-118.243719629 33.7480524005 0.283625513197
-118.196665003 33.7259711592 0.430021770581
-118.149634443 33.7038713862 0.520264026443
-118.102627612 33.6817531292 0.553649833023
-118.055644515 33.6596164323 0.509655992639
-118.008685154 33.6374613397 0.390075871636
-117.96174953 33.6152878958 0.212794356882
-117.914837647 33.5930961448 0.00889599044161
-117.867949508 33.570886131 -0.159641679393
-117.821085113 33.5486578986 -0.261639398318
-117.774244465 33.526411492 -0.325460451846
-117.727427567 33.5041469553 -0.363083241433
-117.680634419 33.4818643331 -0.375791230922
-117.633865024 33.4595636695 -0.369855235701
-117.587119383 33.4372450088 -0.366223045348
-117.540397498 33.4149083955 -0.378393352492
-117.49369937 33.3925538738 -0.411540183382
-117.447025 33.3701814881 -0.457005770755
-119.258829555 34.2685875614 0.842703947771
-119.211237506 34.246915716 0.842853237813
-119.163669155 34.2252243613 0.66344272522
-119.116124506 34.2035135412 0.282916358821
-119.068603565 34.1817832997 -0.0689904829545
-119.021106337 34.1600336808 -0.310534176722
-118.973632828 34.1382647287 -0.440394240012
-118.926183041 34.1164764873 -0.476232670268
-118.878756983 34.0946690007 -0.504863119041
-118.831354658 34.072842313 -0.548580102355
-118.783975733 34.0509964733 -0.536240695271
-118.736620888 34.0291315156 -0.46031333619
-118.68928979 34.0072474891 -0.377863113745
-118.641982443 33.985344438 -0.261624660123
-118.594698851 33.9634224064 -0.0958496857138
-118.547439018 33.9414814386 0.105092280977
-118.500202948 33.9195215785 0.276533780056
-118.452990646 33.8975428705 0.371650797041
-118.405802113 33.8755453588 0.408549451255
-118.358637356 33.8535290875 0.441554171958
-118.311496375 33.8314941009 0.524544434868
-118.264379176 33.8094404432 0.603254375246
-118.217285761 33.7873681587 0.708308010427
-118.170215796 33.7652772948 0.780426360768
-118.123169958 33.7431678892 0.817694696348
-118.076147913 33.7210399896 0.818493169708
-118.029149664 33.6988936402 0.720330363813
-117.982175213 33.6767288854 0.536327179516
-117.935224563 33.6545457694 0.28941615669
-117.888297716 33.6323443366 0.00585929614178
-117.841394674 33.6101246313 -0.19815616007
-117.79451544 33.5878866978 -0.294530598043
-117.747660015 33.5656305805 -0.365535385264
-117.700828402 33.5433563238 -0.409066017385
-117.654020602 33.5210639719 -0.420766086713
-117.607236616 33.4987535693 -0.403330969987
-117.560476447 33.4764251603 -0.404142501855
-117.513740095 33.4540787894 -0.437165721088
-117.467027562 33.4317145009 -0.471428161298
-117.42033885 33.4093323392 -0.509939404203
-119.23272541 34.3081052896 0.953037664134
-119.185116623 34.2864240311 0.981704317871
-119.137531596 34.264723252 0.79002535194
-119.089970336 34.2430029963 0.377669150297
-119.042432848 34.221263308 0.0056707674504
-118.994919136 34.1995042312 -0.236793201851
-118.947429207 34.1777258102 -0.367931685172
-118.899963065 34.1559280888 -0.406589814093
-118.852520715 34.1341111114 -0.424853748667
-118.805102162 34.112274922 -0.437714414358
-118.757707072 34.0904195696 -0.408269401504
-118.710336127 34.0685450886 -0.365988878151
-118.662988991 34.0466515282 -0.308343377531
-118.61566567 34.0247389324 -0.192497769113
-118.568366168 34.0028073457 0.0127003026704
-118.521090488 33.9808568121 0.316942701142
-118.473838635 33.9588873759 0.562388439245
-118.426610612 33.9368990813 0.687038475337
-118.379406423 33.9148919727 0.766266496336
-118.332226072 33.8928660942 0.853965463214
-118.285069561 33.8708214902 0.93760422998
-118.237936894 33.8487582049 1.02501789997
-118.190828074 33.8266762826 1.13687101288
-118.143742767 33.8045757709 1.15975262105
-118.09668165 33.7824567076 1.14748945972
-118.04964439 33.7603191403 1.0763829194
-118.002630987 33.7381631134 0.908951893478
-117.955641446 33.7159886712 0.640340641002
-117.908675768 33.693795858 0.334266796663
-117.861733956 33.6715847184 0.0385609987162
-117.814816012 33.6493552966 -0.181850769592
-117.767921937 33.627107637 -0.330554819329
-117.721051735 33.604841784 -0.420770769335
-117.674205406 33.5825577822 -0.472655901674
-117.627382952 33.5602556757 -0.492010486067
-117.580584376 33.5379355092 -0.488409177487
-117.533809678 33.515597327 -0.503789252861
-117.487058859 33.4932411736 -0.532673170911
-117.440331922 33.4708670934 -0.558264326981
-117.393628867 33.4484751309 -0.573452370532
-119.20659757 34.3476204235 1.01083628006
-119.158972036 34.3259297264 1.09403375398
-119.111370328 34.3042194974 0.920464526051
-119.063792449 34.2824897806 0.457309585002
-119.016238407 34.2607406202 0.0952106156057
-118.968708206 34.2389720601 -0.122124785215
-118.921201851 34.2171841447 -0.269641769937
-118.873719348 34.1953769181 -0.306254890395
-118.8262607 34.1735504244 -0.30786400659
-118.778825913 34.1517047079 -0.273546073751
-118.731414652 34.1298398176 -0.231748136638
-118.6840276 34.107955788 -0.240333939608
-118.636664422 34.0860526683 -0.224452721533
-118.589325122 34.0641305027 -0.144354060706
-118.542009704 34.0421893354 0.0567720335892
-118.494718173 34.0202292109 0.524196085491
-118.447450531 33.9982501733 0.798929496797
-118.400206783 33.9762522669 0.914727649284
-118.352986932 33.9542355362 1.00759015656
-118.305790982 33.9322000253 1.16012738867
-118.258618936 33.9101457787 1.30854964465
-118.211470797 33.8880728407 1.42920952784
-118.164346568 33.8659812556 1.49041779412
-118.117245915 33.843871071 1.45549928096
-118.070169516 33.8217423248 1.38992181015
-118.023117035 33.7995950648 1.25540319327
-117.976088476 33.7774293352 1.03067624407
-117.929083841 33.7552451806 0.669866314163
-117.882103131 33.7330426453 0.339871639693
-117.835146351 33.7108217738 0.0789794776168
-117.7882135 33.6885826105 -0.163287344618
-117.741304582 33.6663251999 -0.374072195842
-117.694419599 33.6440495864 -0.48295857949
-117.647558552 33.6217558144 -0.544761635035
-117.600721442 33.5994439286 -0.577358793467
-117.553908272 33.5771139732 -0.597269605563
-117.507119043 33.554765993 -0.617946343486
-117.460353756 33.5324000322 -0.637942738344
-117.413612411 33.5100161355 -0.646526290915
-117.366895012 33.4876143474 -0.630357877796
-119.180445852 34.3871284322 0.984473122705
-119.132803567 34.365428271 1.07044979571
-119.085185172 34.3437085665 0.93585935987
-119.037590672 34.321969363 0.606310426811
-118.990020072 34.3002107047 0.331648448138
-118.942473377 34.2784326358 0.0745148326389
-118.894950593 34.2566352005 -0.12377674227
-118.847451724 34.234818443 -0.180013622208
-118.799976775 34.2129824076 -0.190712610353
-118.752525751 34.1911271386 -0.149361917253
-118.705098317 34.1692526848 -0.0742427290086
-118.657695155 34.1473590812 -0.00296361287824
-118.610315931 34.1254463767 -0.0342346198385
-118.56296065 34.1035146158 -0.064312882451
-118.515629314 34.0815638427 0.0154884558206
-118.468321928 34.0595941018 0.401759469125
-118.421038495 34.0376054374 0.776302484933
-118.37377902 34.015597894 0.874902426612
-118.326543505 33.9935715158 0.962069668657
-118.279331954 33.9715263473 1.16633322735
-118.232144371 33.9494624328 1.37270916295
-118.184980758 33.9273798168 1.56812731012
-118.137841119 33.9052785437 1.51967594607
-118.090725118 33.8831586609 1.43576968872
-118.043633435 33.8610202067 1.32843496119
-117.996565733 33.8388632287 1.2025696292
-117.949522015 33.8166877714 0.965648260003
-117.902502285 33.7944938792 0.618013727768
-117.855506543 33.7722815967 0.291396365875
-117.808534793 33.7500509682 0.0202651221861
-117.761587036 33.7278020384 -0.229907190487
-117.714663274 33.7055348516 -0.420512125828
-117.667763509 33.6832494525 -0.532915511866
-117.620887743 33.6609458855 -0.598327008597
-117.574035977 33.6386241952 -0.636937882289
-117.527208214 33.6162844262 -0.663381580337
-117.480404453 33.5939266229 -0.68082526318
-117.433624696 33.5715508299 -0.693581235267
-117.386868946 33.5491570918 -0.687428857398
-117.340137201 33.5267454532 -0.664550195796
-119.154270307 34.4266337968 0.859028023665
-119.106611265 34.4049241458 0.950385480771
-119.058976177 34.3831949403 0.924456830186
-119.011365048 34.3614462247 0.801538365655
-118.963777884 34.3396780431 0.681496628171
-118.91621469 34.3178904399 0.354518918644
-118.86867547 34.2960834592 0.0672279202501
-118.82116023 34.2742571455 -0.0105236808676
-118.773668974 34.2524115429 -0.0799488035993
-118.726201706 34.2305466959 -0.0667861644771
-118.678758093 34.2086626534 0.043696921051
-118.631338816 34.1867594503 0.211353482152
-118.583943542 34.1648371358 0.197321134202
-118.536572273 34.1428957542 0.0641282993428
-118.489225013 34.12093535 0.082743179191
-118.441901768 34.0989559675 0.197803346253
-118.394602539 34.0769576511 0.380870171469
-118.347327332 34.0549404452 0.569200332239
-118.300076148 34.0329043944 0.666714375557
-118.252848993 34.010849543 0.916966806152
-118.205645868 33.9887759355 1.14833087975
-118.158466777 33.9666836163 1.28726343546
-118.111311723 33.9445726299 1.26985805936
-118.064180371 33.9224430238 1.16817455563
-118.017073399 33.9002948365 1.07203220523
-117.969990472 33.8781281155 1.01409462964
-117.922931593 33.8559429053 0.825060672336
-117.875896763 33.8337392505 0.502150673565
-117.828885986 33.8115171957 0.194347845239
-117.781899263 33.7892767852 -0.0977387858518
-117.734936596 33.7670180638 -0.328870144705
-117.687997987 33.744741076 -0.464822620663
-117.641083438 33.7224458663 -0.561902301241
-117.59419295 33.7001324793 -0.620863747838
-117.547326526 33.6778009596 -0.661068735688
-117.500484165 33.6554513519 -0.683070230888
-117.453665871 33.6330837006 -0.698224308907
-117.406871643 33.6106980506 -0.704343569211
-117.360101483 33.5882944462 -0.696863102694
-117.313355392 33.5658729322 -0.67659968171
-119.128070757 34.4661319862 0.641175796286
-119.080394953 34.4444128197 0.677826974077
-119.032743168 34.4226740877 0.761122205606
-118.985115407 34.4009158342 0.991071085769
-118.937511675 34.3791381037 1.19323987166
-118.889931977 34.3573409405 0.892189356545
-118.842376318 34.335524389 0.512330333116
-118.794844703 34.3136884934 0.224000550799
-118.747337136 34.2918332981 0.0454313454354
-118.699853622 34.2699588476 0.0139852450976
-118.652393827 34.2480651908 0.113089473918
-118.604958772 34.2261523583 0.30729493946
-118.557547104 34.2042204127 0.435276597436
-118.510159845 34.182269385 0.377954630766
-118.46279666 34.1602993242 0.319186626675
-118.415457552 34.1383102746 0.207712353926
-118.368142526 34.1163022808 0.201302306857
-118.320851584 34.0942753872 0.250825592405
-118.27358473 34.0722296383 0.31852145666
-118.226341967 34.0501650787 0.516032939439
-118.179123299 34.0280817528 0.73547118731
-118.131928728 34.0059797052 0.91179798693
-118.084758258 33.9838589803 0.957560784419
-118.037611553 33.9617196257 0.884153589295
-117.990489291 33.93956168 0.799223164747
-117.943391138 33.9173851907 0.749985435942
-117.896317096 33.8951902025 0.604153914088
-117.849267167 33.8729767599 0.37739922329
-117.802241353 33.8507449075 0.128669335579
-117.755239656 33.82849469 -0.13910611904
-117.708262079 33.8062261519 -0.333579432952
-117.661308622 33.7839393379 -0.450733267845
-117.614379288 33.7616342925 -0.536082913304
-117.567474079 33.7393110605 -0.59781036347
-117.520592995 33.7169696865 -0.640574913432
-117.473736039 33.6946102151 -0.666387153992
-117.42690321 33.672232691 -0.681164532256
-117.380094511 33.6498371588 -0.6877965527
-117.333309943 33.6274236633 -0.683336797506
-117.286549505 33.6049922491 -0.673804253194
-119.10184725 34.5056274814 0.373406559828
-119.054154678 34.4838987739 0.288668112511
-119.006486189 34.4621504896 0.487453504558
-118.958841789 34.4403826728 1.093494595
-118.911221483 34.4185953679 1.51891105795
-118.863625275 34.3967886193 1.27423802406
-118.816053171 34.3749624713 0.879376056495
-118.768505175 34.3531169684 0.393099855548
-118.720981292 34.331252155 0.157560698607
-118.673481527 34.3093680755 0.106167914666
-118.626005883 34.2874647745 0.204812401004
-118.578554365 34.2655422963 0.470689788852
-118.531126638 34.2436006897 0.670821996974
-118.483723384 34.2216399906 0.749836832327
-118.436344268 34.1996602478 0.607117666766
-118.388989293 34.1776615058 0.305363681838
-118.341658464 34.1556438093 0.121820492088
-118.294351783 34.1336072026 0.024107309169
-118.247069254 34.1115517305 0.0693817538218
-118.19981088 34.0894774373 0.221002329831
-118.152576664 34.0673843678 0.439884043501
-118.105366609 34.0452725665 0.652979715526
-118.058180718 34.0231420779 0.756609620734
-118.011018656 34.0009929496 0.647583181918
-117.963881102 33.9788252203 0.537244697168
-117.916767719 33.9566389376 0.488508932635
-117.86967851 33.9344341463 0.391944026164
-117.822613478 33.9122108908 0.282497159228
-117.775572624 33.8899692158 0.103264948126
-117.72855595 33.8677091661 -0.129743089162
-117.681563459 33.8454307863 -0.292314442615
-117.634595152 33.8231341211 -0.385604583534
-117.587651031 33.8008192151 -0.471747185614
-117.540731097 33.778486113 -0.547038414542
-117.493835351 33.7561348596 -0.600895275326
-117.446963796 33.7337654996 -0.632248526898
-117.400116431 33.7113780776 -0.651571992589
-117.353293259 33.6889726385 -0.66099108646
-117.306494279 33.6665492269 -0.663145343694
-117.259719494 33.6441078875 -0.666855463154
-119.075599609 34.5451157512 0.15566358346
-119.027890264 34.523377477 0.0866631476378
-118.980205068 34.5016196148 0.324067882716
-118.932544025 34.479842209 0.806718425103
-118.884907141 34.458045304 1.06997704469
-118.83729442 34.4362289442 1.05582938971
-118.789705867 34.4143931742 0.816334783835
-118.742141487 34.3925380384 0.521421316365
-118.694601285 34.3706635812 0.384453963903
-118.647085264 34.3487698472 0.344877115856
-118.59959343 34.326856881 0.446440466626
-118.552125786 34.3049247269 0.650279538265
-118.504681997 34.2829734338 0.899089335424
-118.457262745 34.2610030377 0.94551004891
-118.409867696 34.2390135875 0.668117199746
-118.362496852 34.2170051277 0.284701764431
-118.315150218 34.1949777029 0.0280773095059
-118.267827795 34.1729313578 -0.101407135697
-118.220529589 34.150866137 -0.0751060462492
-118.173255602 34.128782085 0.048725257772
-118.126005837 34.1066792465 0.247719301148
-118.078780297 34.0845576662 0.49370600383
-118.031578984 34.0624173886 0.683234598688
-117.984401564 34.0402584612 0.539820180699
-117.937248715 34.0180809231 0.433305147057
-117.890120101 33.9958848218 0.33526683642
-117.843015725 33.973670202 0.244390867221
-117.795935588 33.9514371084 0.171644178392
-117.748879694 33.9291855858 0.0461686072474
-117.701848043 33.9069156787 -0.106461575781
-117.654840638 33.884627432 -0.22385412735
-117.60785748 33.8623208904 -0.319492708971
-117.56089857 33.8399960987 -0.415161175065
-117.513963912 33.8176531015 -0.506039490642
-117.467053504 33.7952919437 -0.572751720297
-117.42016735 33.77291267 -0.614086674901
-117.37330545 33.7505153252 -0.643132852049
-117.326467804 33.7280999541 -0.658198066921
-117.279654414 33.7056666015 -0.665417847225
-117.232865281 33.6832153121 -0.662539168676
-119.04932788 34.5846012766 0.0212209597946
-119.001601757 34.5628534101 -0.0268952459205
-118.953899846 34.5410859444 0.113140497035
-118.906222154 34.5192989239 0.3406541722
-118.858568686 34.4974923933 0.524024808567
-118.810939445 34.4756663969 0.639096451876
-118.763334438 34.4538209793 0.611781678577
-118.715753669 34.431956185 0.616682137783
-118.668197141 34.4100720586 0.607652428419
-118.62066486 34.3881686446 0.602944123854
-118.57315683 34.3662459877 0.652160981152
-118.525673054 34.3443041323 0.677886411741
-118.478213198 34.3223431273 0.889762641646
-118.430777944 34.3003630088 0.808768775581
-118.383366956 34.2783638257 0.503860560747
-118.335980238 34.2563456228 0.150204048598
-118.288617794 34.2343084445 -0.0829255846842
-118.241279626 34.2122523356 -0.169754171089
-118.193965738 34.1901773407 -0.164665580356
-118.146676134 34.1680835046 -0.087609317597
-118.099410815 34.1459708718 0.0746205994932
-118.052169785 34.1238394872 0.301741241188
-118.004953047 34.1016893954 0.447653869619
-117.957760264 34.0795206437 0.456156388596
-117.910592117 34.0573332716 0.372374993923
-117.863448269 34.0351273265 0.208802313441
-117.816328722 34.0129028531 0.109245826506
-117.769233478 33.9906598963 0.053764887348
-117.722162539 33.9683985007 -0.0187438081822
-117.675115908 33.9461187112 -0.0845067199268
-117.628093586 33.9238205726 -0.17170080487
-117.581095574 33.9015041296 -0.28391227057
-117.534121875 33.879169427 -0.383593029254
-117.487172488 33.8568165097 -0.485705793602
-117.440247417 33.8344454225 -0.557368518415
-117.393346662 33.8120562101 -0.607873613546
-117.346470223 33.7896489175 -0.64483059031
-117.299618102 33.7672235895 -0.668116016342
-117.2527903 33.7447802709 -0.671828095579
-117.205986817 33.7223190065 -0.652799448217
-119.023031889 34.6240795263 -0.0542308253596
-118.975288982 34.6023220417 -0.0911469731802
-118.927570354 34.5805449467 -0.0196014439997
-118.879876009 34.5587482859 0.0909584070251
-118.832205953 34.5369321038 0.235121269122
-118.784560189 34.5150964451 0.352495657417
-118.736938724 34.4932413542 0.433363492839
-118.689341562 34.4713668759 0.543980972432
-118.641768706 34.4494730546 0.604723265582
-118.594220161 34.427559935 0.661954858077
-118.546695932 34.4056275618 0.680285800969
-118.499196023 34.3836759796 0.636057725754
-118.451720097 34.361705237 0.647342018397
-118.404268837 34.3397153706 0.527938773277
-118.356841909 34.3177064292 0.27270068112
-118.309439315 34.2956784575 0.0231223841669
-118.262061059 34.2736315003 -0.134697625115
-118.214707144 34.2515656021 -0.203777658123
-118.167377573 34.2294808078 -0.210740425191
-118.120072349 34.2073771621 -0.16898962093
-118.072791475 34.1852547097 -0.0545646741656
-118.025534954 34.1631134954 0.0930139451448
-117.978302789 34.140953564 0.20178989783
-117.931094643 34.1187749628 0.254045662573
-117.883911196 34.0965777313 0.18974764383
-117.836752112 34.074361917 0.0712520351616
-117.789617394 34.0521275648 -0.00458393484605
-117.742507042 34.0298747195 -0.0486266864813
-117.695421059 34.0076034258 -0.0946605918813
-117.648359447 33.9853137287 -0.13977691834
-117.601322207 33.9630056729 -0.219404823893
-117.554309341 33.9406793033 -0.307909271421
-117.507320851 33.9183346648 -0.393727953246
-117.460356738 33.8959718023 -0.470760227405
-117.413417002 33.8735907606 -0.532111733543
-117.366501646 33.8511915845 -0.58656460548
-117.319610669 33.8287743191 -0.62713224035
-117.272744074 33.8063390091 -0.650972032812
-117.22590186 33.7838856995 -0.648658795384
-117.179084028 33.7614144352 -0.626307217886
-118.996711678 34.6635549813 -0.0841499147114
-118.948951982 34.6417878529 -0.103885885022
-118.90121663 34.620001103 -0.066329874346
-118.853505626 34.5981947762 0.00778577147846
-118.805818976 34.5763689172 0.0990057890269
-118.758156684 34.5545235705 0.17288981941
-118.710518755 34.5326587808 0.264567117109
-118.662905193 34.5107745928 0.382002673728
-118.615316004 34.4888710511 0.478861234556
-118.56775119 34.4669482004 0.59242413721
-118.520210757 34.4450060854 0.626344178488
-118.472694708 34.4230447508 0.58985573619
-118.425202707 34.4010642453 0.502967750521
-118.377735438 34.3790646055 0.276652997813
-118.330292564 34.3570458804 0.0652172576992
-118.282874089 34.3350081146 -0.0581456177699
-118.235480017 34.3129513529 -0.155659141013
-118.188110349 34.2908756401 -0.210991189518
-118.140765091 34.268781021 -0.22730859364
-118.093444243 34.2466675403 -0.21502315779
-118.046147811 34.224535243 -0.156057688241
-117.998875795 34.2023841737 -0.0862890079097
-117.951628199 34.1802143774 -0.0177857116578
-117.904404686 34.1580259013 0.0222452232197
-117.857205936 34.1358187853 -0.00499509423325
-117.810031613 34.1135930767 -0.0548196368012
-117.762881719 34.0913488204 -0.1002244844
-117.715756256 34.0690860614 -0.132487053305
-117.668655226 34.0468048444 -0.170347862027
-117.62157863 34.0245052145 -0.22822726097
-117.57452647 34.0021872165 -0.293533670517
-117.527498748 33.9798508952 -0.349829621103
-117.480495464 33.9574962957 -0.40622064589
-117.433516621 33.9351234628 -0.441354591257
-117.386562219 33.9127324415 -0.488811098383
-117.339632259 33.8903232767 -0.545615765712
-117.292726743 33.8678960134 -0.586620675272
-117.245845671 33.8454506965 -0.606278503858
-117.198989043 33.822987371 -0.602726829678
-117.152156861 33.8005060818 -0.580205244856
-118.970367076 34.70302311 -0.0858701711903
-118.922590586 34.681246312 -0.09059863754
-118.874838505 34.6594498814 -0.062954243103
-118.827110839 34.6376338629 -0.0162325960758
-118.779407591 34.6157983011 0.042798190931
-118.731728767 34.5939432407 0.101095494087
-118.684074372 34.5720687265 0.179524113874
-118.636444408 34.5501748031 0.25619900748
-118.588838882 34.5282615153 0.337281916471
-118.541257797 34.5063289078 0.425798379624
-118.493701157 34.4843770254 0.455865542637
-118.446168966 34.4624059128 0.44748143253
-118.398660888 34.4404156188 0.342497640338
-118.351177606 34.4184061801 0.134294277609
-118.303718785 34.3963776456 -0.0228281077466
-118.256284427 34.3743300601 -0.108324999408
-118.208874536 34.3522634685 -0.173923114541
-118.161489115 34.3301779156 -0.214698471877
-118.114128167 34.3080734462 -0.234166446416
-118.066791695 34.2859501052 -0.233422154763
-118.019479701 34.2638079374 -0.207012778413
-117.972192189 34.2416469878 -0.176726985252
-117.924929161 34.2194673012 -0.130424831965
-117.87769028 34.1972689249 -0.0937598571012
-117.830476226 34.1750518989 -0.106180775048
-117.783286664 34.1528162707 -0.131961740566
-117.736121594 34.1305620851 -0.150783426198
-117.688981019 34.1082893871 -0.164691362694
-117.641864941 34.0859982216 -0.188383944459
-117.594773361 34.0636886337 -0.237798485196
-117.54770628 34.0413606681 -0.283652455269
-117.500663701 34.01901437 -0.330641281411
-117.453645625 33.9966497843 -0.36502209481
-117.406652052 33.974266956 -0.388578956142
-117.359682983 33.95186593 -0.42707682386
-117.312738421 33.9294467514 -0.476276075684
-117.265818365 33.9070094651 -0.514175539174
-117.218922817 33.8845541163 -0.529203568694
-117.172051776 33.8620807498 -0.526533304468
-117.125205244 33.8395894107 -0.515247450419
-118.943998122 34.7424883935 -0.0720736122367
-118.896204833 34.7207019002 -0.059474866327
-118.848436018 34.6988957632 -0.0344331298406
-118.800691683 34.6770700273 -0.00719471688938
-118.752971832 34.6552247371 0.0348898791997
-118.70527647 34.6333599374 0.0940513361749
-118.657605601 34.611475673 0.14033092403
-118.60995923 34.5895719887 0.1579312225
-118.562337362 34.5676489292 0.194245706413
-118.51474 34.5457065393 0.224673528283
-118.467167148 34.523744864 0.253711662102
-118.41961881 34.5017639479 0.294098404394
-118.372094649 34.4797638397 0.219964620419
-118.324595351 34.4577445766 0.0583637063273
-118.277120577 34.4357062073 -0.0616353001349
-118.229670332 34.4136487767 -0.1297693067
-118.182244618 34.3915723298 -0.176936433567
-118.134843438 34.3694769113 -0.206987144923
-118.087466797 34.3473625662 -0.223424107813
-118.040114696 34.3252293395 -0.222098464134
-117.992787138 34.303077276 -0.21307363902
-117.945484125 34.2809064206 -0.200206394328
-117.898205661 34.2587168184 -0.174892207592
-117.850951409 34.2365085166 -0.152179030691
-117.803722048 34.2142815554 -0.158679377185
-117.756517243 34.1920359822 -0.167144770929
-117.709336994 34.169771842 -0.167632667244
-117.662181304 34.1474891798 -0.154812449101
-117.615050175 34.1251880406 -0.162661547412
-117.567943608 34.1028684694 -0.191553300969
-117.520861604 34.0805305113 -0.22509602021
-117.473804165 34.0581742111 -0.268795299911
-117.426771293 34.0357996141 -0.288359711244
-117.379762988 34.0134067652 -0.303273638303
-117.332779251 33.9909957094 -0.327316104107
-117.285820084 33.9685664919 -0.372482786008
-117.238885487 33.9461191577 -0.413520946491
-117.19197546 33.9236537518 -0.422265772458
-117.145090005 33.9011703193 -0.430807289649
-117.098229122 33.8786689054 -0.437521917942
-118.917604646 34.7819463001 -0.0550837694751
-118.869794553 34.7601500856 -0.027296121625
-118.822009001 34.7383342164 0.000212218923063
-118.774247993 34.7164987372 0.0192731488109
-118.726511536 34.6946436928 0.0482386854903
-118.678799632 34.6727691281 0.0815072770451
-118.631112288 34.6508750877 0.1010243571
-118.583449507 34.6289616167 0.108127237118
-118.535811293 34.6070287598 0.121019254159
-118.488197651 34.5850765619 0.119747979839
-118.440608585 34.5631050679 0.141431337092
-118.393044097 34.5411143226 0.167177905894
-118.345503852 34.5191043748 0.112964775888
-118.297988534 34.4970752616 0.0108737617046
-118.250497806 34.4750270319 -0.0667749762509
-118.203031672 34.4529597307 -0.114147681938
-118.155590133 34.4308734028 -0.145432227232
-118.108173194 34.4087680932 -0.170688951051
-118.060780857 34.386643847 -0.185039045319
-118.013413126 34.364500709 -0.1908735315
-117.966070002 34.3423387242 -0.193320777563
-117.918751488 34.3201579377 -0.193225313137
-117.871457587 34.2979583945 -0.18490070998
-117.824187962 34.2757401418 -0.178432037513
-117.776943294 34.2535032199 -0.178144688801
-117.729723244 34.2312476765 -0.177341752886
-117.682527816 34.2089735563 -0.169559287438
-117.635357011 34.1866809046 -0.155723594407
-117.58821083 34.1643697664 -0.15531370726
-117.541089276 34.1420401867 -0.1609740927
-117.493992349 34.1196922107 -0.177998330901
-117.446920051 34.0973258833 -0.197970257377
-117.399872383 34.0749412498 -0.182775045833
-117.352849346 34.0525383551 -0.146895647617
-117.305850941 34.0301172444 -0.14244353832
-117.25887717 34.0076779629 -0.208018349366
-117.211928032 33.9852205555 -0.259458705906
-117.165003528 33.9627450675 -0.287515642911
-117.118103659 33.940251544 -0.31607258633
-117.071228425 33.9177400302 -0.359580628228
-118.891186687 34.8214013107 -0.0469469613844
-118.843359785 34.7995953494 -0.00236627104568
-118.795557488 34.7777697222 0.0282172860338
-118.747779802 34.7559244741 0.041075568972
-118.700026732 34.7340596498 0.059140564318
-118.652298282 34.7121752942 0.0643249553451
-118.604594456 34.6902714523 0.0804215240994
-118.556915259 34.668348169 0.104065786203
-118.509260695 34.646405489 0.104653676692
-118.461630768 34.6244434575 0.0819232230791
-118.414025481 34.6024621192 0.0770237709427
-118.366444839 34.5804615192 0.0764917135839
-118.318888505 34.5584417061 0.0389661591429
-118.271357163 34.5364027173 -0.012727673864
-118.223850476 34.5143446017 -0.0562288708742
-118.176368447 34.4922674043 -0.0785447564282
-118.12891108 34.47017117 -0.0982797921544
-118.081478377 34.4480559439 -0.120996596849
-118.034070341 34.425921771 -0.135626714424
-117.986686975 34.4037686964 -0.149307963676
-117.939328281 34.381596765 -0.159841430277
-117.891994263 34.3594060219 -0.169841362761
-117.844684922 34.3371965123 -0.174758937545
-117.79739992 34.3149682833 -0.176465028026
-117.75013994 34.2927213756 -0.180103386575
-117.702904644 34.2704558365 -0.179022703738
-117.655694033 34.2481717111 -0.176627683246
-117.60850811 34.2258690446 -0.175165139589
-117.561346875 34.2035478821 -0.166571631238
-117.51421033 34.1812082687 -0.150728054492
-117.467098478 34.1588502496 -0.150176332364
-117.420011318 34.1364738698 -0.148634695143
-117.372948852 34.1140791745 -0.0930197773459
-117.325911081 34.091666209 0.0311728962372
-117.278898007 34.0692350183 0.0468222702627
-117.231909628 34.0467856475 -0.0626700989044
-117.184945948 34.024318142 -0.127627816753
-117.138006965 34.0018325469 -0.167066440098
-117.09109268 33.9793289073 -0.21842675769
-117.044203094 33.9568072685 -0.306772763037
-118.864744076 34.8608488937 -0.0607738056732
-118.816900359 34.8390331595 -0.021766732395
-118.769081315 34.8171977485 0.00616915989748
-118.721286948 34.7953427055 0.0304779181205
-118.673517262 34.7734680755 0.0544601148016
-118.625772261 34.7515739034 0.0725981580999
-118.578051951 34.7296602341 0.100748075256
-118.530356336 34.7077271126 0.120239791592
-118.482685419 34.6857745839 0.113289628459
-118.435039204 34.6638026929 0.0799534964038
-118.387417695 34.6418114847 0.0576308605878
-118.339820897 34.6198010042 0.0344872780153
-118.292248471 34.5977713002 0.00429487885886
-118.244701103 34.5757224102 -0.0265387366587
-118.197178455 34.553654383 -0.049108882491
-118.14968053 34.5315672638 -0.0584495512078
-118.102207332 34.5094610975 -0.071013594666
-118.054758864 34.4873359293 -0.0831404705604
-118.007335127 34.4651918042 -0.0944214084179
-117.959936125 34.4430287674 -0.108079601136
-117.912561861 34.4208468638 -0.122309470618
-117.865212336 34.3986461387 -0.141138456244
-117.817887554 34.3764266372 -0.155394558846
-117.770587175 34.3541884066 -0.169213145499
-117.723311883 34.3319314875 -0.183931258637
-117.67606134 34.3096559274 -0.197932211019
-117.628835546 34.2873617714 -0.205142255051
-117.581634503 34.2650490648 -0.199164175565
-117.534458214 34.2427178527 -0.186145814148
-117.48730668 34.2203681803 -0.173150980213
-117.440179901 34.1980000928 -0.170647532276
-117.39307788 34.1756136353 -0.154782681021
-117.346000616 34.1532088531 -0.091432896135
-117.298948112 34.1307857915 0.0117897268684
-117.251920368 34.1083444955 0.00508784671853
-117.204917384 34.0858850105 -0.0639774546379
-117.157939161 34.0634073816 -0.115956223009
-117.1109857 34.0409116542 -0.148971817989
-117.064057001 34.0183978735 -0.210919141619
-117.017153064 33.9958660847 -0.301046747214
-118.838276848 34.9002935298 -0.0995694134006
-118.790416312 34.8784679971 -0.0765943138336
-118.742580514 34.8566227765 -0.0498400871946
-118.694769459 34.8347579129 -0.00929226235397
-118.646983151 34.8128734514 0.0315332488057
-118.599221595 34.790969437 0.0784754889872
-118.551484795 34.7690459146 0.114759806396
-118.503772756 34.7471029293 0.129724860194
-118.45608548 34.7251405261 0.120235342513
-118.408422972 34.7031587501 0.0812687879423
-118.360785237 34.6811576463 0.0469533007297
-118.313172277 34.6591372598 0.0092136531645
-118.265583754 34.6370976392 -0.0166448475854
-118.218020356 34.6150388223 -0.0374301182215
-118.170481742 34.5929608581 -0.0476779039995
-118.122967918 34.5708637915 -0.0525953425571
-118.075478885 34.5487476677 -0.0614115090181
-118.028014646 34.5266125319 -0.0633823640597
-117.980575205 34.5044584291 -0.0724212904368
-117.933160564 34.4822854046 -0.0830842562066
-117.885770725 34.4600935035 -0.0996847923773
-117.838405691 34.437882771 -0.125185204432
-117.791065463 34.4156532522 -0.145176525057
-117.743749705 34.3934049944 -0.169567871768
-117.696459098 34.3711380386 -0.195744705321
-117.649193303 34.3488524322 -0.232456353075
-117.601952323 34.3265482203 -0.242326687641
-117.55473616 34.3042254483 -0.223423686451
-117.507544813 34.2818841613 -0.215350995322
-117.460378286 34.2595244045 -0.221355475398
-117.413236579 34.2371462234 -0.22471013809
-117.366119694 34.214749663 -0.21558140973
-117.319027631 34.1923347687 -0.181969452977
-117.271960391 34.1699015857 -0.149279560415
-117.224917975 34.1474501593 -0.152326933414
-117.177900383 34.1249805349 -0.16876297321
-117.130907617 34.1024927576 -0.192815448771
-117.083939676 34.0799868728 -0.209548224873
-117.036996561 34.0574629258 -0.260093478378
-116.990078272 34.0349209619 -0.338353432894
-118.811784836 34.9397306873 -0.15450269282
-118.763907477 34.91789533 -0.152550058357
-118.716054922 34.8960402738 -0.135358986608
-118.668227177 34.8741655638 -0.0929637568402
-118.620424244 34.8522712449 -0.0464473394521
-118.57264613 34.8303573623 0.00967588412838
-118.524892837 34.808423961 0.0468087143934
-118.47716437 34.7864710861 0.0709851469641
-118.429460734 34.7644987826 0.0626684703872
-118.381781931 34.7425070958 0.0331754573195
-118.334127966 34.7204960706 -0.00101082788319
-118.286498842 34.6984657523 -0.029121240153
-118.238894222 34.6764161894 -0.0413897631728
-118.19131479 34.6543474201 -0.0397525365345
-118.14376021 34.632259493 -0.0398762516302
-118.096230483 34.6101524535 -0.0543285470892
-118.048725614 34.5880263465 -0.0717924536545
-118.001245604 34.5658812175 -0.0843380343966
-117.953790457 34.5437171115 -0.102139103893
-117.906360175 34.5215340737 -0.115912089482
-117.858954761 34.4993321495 -0.135954764937
-117.811574216 34.477111384 -0.152605366895
-117.764218543 34.4548718224 -0.170783376114
-117.716887404 34.4326135121 -0.191119236037
-117.66958148 34.4103364941 -0.217861213808
-117.622300435 34.3880408159 -0.248651098846
-117.575044269 34.3657265227 -0.255302321441
-117.527812983 34.3433936598 -0.248232662343
-117.48060658 34.3210422726 -0.25211289395
-117.43342506 34.2986724062 -0.267187266114
-117.386268425 34.2762841061 -0.279921931003
-117.339136676 34.2538774175 -0.289026676436
-117.292029813 34.2314523858 -0.285246364838
-117.244947838 34.2090090563 -0.284596016409
-117.197890751 34.1865474743 -0.285481747821
-117.150858553 34.1640676852 -0.289131043608
-117.103851244 34.1415697343 -0.302019491863
-117.056868824 34.119053667 -0.319701948947
-117.009911294 34.0965195286 -0.360205598786
-116.962978654 34.0739673645 -0.403563353041
-118.785268074 34.979164847 -0.212429843794
-118.737373886 34.9573196393 -0.237067749176
-118.689504569 34.9354547218 -0.229845607218
-118.641660126 34.9135701395 -0.192993475015
-118.593840564 34.8916659375 -0.147652726101
-118.546045885 34.8697421609 -0.0963892410679
-118.498276094 34.8477988549 -0.0552299588869
-118.450531195 34.8258360646 -0.0223664827323
-118.402811193 34.8038538352 -0.0209395236851
-118.35511609 34.7818522118 -0.0419600676462
-118.30744589 34.7598312396 -0.0637392042511
-118.259800598 34.7377909638 -0.076088676358
-118.212179874 34.7157314331 -0.0690865306553
-118.164584406 34.6936526856 -0.0364980320442
-118.117013854 34.6715547702 -0.035310317865
-118.069468221 34.649437732 -0.0704372783955
-118.021947511 34.6273016164 -0.101350377494
-117.974451727 34.6051464685 -0.133374197506
-117.92698087 34.5829723337 -0.159669228657
-117.879534944 34.5607792573 -0.182324349415
-117.83211395 34.5385672844 -0.198214659799
-117.784717891 34.5163364604 -0.202115326028
-117.737346769 34.4940868306 -0.211506117717
-117.690000246 34.4718184423 -0.221980775831
-117.642679004 34.4495313368 -0.239016994439
-117.595382704 34.4272255614 -0.253979594645
-117.548111349 34.4049011615 -0.263636781597
-117.500864939 34.3825581825 -0.273878343438
-117.453643476 34.3601966696 -0.287695540158
-117.406446961 34.3378166683 -0.307521546201
-117.359275396 34.315418224 -0.330395028082
-117.31212878 34.2930013819 -0.356963671982
-117.265007116 34.2705661876 -0.372726061952
-117.217910404 34.2481126863 -0.384152078274
-117.170838644 34.2256409235 -0.39133983787
-117.123791837 34.2031509445 -0.396712329029
-117.076769984 34.1806427948 -0.413654095861
-117.029773084 34.1581165198 -0.445935244005
-116.982801138 34.135572165 -0.469318485432
-116.935854145 34.1130097756 -0.469700932464
-118.758726398 35.0185914768 -0.255578187595
-118.710815377 34.9967363928 -0.280054261567
-118.662929294 34.9748615879 -0.273777303532
-118.615068152 34.9529671074 -0.247484625967
-118.567231955 34.9310529963 -0.207163581341
-118.51942071 34.9091192999 -0.165341928848
-118.471634418 34.8871660633 -0.125380161268
-118.423873085 34.8651933318 -0.0964161380069
-118.376136713 34.8432011505 -0.0891931877661
-118.328425308 34.8211895648 -0.09847866302
-118.280738872 34.7991586198 -0.106103478345
-118.233077409 34.7771083608 -0.106686060215
-118.18544058 34.7550388363 -0.0894516702767
-118.137829073 34.732950085 -0.0624275779226
-118.090242548 34.7108421554 -0.0686739723265
-118.042681008 34.688715093 -0.100954910128
-117.995144456 34.666568943 -0.135114626842
-117.947632895 34.6444037507 -0.170751415097
-117.900146327 34.6222195615 -0.198453109698
-117.852684755 34.6000164207 -0.222451173648
-117.805248181 34.5777943737 -0.233650702074
-117.757836608 34.5555534657 -0.237665415169
-117.710450036 34.5332937422 -0.242835088062
-117.663088128 34.5110152503 -0.249928002668
-117.615751567 34.4887180317 -0.261018933536
-117.568440013 34.4664021337 -0.27183922584
-117.521153468 34.4440676016 -0.285413787466
-117.473891934 34.421714481 -0.302035400629
-117.426655411 34.3993428172 -0.321702643634
-117.379443902 34.3769526556 -0.345611175736
-117.332257406 34.3545440417 -0.373913472153
-117.285095925 34.3321170208 -0.405212852416
-117.23795946 34.3096716385 -0.427273004289
-117.190848011 34.2872079402 -0.445590265847
-117.14376158 34.2647259713 -0.456533447883
-117.096700165 34.2422257772 -0.468579698131
-117.049663768 34.2197074036 -0.487283287603
-117.002652389 34.1971708957 -0.514883547726
-116.955666028 34.1746162992 -0.521771560886
-116.908704685 34.1520436595 -0.514586980168
